data/fr25/fr25001.cnv
* Sea-Bird SBE 9 Data File:
* FileName = C:\SEASOFT\PIRATA-FR25\data\fr25001.hex
* Software Version Seasave V 7.23.2
* Temperature SN = 5196
* Conductivity SN = 4355
* Number of Bytes Per Scan = 37
* Number of Voltage Words = 4
* Number of Scans Averaged by the Deck Unit = 1
* NMEA Latitude = 05 59.88 N
* NMEA Longitude = 015 10.45 W
* NMEA UTC (Time) = Mar 21 2015 13:33:45
** Cruise: PIRATA-FR25
** Ship: THALASSA
** Station: 1
** Bottom Depth: 4883
** Pressure frequency switch pos 2: 33636.7
** Operator: JH/AF
** Comments:
# nquan = 24                                
# nvalues = 4041                        
# units = specified
# name 0 = scan: Scan Count
# name 1 = timeJ: Julian Days
# name 2 = prDM: Pressure, Digiquartz [db]
# name 3 = depSM: Depth [salt water, m]
# name 4 = t090C: Temperature [ITS-90, deg C]
# name 5 = t190C: Temperature, 2 [ITS-90, deg C]
# name 6 = c0S/m: Conductivity [S/m]
# name 7 = c1S/m: Conductivity, 2 [S/m]
# name 8 = sbeox0V: Oxygen raw, SBE 43 [V]
# name 9 = sbeox1V: Oxygen raw, SBE 43, 2 [V]
# name 10 = sbeox1dOV/dT: Oxygen, SBE 43, 2 [dov/dt]
# name 11 = sbeox0dOV/dT: Oxygen, SBE 43 [dov/dt]
# name 12 = flECO-AFL: Fluorescence, WET Labs ECO-AFL/FL [mg/m^3]
# name 13 = CStarTr0: Beam Transmission, WET Labs C-Star [%]
# name 14 = sbeox0Mm/Kg: Oxygen, SBE 43 [umol/kg], WS = 2
# name 15 = sbeox1Mm/Kg: Oxygen, SBE 43, 2 [umol/kg], WS = 2
# name 16 = nbin: number of scans per bin
# name 17 = sal00: Salinity, Practical [PSU]
# name 18 = sal11: Salinity, Practical, 2 [PSU]
# name 19 = sigma-é00: Density [sigma-theta, kg/m^3]
# name 20 = sigma-é11: Density, 2 [sigma-theta, kg/m^3]
# name 21 = svCM: Sound Velocity [Chen-Millero, m/s]
# name 22 = svCM1: Sound Velocity, 2 [Chen-Millero, m/s]
# name 23 = flag: flag
# span 0 =        -19,     167369       
# span 1 =  80.565094,  80.645821       
# span 2 =      2.000,   2022.000       
# span 3 =      1.989,   2001.104       
# span 4 =     3.5059,    27.8148       
# span 5 =     3.5063,    27.8042       
# span 6 =   3.293951,   5.665792       
# span 7 =   3.294044,   5.665027       
# span 8 =     0.9643,     2.9085       
# span 9 =     1.0076,     3.0770       
# span 10 =   -0.08897,    0.05603      
# span 11 =   -0.08023,    0.03449      
# span 12 =     0.5102,     1.8208      
# span 13 =   100.1091,   103.1080      
# span 14 =     51.897,    223.515      
# span 15 =     52.288,    228.228      
# span 16 =          0,         75      
# span 17 =    34.6515,    35.7361      
# span 18 =    34.6519,    35.7490      
# span 19 =    22.7866,    27.8092      
# span 20 =    22.7921,    27.8093      
# span 21 =    1486.87,    1541.42      
# span 22 =    1486.87,    1541.40      
# span 23 = 0.0000e+00, 0.0000e+00      
# interval = decibars: 1                
# start_time = Mar 21 2015 13:33:45 [System UTC, header]
# bad_flag = -9.990e-29
*END*
[from data line 3080]
     115736  80.620918    962.000    954.448     5.2683     5.2676   3.386054   3.386096     1.3492     1.4136   -0.00102   -0.00114     0.5437   103.0227    119.692    120.331         18    34.6941    34.6953    27.4109    27.4120    1487.27    1487.27 0.0000e+00
     115754  80.620926    961.000    953.458     5.2747     5.2746   3.386629   3.386727     1.3491     1.4127   -0.00102   -0.00160     0.5437   103.0170    119.463    120.021         18    34.6945    34.6957    27.4105    27.4115    1487.28    1487.28 0.0000e+00
     115773  80.620934    960.000    952.468     5.2864     5.2853   3.387690   3.387731     1.3478     1.4114   -0.00084   -0.00149     0.5437   103.0180    118.787    119.767         21    34.6951    34.6967    27.4096    27.4110    1487.31    1487.31 0.0000e+00
     115795  80.620949    959.000    951.479     5.2967     5.2963   3.388633   3.388707     1.3460     1.4102   -0.00089   -0.00085     0.5437   103.0131    118.515    119.416         25    34.6958    34.6970    27.4089    27.4099    1487.33    1487.33 0.0000e+00
     115823  80.620956    958.000    950.489     5.3064     5.3056   3.389461   3.389504     1.3441     1.4080   -0.00137   -0.00077     0.5437   103.0142    118.202    118.639         29    34.6957    34.6970    27.4077    27.4088    1487.36    1487.36 0.0000e+00
     115852  80.620972    957.000    949.499     5.3117     5.3110   3.389840   3.389864     1.3415     1.4047   -0.00149   -0.00195     0.5437   103.0192    117.591    118.031         28    34.6951    34.6961    27.4066    27.4074    1487.36    1487.36 0.0000e+00
     115879  80.620987    956.000    948.509     5.3090     5.3089   3.389293   3.389399     1.3390     1.4024   -0.00181   -0.00162     0.5437   103.0208    117.212    118.074         25    34.6921    34.6935    27.4045    27.4056    1487.33    1487.33 0.0000e+00
     115902  80.620995    955.000    947.519     5.3168     5.3153   3.389924   3.389905     1.3366     1.4006   -0.00247   -0.00192     0.5437   103.0112    116.906    117.920         23    34.6918    34.6931    27.4034    27.4046    1487.34    1487.34 0.0000e+00
     115924  80.621010    954.000    946.529     5.3222     5.3214   3.390357   3.390378     1.3351     1.3990   -0.00252   -0.00232     0.5437   103.0205    116.776    117.741         20    34.6916    34.6927    27.4026    27.4035    1487.35    1487.35 0.0000e+00
     115944  80.621017    953.000    945.539     5.3241     5.3236   3.390480   3.390510     1.3334     1.3979   -0.00205   -0.00228     0.5437   103.0198    116.637    117.638         21    34.6916    34.6925    27.4023    27.4031    1487.34    1487.34 0.0000e+00
     115966  80.621025    952.000    944.549     5.3267     5.3260   3.390674   3.390707     1.3321     1.3963   -0.00172   -0.00230     0.5437   103.0149    116.537    117.398         22    34.6917    34.6928    27.4020    27.4030    1487.33    1487.33 0.0000e+00
     115989  80.621040    951.000    943.559     5.3303     5.3299   3.390954   3.391023     1.3310     1.3950   -0.00173   -0.00191     0.5437   103.0182    116.460    117.534         25    34.6917    34.6928    27.4016    27.4026    1487.33    1487.33 0.0000e+00
     116015  80.621056    950.000    942.569     5.3328     5.3323   3.391123   3.391171     1.3299     1.3940   -0.00156   -0.00161     0.5437   103.0107    116.369    117.390         27    34.6915    34.6925    27.4012    27.4020    1487.33    1487.33 0.0000e+00
     116042  80.621063    949.000    941.579     5.3346     5.3339   3.391216   3.391253     1.3291     1.3928   -0.00145   -0.00130     0.5437   103.0160    116.427    117.207         26    34.6912    34.6923    27.4007    27.4017    1487.32    1487.31 0.0000e+00
     116067  80.621078    948.000    940.589     5.3364     5.3361   3.391307   3.391388     1.3288     1.3918   -0.00102   -0.00107     0.5437   103.0156    116.531    117.064         24    34.6909    34.6921    27.4003    27.4012    1487.31    1487.31 0.0000e+00
     116090  80.621086    947.000    939.600     5.3315     5.3322   3.390665   3.390820     1.3287     1.3909   -0.00104   -0.00085     0.5437   103.0160    116.512    117.155         24    34.6891    34.6901    27.3994    27.4001    1487.27    1487.27 0.0000e+00
     116115  80.621101    946.000    938.610     5.3225     5.3236   3.389485   3.389683     1.3288     1.3904   -0.00103   -0.00046     0.5437   103.0090    116.670    117.720         25    34.6854    34.6865    27.3975    27.3983    1487.21    1487.22 0.0000e+00
     116139  80.621109    945.000    937.620     5.3231     5.3227   3.389464   3.389524     1.3292     1.3910   -0.00100   -0.00009     0.5437   103.0157    116.838    118.010         24    34.6850    34.6861    27.3971    27.3980    1487.20    1487.20 0.0000e+00
     116162  80.621124    944.000    936.630     5.3247     5.3241   3.389547   3.389590     1.3296     1.3916   -0.00072   -0.00011     0.5437   103.0122    116.796    118.076         21    34.6848    34.6859    27.3968    27.3977    1487.19    1487.18 0.0000e+00
     116182  80.621132    943.000    935.640     5.3271     5.3268   3.389709   3.389773     1.3298     1.3919    0.00005    0.00011     0.5437   103.0190    116.579    117.921         20    34.6847    34.6857    27.3964    27.3972    1487.18    1487.18 0.0000e+00
     116203  80.621140    942.000    934.650     5.3306     5.3298   3.389992   3.390003     1.3294     1.3922    0.00054    0.00049     0.5437   103.0113    116.587    117.664         22    34.6848    34.6857    27.3960    27.3969    1487.18    1487.17 0.0000e+00
     116227  80.621155    941.000    933.660     5.3395     5.3375   3.390737   3.390677     1.3296     1.3916    0.00054    0.00041     0.5437   103.0140    116.442    117.210         25    34.6846    34.6860    27.3948    27.3962    1487.20    1487.19 0.0000e+00
     116253  80.621170    940.000    932.670     5.3454     5.3438   3.391196   3.391145     1.3289     1.3910    0.00031   -0.00014     0.5437   103.0162    116.006    117.097         27    34.6843    34.6854    27.3939    27.3949    1487.20    1487.20 0.0000e+00
     116280  80.621178    939.000    931.680     5.3487     5.3478   3.391443   3.391462     1.3274     1.3900   -0.00023    0.00002     0.5437   103.0172    115.772    116.670         26    34.6843    34.6854    27.3934    27.3945    1487.20    1487.20 0.0000e+00
     116304  80.621193    938.000    930.690     5.3532     5.3520   3.391840   3.391821     1.3267     1.3892   -0.00063   -0.00043     0.5437   103.0147    115.782    116.579         23    34.6846    34.6857    27.3932    27.3941    1487.20    1487.20 0.0000e+00
     116327  80.621201    937.000    929.700     5.3588     5.3581   3.392307   3.392332     1.3262     1.3881   -0.00063   -0.00106     0.5437   103.0209    115.497    116.140         23    34.6847    34.6857    27.3926    27.3934    1487.21    1487.21 0.0000e+00
     116349  80.621216    936.000    928.710     5.3597     5.3594   3.392339   3.392412     1.3246     1.3867   -0.00099   -0.00103     0.5437   103.0113    115.171    116.003         22    34.6846    34.6857    27.3924    27.3933    1487.19    1487.19 0.0000e+00
     116372  80.621223    935.000    927.720     5.3617     5.3610   3.392523   3.392556     1.3237     1.3859   -0.00089   -0.00069     0.5437   103.0186    115.156    116.144         23    34.6851    34.6862    27.3925    27.3935    1487.19    1487.18 0.0000e+00
     116395  80.621239    934.000    926.730     5.3711     5.3691   3.393388   3.393335     1.3228     1.3851   -0.00124   -0.00096     0.5437   102.9987    114.972    115.908         23    34.6859    34.6873    27.3920    27.3934    1487.21    1487.20 0.0000e+00
     116418  80.621246    933.000    925.740     5.3808     5.3796   3.394281   3.394271     1.3216     1.3841   -0.00129   -0.00132     0.5437   103.0092    114.545    115.558         23    34.6865    34.6877    27.3914    27.3924    1487.23    1487.23 0.0000e+00
     116443  80.621262    932.000    924.750     5.3887     5.3865   3.394957   3.394872     1.3199     1.3828   -0.00084   -0.00101     0.5437   103.0155    114.229    115.236         27    34.6866    34.6879    27.3905    27.3918    1487.25    1487.24 0.0000e+00
     116471  80.621269    931.000    923.760     5.3926     5.3916   3.395273   3.395291     1.3182     1.3809   -0.00096   -0.00112     0.5437   103.0178    114.031    114.806         30    34.6867    34.6879    27.3901    27.3912    1487.25    1487.24 0.0000e+00
     116500  80.621284    930.000    922.770     5.3985     5.3966   3.395757   3.395690     1.3165     1.3792   -0.00127   -0.00162     0.5437   103.0088    113.876    114.710         26    34.6866    34.6878    27.3893    27.3904    1487.25    1487.25 0.0000e+00
     116523  80.621300    929.000    921.780     5.4050     5.4039   3.396317   3.396313     1.3155     1.3780   -0.00146   -0.00153     0.5437   103.0004    113.604    114.375         21    34.6868    34.6879    27.3887    27.3897    1487.26    1487.26 0.0000e+00
     116543  80.621307    928.000    920.790     5.4091     5.4086   3.396654   3.396704     1.3141     1.3765   -0.00160   -0.00141     0.5437   103.0069    113.296    114.168         18    34.6870    34.6881    27.3883    27.3892    1487.26    1487.26 0.0000e+00
     116561  80.621315    927.000    919.800     5.4129     5.4124   3.396903   3.396955     1.3129     1.3756   -0.00142   -0.00128     0.5437   103.0094    113.156    113.979         18    34.6864    34.6875    27.3874    27.3883    1487.26    1487.26 0.0000e+00
     116579  80.621323    926.000    918.810     5.4165     5.4158   3.397163   3.397206     1.3119     1.3742   -0.00134   -0.00119     0.5437   103.0149    113.125    113.697         19    34.6861    34.6874    27.3867    27.3878    1487.26    1487.26 0.0000e+00
     116599  80.621330    925.000    917.820     5.4232     5.4229   3.397697   3.397775     1.3111     1.3730   -0.00153   -0.00144     0.5437   103.0106    112.785    113.497         21    34.6858    34.6870    27.3857    27.3867    1487.27    1487.27 0.0000e+00
     116624  80.621346    924.000    916.830     5.4291     5.4282   3.398190   3.398216     1.3089     1.3711   -0.00152   -0.00154     0.5437   103.0023    112.257    113.156         29    34.6859    34.6871    27.3850    27.3861    1487.28    1487.27 0.0000e+00
     116659  80.621361    923.000    915.840     5.4385     5.4343   3.399047   3.398759     1.3063     1.3688   -0.00166   -0.00134     0.5437   103.0137    112.118    113.141         40    34.6864    34.6875    27.3843    27.3856    1487.30    1487.28 0.0000e+00
     116694  80.621376    922.000    914.849     5.4465     5.4450   3.399742   3.399700     1.3048     1.3672   -0.00176   -0.00209     0.5437   103.0189    112.084    112.863         28    34.6866    34.6877    27.3835    27.3845    1487.32    1487.31 0.0000e+00
     116717  80.621391    921.000    913.859     5.4485     5.4484   3.399861   3.399927     1.3040     1.3659   -0.00151   -0.00170     0.5437   102.9993    112.030    112.712         21    34.6865    34.6874    27.3831    27.3839    1487.31    1487.31 0.0000e+00
     116737  80.621399    920.000    912.869     5.4515     5.4507   3.400056   3.400078     1.3033     1.3650   -0.00112   -0.00123     0.5437   103.0118    111.741    112.694         19    34.6861    34.6872    27.3825    27.3834    1487.30    1487.30 0.0000e+00
     116755  80.621407    919.000    911.879     5.4540     5.4538   3.400172   3.400256     1.3023     1.3642   -0.00122   -0.00096     0.5437   103.0114    111.457    112.273         18    34.6854    34.6865    27.3816    27.3825    1487.29    1487.29 0.0000e+00
     116774  80.621422    918.000    910.889     5.4580     5.4577   3.400412   3.400493     1.3012     1.3628   -0.00132   -0.00087     0.5437   103.0166    111.426    112.007         20    34.6845    34.6857    27.3804    27.3814    1487.29    1487.29 0.0000e+00
     116795  80.621429    917.000    909.899     5.4602     5.4598   3.400477   3.400544     1.3006     1.3616   -0.00110   -0.00079     0.5437   103.0107    111.501    112.042         21    34.6835    34.6846    27.3793    27.3803    1487.28    1487.28 0.0000e+00
     116818  80.621437    916.000    908.909     5.4619     5.4613   3.400575   3.400621     1.3000     1.3605   -0.00124   -0.00130     0.5437   103.0226    111.453    111.841         26    34.6833    34.6844    27.3790    27.3799    1487.27    1487.27 0.0000e+00
     116845  80.621452    915.000    907.919     5.4649     5.4644   3.400805   3.400859     1.2996     1.3593   -0.00152   -0.00104     0.5437   103.0113    111.393    112.062         27    34.6833    34.6845    27.3786    27.3796    1487.27    1487.27 0.0000e+00
     116871  80.621468    914.000    906.929     5.4656     5.4652   3.400833   3.400884     1.2989     1.3588   -0.00122   -0.00062     0.5437   103.0159    110.994    111.974         25    34.6834    34.6844    27.3786    27.3794    1487.26    1487.26 0.0000e+00
     116895  80.621475    913.000    905.939     5.4641     5.4643   3.400542   3.400647     1.2975     1.3579   -0.00122   -0.00045     0.5437   103.0048    110.919    111.905         24    34.6821    34.6832    27.3777    27.3785    1487.23    1487.23 0.0000e+00
     116919  80.621490    912.000    904.949     5.4610     5.4609   3.399965   3.400068     1.2972     1.3577   -0.00059   -0.00049     0.5437   102.9988    111.112    112.311         23    34.6793    34.6805    27.3758    27.3769    1487.20    1487.20 0.0000e+00
     116943  80.621498    911.000    903.959     5.4630     5.4625   3.400090   3.400146     1.2971     1.3580   -0.00067   -0.00109     0.5437   103.0110    111.223    112.578         25    34.6791    34.6803    27.3754    27.3764    1487.19    1487.19 0.0000e+00
     116968  80.621513    910.000    902.969     5.4690     5.4676   3.400645   3.400614     1.2970     1.3585   -0.00053   -0.00077     0.5437   103.0099    110.928    112.211         26    34.6798    34.6808    27.3753    27.3763    1487.20    1487.19 0.0000e+00
     116994  80.621521    909.000    901.978     5.4747     5.4735   3.401172   3.401163     1.2963     1.3577    0.00013   -0.00020     0.5437   103.0054    110.629    111.847         26    34.6804    34.6815    27.3750    27.3760    1487.21    1487.20 0.0000e+00
     117020  80.621536    908.000    900.988     5.4798     5.4786   3.401548   3.401564     1.2951     1.3574    0.00047    0.00007     0.5437   103.0005    110.422    111.716         25    34.6799    34.6813    27.3741    27.3753    1487.21    1487.21 0.0000e+00
     117043  80.621552    907.000    899.998     5.4835     5.4828   3.401848   3.401875     1.2945     1.3565   -0.00029   -0.00061     0.5437   103.0083    110.516    111.320         22    34.6800    34.6811    27.3737    27.3746    1487.21    1487.21 0.0000e+00
     117064  80.621559    906.000    899.008     5.4896     5.4891   3.402418   3.402468     1.2941     1.3557   -0.00054   -0.00087     0.5437   103.0075    110.174    111.143         20    34.6807    34.6818    27.3735    27.3744    1487.22    1487.22 0.0000e+00
     117084  80.621567    905.000    898.018     5.4999     5.4977   3.403381   3.403274     1.2928     1.3548   -0.00044   -0.00100     0.5437   103.0015    109.992    110.918         20    34.6816    34.6827    27.3730    27.3741    1487.24    1487.23 0.0000e+00
     117105  80.621574    904.000    897.028     5.5077     5.5066   3.404060   3.404088     1.2925     1.3539   -0.00087   -0.00056     0.5437   103.0090    109.965    110.790         21    34.6818    34.6833    27.3721    27.3734    1487.26    1487.25 0.0000e+00
