data/fr25/fr25001.cnv
* Sea-Bird SBE 9 Data File:
* FileName = C:\SEASOFT\PIRATA-FR25\data\fr25001.hex
* Software Version Seasave V 7.23.2
* Temperature SN = 5196
* Conductivity SN = 4355
* Number of Bytes Per Scan = 37
* Number of Voltage Words = 4
* Number of Scans Averaged by the Deck Unit = 1
* NMEA Latitude = 05 59.88 N
* NMEA Longitude = 015 10.45 W
* NMEA UTC (Time) = Mar 21 2015 13:33:45
** Cruise: PIRATA-FR25
** Ship: THALASSA
** Station: 1
** Bottom Depth: 4883
** Pressure frequency switch pos 2: 33636.7
** Operator: JH/AF
** Comments:
# nquan = 24                                
# nvalues = 4041                        
# units = specified
# name 0 = scan: Scan Count
# name 1 = timeJ: Julian Days
# name 2 = prDM: Pressure, Digiquartz [db]
# name 3 = depSM: Depth [salt water, m]
# name 4 = t090C: Temperature [ITS-90, deg C]
# name 5 = t190C: Temperature, 2 [ITS-90, deg C]
# name 6 = c0S/m: Conductivity [S/m]
# name 7 = c1S/m: Conductivity, 2 [S/m]
# name 8 = sbeox0V: Oxygen raw, SBE 43 [V]
# name 9 = sbeox1V: Oxygen raw, SBE 43, 2 [V]
# name 10 = sbeox1dOV/dT: Oxygen, SBE 43, 2 [dov/dt]
# name 11 = sbeox0dOV/dT: Oxygen, SBE 43 [dov/dt]
# name 12 = flECO-AFL: Fluorescence, WET Labs ECO-AFL/FL [mg/m^3]
# name 13 = CStarTr0: Beam Transmission, WET Labs C-Star [%]
# name 14 = sbeox0Mm/Kg: Oxygen, SBE 43 [umol/kg], WS = 2
# name 15 = sbeox1Mm/Kg: Oxygen, SBE 43, 2 [umol/kg], WS = 2
# name 16 = nbin: number of scans per bin
# name 17 = sal00: Salinity, Practical [PSU]
# name 18 = sal11: Salinity, Practical, 2 [PSU]
# name 19 = sigma-é00: Density [sigma-theta, kg/m^3]
# name 20 = sigma-é11: Density, 2 [sigma-theta, kg/m^3]
# name 21 = svCM: Sound Velocity [Chen-Millero, m/s]
# name 22 = svCM1: Sound Velocity, 2 [Chen-Millero, m/s]
# name 23 = flag: flag
# span 0 =        -19,     167369       
# span 1 =  80.565094,  80.645821       
# span 2 =      2.000,   2022.000       
# span 3 =      1.989,   2001.104       
# span 4 =     3.5059,    27.8148       
# span 5 =     3.5063,    27.8042       
# span 6 =   3.293951,   5.665792       
# span 7 =   3.294044,   5.665027       
# span 8 =     0.9643,     2.9085       
# span 9 =     1.0076,     3.0770       
# span 10 =   -0.08897,    0.05603      
# span 11 =   -0.08023,    0.03449      
# span 12 =     0.5102,     1.8208      
# span 13 =   100.1091,   103.1080      
# span 14 =     51.897,    223.515      
# span 15 =     52.288,    228.228      
# span 16 =          0,         75      
# span 17 =    34.6515,    35.7361      
# span 18 =    34.6519,    35.7490      
# span 19 =    22.7866,    27.8092      
# span 20 =    22.7921,    27.8093      
# span 21 =    1486.87,    1541.42      
# span 22 =    1486.87,    1541.40      
# span 23 = 0.0000e+00, 0.0000e+00      
# interval = decibars: 1                
# start_time = Mar 21 2015 13:33:45 [System UTC, header]
# bad_flag = -9.990e-29
*END*
[from data line 1148]
      49359  80.588905   1150.000   1140.461     4.7461     4.7466   3.354520   3.354559     1.5164     1.5884    0.00134    0.00023     0.5169   102.9960    149.630    151.068         24    34.7786    34.7786    27.5396    27.5396    1488.37    1488.37 0.0000e+00
      49382  80.588921   1151.000   1141.450     4.7455     4.7460   3.354541   3.354593     1.5174     1.5894    0.00095    0.00070     0.5251   102.9960    149.767    151.299         23    34.7789    34.7791    27.5400    27.5400    1488.38    1488.38 0.0000e+00
      49404  80.588928   1152.000   1142.439     4.7450     4.7455   3.354559   3.354601     1.5180     1.5901    0.00082    0.00115     0.5456   103.0038    149.611    151.202         22    34.7792    34.7792    27.5402    27.5402    1488.40    1488.40 0.0000e+00
      49427  80.588943   1153.000   1143.428     4.7439     4.7444   3.354542   3.354586     1.5181     1.5907    0.00087    0.00103     0.5241   102.9984    149.559    151.099         24    34.7797    34.7797    27.5408    27.5407    1488.41    1488.41 0.0000e+00
      49453  80.588951   1154.000   1144.417     4.7415     4.7420   3.354433   3.354469     1.5185     1.5908    0.00094    0.00094     0.5455   103.0059    149.935    150.974         27    34.7804    34.7803    27.5416    27.5414    1488.42    1488.42 0.0000e+00
      49482  80.588966   1155.000   1145.406     4.7394     4.7399   3.354313   3.354347     1.5200     1.5914    0.00061    0.00028     0.5333   102.9998    150.258    151.492         32    34.7807    34.7806    27.5421    27.5420    1488.42    1488.43 0.0000e+00
      49513  80.588982   1156.000   1146.395     4.7369     4.7373   3.354255   3.354290     1.5210     1.5925    0.00017    0.00046     0.5403   103.0062    150.586    151.904         28    34.7822    34.7821    27.5436    27.5434    1488.43    1488.43 0.0000e+00
      49539  80.588997   1157.000   1147.384     4.7336     4.7341   3.354214   3.354254     1.5227     1.5936    0.00048    0.00105     0.5437   103.0045    150.883    152.145         25    34.7846    34.7845    27.5459    27.5457    1488.44    1488.44 0.0000e+00
      49565  80.589005   1158.000   1148.373     4.7320     4.7325   3.354213   3.354257     1.5237     1.5950    0.00082    0.00091     0.5437   103.0077    150.744    152.601         26    34.7857    34.7858    27.5469    27.5469    1488.45    1488.45 0.0000e+00
      49591  80.589020   1159.000   1149.362     4.7317     4.7321   3.354228   3.354272     1.5243     1.5966    0.00103    0.00136     0.5392   103.0021    150.808    152.779         28    34.7858    34.7858    27.5470    27.5470    1488.47    1488.47 0.0000e+00
      49619  80.589035   1160.000   1150.351     4.7298     4.7303   3.354186   3.354230     1.5248     1.5978    0.00118    0.00109     0.5271   103.0003    150.906    152.764         26    34.7867    34.7867    27.5480    27.5479    1488.48    1488.48 0.0000e+00
      49644  80.589043   1161.000   1151.340     4.7287     4.7292   3.354174   3.354227     1.5257     1.5988    0.00141    0.00057     0.5428   103.0033    151.233    152.840         23    34.7873    34.7873    27.5486    27.5485    1488.49    1488.49 0.0000e+00
      49665  80.589058   1162.000   1152.329     4.7279     4.7283   3.354170   3.354219     1.5266     1.5996    0.00129    0.00056     0.5318   102.9998    151.445    152.791         20    34.7876    34.7877    27.5489    27.5489    1488.50    1488.50 0.0000e+00
      49684  80.589066   1163.000   1153.318     4.7276     4.7281   3.354214   3.354259     1.5272     1.6000    0.00104    0.00050     0.5516   103.0064    151.666    152.887         19    34.7879    34.7879    27.5492    27.5492    1488.52    1488.52 0.0000e+00
      49703  80.589073   1164.000   1154.307     4.7274     4.7279   3.354380   3.354421     1.5285     1.6006    0.00101    0.00066     0.5553   103.0004    151.907    153.064         20    34.7895    34.7895    27.5505    27.5504    1488.54    1488.54 0.0000e+00
      49724  80.589081   1165.000   1155.296     4.7231     4.7237   3.354148   3.354179     1.5296     1.6013    0.00081    0.00099     0.5339   102.9961    152.219    153.222         23    34.7908    34.7906    27.5521    27.5518    1488.54    1488.54 0.0000e+00
      49751  80.589096   1166.000   1156.285     4.7191     4.7197   3.353911   3.353962     1.5315     1.6027    0.00066    0.00121     0.5271   102.9969    152.586    154.074         31    34.7918    34.7917    27.5533    27.5532    1488.54    1488.54 0.0000e+00
      49787  80.589111   1167.000   1157.274     4.7204     4.7208   3.354172   3.354218     1.5340     1.6053    0.00079    0.00143     0.5386   103.0089    152.891    154.381         39    34.7929    34.7930    27.5540    27.5541    1488.56    1488.56 0.0000e+00
      49824  80.589134   1168.000   1158.262     4.7179     4.7184   3.354036   3.354066     1.5356     1.6072    0.00164    0.00164     0.5460   103.0153    152.663    154.283         32    34.7934    34.7932    27.5547    27.5545    1488.57    1488.57 0.0000e+00
      49851  80.589142   1169.000   1159.251     4.7178     4.7181   3.354122   3.354166     1.5359     1.6082    0.00162    0.00167     0.5228   103.0005    152.702    154.382         24    34.7941    34.7942    27.5553    27.5553    1488.59    1488.59 0.0000e+00
      49873  80.589157   1170.000   1160.240     4.7204     4.7207   3.354509   3.354539     1.5365     1.6092    0.00136    0.00116     0.5294   103.0029    152.951    154.409         20    34.7954    34.7953    27.5560    27.5559    1488.61    1488.62 0.0000e+00
      49893  80.589165   1171.000   1161.229     4.7194     4.7198   3.354506   3.354554     1.5371     1.6094    0.00103    0.00054     0.5474   102.9988    152.905    154.307         20    34.7958    34.7959    27.5565    27.5565    1488.63    1488.63 0.0000e+00
      49914  80.589172   1172.000   1162.218     4.7193     4.7197   3.354624   3.354679     1.5371     1.6102    0.00095    0.00027     0.5220   102.9960    152.816    154.704         23    34.7968    34.7970    27.5573    27.5574    1488.64    1488.65 0.0000e+00
      49938  80.589188   1173.000   1163.207     4.7239     4.7241   3.355425   3.355463     1.5374     1.6113    0.00083    0.00072     0.5286   102.9960    153.045    154.998         25    34.8008    34.8010    27.5599    27.5601    1488.69    1488.69 0.0000e+00
      49964  80.589195   1174.000   1164.196     4.7298     4.7298   3.356270   3.356272     1.5383     1.6124    0.00057    0.00043     0.5475   102.9960    153.240    155.112         26    34.8040    34.8040    27.5618    27.5618    1488.73    1488.73 0.0000e+00
      49990  80.589211   1175.000   1165.185     4.7332     4.7335   3.356705   3.356728     1.5389     1.6135    0.00097    0.00021     0.5448   102.9960    153.510    155.192         26    34.8050    34.8049    27.5622    27.5621    1488.76    1488.76 0.0000e+00
      50014  80.589226   1176.000   1166.174     4.7330     4.7334   3.356723   3.356758     1.5406     1.6144    0.00111    0.00064     0.5387   102.9960    153.937    155.368         24    34.8049    34.8049    27.5623    27.5622    1488.78    1488.78 0.0000e+00
      50039  80.589233   1177.000   1167.162     4.7406     4.7413   3.357716   3.357863     1.5417     1.6155    0.00103    0.00068     0.5350   102.9960    153.833    155.264         25    34.8079    34.8089    27.5638    27.5645    1488.83    1488.83 0.0000e+00
      50064  80.589249   1178.000   1168.151     4.7562     4.7568   3.359556   3.359616     1.5421     1.6157    0.00093    0.00114     0.5449   102.9960    153.316    154.641         25    34.8125    34.8126    27.5657    27.5657    1488.92    1488.92 0.0000e+00
      50089  80.589256   1179.000   1169.140     4.7566     4.7572   3.359656   3.359687     1.5414     1.6153    0.00099    0.00136     0.5277   102.9973    152.719    154.118         25    34.8127    34.8126    27.5659    27.5657    1488.93    1488.94 0.0000e+00
      50114  80.589272   1180.000   1170.129     4.7611     4.7614   3.360194   3.360236     1.5395     1.6143    0.00055    0.00074     0.5412   103.0097    152.325    153.936         25    34.8139    34.8140    27.5663    27.5664    1488.97    1488.97 0.0000e+00
      50139  80.589287   1181.000   1171.118     4.7699     4.7703   3.361268   3.361339     1.5385     1.6134   -0.00019   -0.00034     0.5501   103.0164    152.736    153.919         24    34.8166    34.8170    27.5675    27.5677    1489.03    1489.03 0.0000e+00
      50163  80.589294   1182.000   1172.107     4.7768     4.7772   3.362235   3.362288     1.5387     1.6131   -0.00079   -0.00135     0.5308   102.9986    152.936    154.189         26    34.8202    34.8203    27.5696    27.5696    1489.08    1489.08 0.0000e+00
      50192  80.589310   1183.000   1173.096     4.7793     4.7798   3.362684   3.362723     1.5386     1.6127   -0.00080   -0.00124     0.5455   103.0174    152.918    153.950         31    34.8223    34.8222    27.5709    27.5708    1489.11    1489.11 0.0000e+00
      50224  80.589325   1184.000   1174.084     4.7798     4.7802   3.362797   3.362848     1.5390     1.6121   -0.00039    0.00005     0.5356   103.0239    153.003    154.035         31    34.8226    34.8227    27.5711    27.5712    1489.13    1489.13 0.0000e+00
      50252  80.589340   1185.000   1175.073     4.7796     4.7800   3.362900   3.362945     1.5386     1.6120   -0.00036   -0.00011     0.5225   103.0237    153.075    154.316         25    34.8234    34.8235    27.5718    27.5719    1489.14    1489.14 0.0000e+00
      50275  80.589348   1186.000   1176.062     4.7801     4.7806   3.363039   3.363067     1.5395     1.6122   -0.00050    0.00025     0.5411   103.0237    153.474    154.531         23    34.8240    34.8239    27.5722    27.5721    1489.16    1489.16 0.0000e+00
      50297  80.589363   1187.000   1177.051     4.7797     4.7802   3.363105   3.363155     1.5403     1.6127   -0.00023   -0.00002     0.5312   103.0237    153.618    154.750         21    34.8247    34.8248    27.5729    27.5729    1489.18    1489.18 0.0000e+00
      50318  80.589371   1188.000   1178.040     4.7784     4.7788   3.363102   3.363140     1.5408     1.6129    0.00004    0.00013     0.5400   103.0237    153.669    154.596         22    34.8256    34.8255    27.5737    27.5736    1489.19    1489.19 0.0000e+00
      50341  80.589378   1189.000   1179.028     4.7739     4.7744   3.362763   3.362796     1.5416     1.6131    0.00021    0.00069     0.5374   103.0237    153.904    154.748         23    34.8258    34.8256    27.5744    27.5742    1489.19    1489.19 0.0000e+00
      50363  80.589394   1190.000   1180.017     4.7685     4.7691   3.362361   3.362399     1.5425     1.6136    0.00051    0.00085     0.5217   103.0237    154.188    155.278         22    34.8262    34.8261    27.5753    27.5752    1489.18    1489.19 0.0000e+00
      50385  80.589401   1191.000   1181.006     4.7657     4.7662   3.362193   3.362226     1.5435     1.6145    0.00025    0.00071     0.5208   103.0237    154.450    155.622         21    34.8267    34.8266    27.5761    27.5759    1489.19    1489.19 0.0000e+00
      50408  80.589417   1192.000   1181.995     4.7640     4.7644   3.362194   3.362236     1.5449     1.6156    0.00024    0.00081     0.5254   103.0237    154.687    155.960         25    34.8281    34.8281    27.5773    27.5774    1489.20    1489.20 0.0000e+00
      50436  80.589424   1193.000   1182.984     4.7562     4.7566   3.361546   3.361563     1.5463     1.6176    0.00087    0.00112     0.5381   103.0237    155.108    156.658         32    34.8281    34.8279    27.5783    27.5781    1489.19    1489.19 0.0000e+00
      50469  80.589439   1194.000   1183.973     4.7474     4.7478   3.360773   3.360800     1.5490     1.6200    0.00118    0.00130     0.5475   103.0237    155.561    156.968         33    34.8279    34.8277    27.5791    27.5789    1489.17    1489.17 0.0000e+00
      50500  80.589455   1195.000   1184.961     4.7424     4.7430   3.360339   3.360390     1.5504     1.6221    0.00173    0.00138     0.5341   103.0205    155.491    157.135         29    34.8275    34.8275    27.5794    27.5793    1489.16    1489.16 0.0000e+00
      50528  80.589470   1196.000   1185.950     4.7412     4.7416   3.360319   3.360357     1.5514     1.6237    0.00173    0.00188     0.5259   103.0194    155.546    157.190         26    34.8280    34.8281    27.5799    27.5799    1489.17    1489.18 0.0000e+00
      50553  80.589485   1197.000   1186.939     4.7412     4.7416   3.360441   3.360492     1.5520     1.6245    0.00158    0.00127     0.5413   103.0193    155.469    157.007         25    34.8290    34.8291    27.5807    27.5807    1489.19    1489.19 0.0000e+00
      50577  80.589493   1198.000   1187.928     4.7402     4.7407   3.360480   3.360523     1.5521     1.6253    0.00144    0.00088     0.5483   103.0237    155.551    157.295         24    34.8300    34.8299    27.5816    27.5815    1489.21    1489.21 0.0000e+00
      50601  80.589508   1199.000   1188.916     4.7391     4.7395   3.360554   3.360608     1.5528     1.6264    0.00114    0.00070     0.5536   103.0263    155.744    157.350         23    34.8315    34.8317    27.5829    27.5830    1489.22    1489.22 0.0000e+00
      50623  80.589516   1200.000   1189.905     4.7423     4.7428   3.361094   3.361129     1.5531     1.6268    0.00076    0.00034     0.5517   103.0237    155.851    157.417         22    34.8339    34.8339    27.5845    27.5844    1489.25    1489.25 0.0000e+00
      50645  80.589531   1201.000   1190.894     4.7390     4.7396   3.360911   3.360952     1.5540     1.6281    0.00094    0.00031     0.5480   103.0237    156.250    158.166         21    34.8347    34.8346    27.5855    27.5853    1489.26    1489.26 0.0000e+00
      50666  80.589539   1202.000   1191.883     4.7374     4.7379   3.360830   3.360875     1.5551     1.6294    0.00093    0.00062     0.5485   103.0237    156.497    158.342         21    34.8350    34.8350    27.5859    27.5858    1489.27    1489.27 0.0000e+00
      50687  80.589546   1203.000   1192.871     4.7358     4.7363   3.360764   3.360808     1.5562     1.6306    0.00065    0.00055     0.5415   103.0237    156.794    158.503         22    34.8353    34.8353    27.5864    27.5863    1489.28    1489.28 0.0000e+00
      50710  80.589561   1204.000   1193.860     4.7332     4.7338   3.360656   3.360694     1.5577     1.6320    0.00133    0.00096     0.5254   103.0237    157.060    158.896         24    34.8363    34.8362    27.5875    27.5873    1489.28    1489.29 0.0000e+00
      50737  80.589569   1205.000   1194.849     4.7279     4.7283   3.360367   3.360400     1.5595     1.6339    0.00147    0.00128     0.5423   103.0237    157.396    159.329         30    34.8381    34.8379    27.5894    27.5893    1489.28    1489.28 0.0000e+00
      50771  80.589584   1206.000   1195.838     4.7242     4.7246   3.360136   3.360169     1.5618     1.6365    0.00152    0.00150     0.5434   103.0237    157.820    159.534         37    34.8387    34.8387    27.5904    27.5903    1489.28    1489.29 0.0000e+00
      50806  80.589607   1207.000   1196.826     4.7180     4.7185   3.359655   3.359693     1.5636     1.6384    0.00175    0.00153     0.5349   103.0337    157.854    159.597         30    34.8391    34.8390    27.5913    27.5913    1489.28    1489.28 0.0000e+00
      50832  80.589615   1208.000   1197.815     4.7118     4.7123   3.359142   3.359174     1.5649     1.6395    0.00176    0.00169     0.5439   103.0359    158.203    159.953         23    34.8391    34.8390    27.5921    27.5919    1489.27    1489.27 0.0000e+00
