data/fr25/fr25001.cnv
* Sea-Bird SBE 9 Data File:
* FileName = C:\SEASOFT\PIRATA-FR25\data\fr25001.hex
* Software Version Seasave V 7.23.2
* Temperature SN = 5196
* Conductivity SN = 4355
* Number of Bytes Per Scan = 37
* Number of Voltage Words = 4
* Number of Scans Averaged by the Deck Unit = 1
* NMEA Latitude = 05 59.88 N
* NMEA Longitude = 015 10.45 W
* NMEA UTC (Time) = Mar 21 2015 13:33:45
** Cruise: PIRATA-FR25
** Ship: THALASSA
** Station: 1
** Bottom Depth: 4883
** Pressure frequency switch pos 2: 33636.7
** Operator: JH/AF
** Comments:
# nquan = 24                                
# nvalues = 4041                        
# units = specified
# name 0 = scan: Scan Count
# name 1 = timeJ: Julian Days
# name 2 = prDM: Pressure, Digiquartz [db]
# name 3 = depSM: Depth [salt water, m]
# name 4 = t090C: Temperature [ITS-90, deg C]
# name 5 = t190C: Temperature, 2 [ITS-90, deg C]
# name 6 = c0S/m: Conductivity [S/m]
# name 7 = c1S/m: Conductivity, 2 [S/m]
# name 8 = sbeox0V: Oxygen raw, SBE 43 [V]
# name 9 = sbeox1V: Oxygen raw, SBE 43, 2 [V]
# name 10 = sbeox1dOV/dT: Oxygen, SBE 43, 2 [dov/dt]
# name 11 = sbeox0dOV/dT: Oxygen, SBE 43 [dov/dt]
# name 12 = flECO-AFL: Fluorescence, WET Labs ECO-AFL/FL [mg/m^3]
# name 13 = CStarTr0: Beam Transmission, WET Labs C-Star [%]
# name 14 = sbeox0Mm/Kg: Oxygen, SBE 43 [umol/kg], WS = 2
# name 15 = sbeox1Mm/Kg: Oxygen, SBE 43, 2 [umol/kg], WS = 2
# name 16 = nbin: number of scans per bin
# name 17 = sal00: Salinity, Practical [PSU]
# name 18 = sal11: Salinity, Practical, 2 [PSU]
# name 19 = sigma-é00: Density [sigma-theta, kg/m^3]
# name 20 = sigma-é11: Density, 2 [sigma-theta, kg/m^3]
# name 21 = svCM: Sound Velocity [Chen-Millero, m/s]
# name 22 = svCM1: Sound Velocity, 2 [Chen-Millero, m/s]
# name 23 = flag: flag
# span 0 =        -19,     167369       
# span 1 =  80.565094,  80.645821       
# span 2 =      2.000,   2022.000       
# span 3 =      1.989,   2001.104       
# span 4 =     3.5059,    27.8148       
# span 5 =     3.5063,    27.8042       
# span 6 =   3.293951,   5.665792       
# span 7 =   3.294044,   5.665027       
# span 8 =     0.9643,     2.9085       
# span 9 =     1.0076,     3.0770       
# span 10 =   -0.08897,    0.05603      
# span 11 =   -0.08023,    0.03449      
# span 12 =     0.5102,     1.8208      
# span 13 =   100.1091,   103.1080      
# span 14 =     51.897,    223.515      
# span 15 =     52.288,    228.228      
# span 16 =          0,         75      
# span 17 =    34.6515,    35.7361      
# span 18 =    34.6519,    35.7490      
# span 19 =    22.7866,    27.8092      
# span 20 =    22.7921,    27.8093      
# span 21 =    1486.87,    1541.42      
# span 22 =    1486.87,    1541.40      
# span 23 = 0.0000e+00, 0.0000e+00      
# interval = decibars: 1                
# start_time = Mar 21 2015 13:33:45 [System UTC, header]
# bad_flag = -9.990e-29
*END*
[from data line 3623]
     128540  80.627090    419.000    416.252     8.7945     8.7934   3.698560   3.698603     1.0682     1.1181    0.00016    0.00005     0.5437   102.9021     68.057     68.750         20    34.8352    34.8367    27.0290    27.0304    1492.14    1492.13 0.0000e+00
     128560  80.627106    418.000    415.260     8.8010     8.7998   3.699185   3.699206     1.0675     1.1172   -0.00071   -0.00044     0.5437   102.9079     67.955     68.626         20    34.8359    34.8373    27.0286    27.0298    1492.15    1492.14 0.0000e+00
     128581  80.627113    417.000    414.267     8.8092     8.8076   3.700022   3.699998     1.0665     1.1163   -0.00066   -0.00082     0.5437   102.8974     67.794     68.498         22    34.8371    34.8384    27.0282    27.0294    1492.16    1492.16 0.0000e+00
     128605  80.627121    416.000    413.275     8.8210     8.8190   3.701187   3.701136     1.0654     1.1152   -0.00088   -0.00101     0.5437   102.8646     67.744     68.303         28    34.8382    34.8397    27.0272    27.0287    1492.19    1492.18 0.0000e+00
     128637  80.627136    415.000    412.283     8.8316     8.8296   3.702199   3.702145     1.0651     1.1140   -0.00104   -0.00108     0.5437   102.8940     67.892     68.343         36    34.8389    34.8403    27.0261    27.0275    1492.21    1492.21 0.0000e+00
     128671  80.627159    414.000    411.290     8.8384     8.8372   3.702855   3.702894     1.0652     1.1134   -0.00112   -0.00088     0.5437   102.8984     67.905     68.587         29    34.8396    34.8411    27.0255    27.0269    1492.22    1492.22 0.0000e+00
     128697  80.627167    413.000    410.298     8.8500     8.8475   3.704011   3.703938     1.0655     1.1139   -0.00093   -0.00016     0.5437   102.9002     68.007     68.718         24    34.8408    34.8425    27.0246    27.0263    1492.25    1492.24 0.0000e+00
     128720  80.627182    412.000    409.305     8.8608     8.8588   3.705060   3.705021     1.0658     1.1140   -0.00044    0.00009     0.5437   102.8952     67.978     68.655         22    34.8417    34.8433    27.0236    27.0251    1492.27    1492.27 0.0000e+00
     128741  80.627190    411.000    408.313     8.8711     8.8683   3.706108   3.705975     1.0661     1.1143    0.00005    0.00007     0.5437   102.8937     67.985     68.766         20    34.8431    34.8444    27.0230    27.0245    1492.30    1492.29 0.0000e+00
     128761  80.627197    410.000    407.320     8.8841     8.8820   3.707407   3.707345     1.0663     1.1147    0.00037    0.00031     0.5437   102.8949     67.906     68.793         20    34.8444    34.8458    27.0220    27.0234    1492.33    1492.33 0.0000e+00
     128780  80.627205    409.000    406.328     8.8891     8.8883   3.707875   3.707942     1.0660     1.1151    0.00020    0.00036     0.5437   102.8932     67.922     68.826         18    34.8449    34.8464    27.0215    27.0229    1492.33    1492.33 0.0000e+00
     128798  80.627220    408.000    405.335     8.9003     8.8988   3.709034   3.709085     1.0666     1.1154    0.00029    0.00025     0.5437   102.8910     68.102     68.876         19    34.8465    34.8485    27.0210    27.0228    1492.36    1492.36 0.0000e+00
     128816  80.627228    407.000    404.343     8.9245     8.9224   3.711475   3.711515     1.0671     1.1159    0.00043    0.00026     0.5437   102.8921     68.061     68.822         18    34.8489    34.8514    27.0191    27.0213    1492.44    1492.43 0.0000e+00
     128835  80.627235    406.000    403.350     8.9432     8.9412   3.713367   3.713356     1.0674     1.1161    0.00044   -0.00002     0.5437   102.8944     68.087     68.682         19    34.8509    34.8527    27.0176    27.0194    1492.49    1492.49 0.0000e+00
     128856  80.627243    405.000    402.358     8.9592     8.9574   3.714997   3.714972     1.0680     1.1161    0.00050    0.00039     0.5437   102.8975     67.974     68.609         24    34.8527    34.8542    27.0165    27.0179    1492.54    1492.53 0.0000e+00
     128882  80.627258    404.000    401.365     8.9674     8.9663   3.715807   3.715819     1.0673     1.1160    0.00048    0.00059     0.5437   102.8897     67.646     68.542         28    34.8537    34.8549    27.0159    27.0170    1492.55    1492.55 0.0000e+00
     128911  80.627274    403.000    400.373     8.9721     8.9706   3.716261   3.716253     1.0668     1.1160    0.00013    0.00053     0.5437   102.8907     67.755     68.413         30    34.8543    34.8556    27.0156    27.0169    1492.55    1492.55 0.0000e+00
     128942  80.627289    402.000    399.380     8.9763     8.9762   3.716663   3.716805     1.0670     1.1156   -0.00003   -0.00052     0.5437   102.8897     67.827     68.299         31    34.8549    34.8564    27.0154    27.0166    1492.55    1492.55 0.0000e+00
     128971  80.627304    401.000    398.388     8.9872     8.9855   3.717788   3.717786     1.0671     1.1151   -0.00013   -0.00043     0.5437   102.8970     67.680     68.320         26    34.8564    34.8580    27.0148    27.0164    1492.58    1492.57 0.0000e+00
     128996  80.627312    400.000    397.395     8.9930     8.9910   3.718387   3.718311     1.0667     1.1151   -0.00030    0.00021     0.5437   102.8885     67.658     68.371         25    34.8574    34.8586    27.0147    27.0159    1492.58    1492.58 0.0000e+00
     129019  80.627327    399.000    396.403     8.9955     8.9946   3.718606   3.718653     1.0666     1.1151   -0.00014    0.00012     0.5437   102.8875     67.550     68.356         21    34.8578    34.8592    27.0145    27.0158    1492.58    1492.58 0.0000e+00
     129038  80.627335    398.000    395.410     9.0000     8.9990   3.719064   3.719112     1.0660     1.1151   -0.00017   -0.00023     0.5437   102.8784     67.332     68.330         18    34.8586    34.8601    27.0145    27.0158    1492.58    1492.58 0.0000e+00
     129056  80.627342    397.000    394.418     9.0146     9.0131   3.720645   3.720684     1.0653     1.1151   -0.00020   -0.00030     0.5437   102.8964     67.224     68.066         17    34.8613    34.8632    27.0142    27.0160    1492.62    1492.62 0.0000e+00
     129073  80.627350    396.000    393.425     9.0557     9.0514   3.724951   3.724837     1.0647     1.1143   -0.00021   -0.00007     0.5437   102.9004     66.959     67.641         16    34.8666    34.8697    27.0117    27.0149    1492.76    1492.75 0.0000e+00
     129089  80.627357    395.000    392.432     9.0829     9.0840   3.727598   3.727867     1.0636     1.1135   -0.00010   -0.00036     0.5437   102.8930     66.695     67.349         18    34.8682    34.8699    27.0086    27.0097    1492.85    1492.85 0.0000e+00
     129107  80.627365    394.000    391.440     9.0873     9.0873   3.727980   3.728106     1.0624     1.1122   -0.00004   -0.00086     0.5437   102.8855     66.703     67.274         19    34.8682    34.8696    27.0079    27.0090    1492.85    1492.85 0.0000e+00
     129128  80.627373    393.000    390.447     9.0884     9.0878   3.728036   3.728100     1.0621     1.1115   -0.00046   -0.00090     0.5437   102.8852     66.855     67.301         22    34.8683    34.8695    27.0078    27.0089    1492.83    1492.83 0.0000e+00
     129153  80.627388    392.000    389.455     9.0886     9.0878   3.728004   3.728054     1.0618     1.1103   -0.00134   -0.00146     0.5437   102.8852     66.799     67.321         28    34.8682    34.8695    27.0077    27.0088    1492.82    1492.82 0.0000e+00
     129184  80.627403    391.000    388.462     9.0884     9.0878   3.727936   3.727995     1.0613     1.1102   -0.00121   -0.00081     0.5437   102.8853     66.749     67.570         32    34.8681    34.8694    27.0076    27.0087    1492.80    1492.80 0.0000e+00
     129214  80.627419    390.000    387.470     9.0891     9.0885   3.727949   3.728017     1.0614     1.1102   -0.00092   -0.00023     0.5437   102.8791     66.911     67.559         29    34.8681    34.8693    27.0074    27.0085    1492.79    1492.79 0.0000e+00
     129241  80.627434    389.000    386.477     9.0899     9.0893   3.727965   3.728031     1.0616     1.1102   -0.00013   -0.00038     0.5437   102.7898     66.809     67.365         24    34.8679    34.8692    27.0071    27.0083    1492.77    1492.77 0.0000e+00
     129263  80.627441    388.000    385.484     9.0906     9.0899   3.727978   3.728039     1.0615     1.1092    0.00001   -0.00013     0.5437   102.8882     66.740     67.261         22    34.8679    34.8691    27.0070    27.0081    1492.76    1492.76 0.0000e+00
     129285  80.627449    387.000    384.492     9.0907     9.0900   3.727941   3.727997     1.0611     1.1094   -0.00017    0.00034     0.5437   102.8865     66.727     67.586         21    34.8678    34.8690    27.0069    27.0080    1492.74    1492.74 0.0000e+00
     129307  80.627464    386.000    383.499     9.0910     9.0905   3.727937   3.728006     1.0612     1.1098   -0.00042    0.00003     0.5437   102.8877     66.687     67.605         22    34.8679    34.8691    27.0069    27.0080    1492.73    1492.73 0.0000e+00
     129329  80.627472    385.000    382.507     9.0979     9.0956   3.728719   3.728624     1.0606     1.1100   -0.00030   -0.00030     0.5437   102.8967     66.491     67.521         22    34.8698    34.8711    27.0073    27.0087    1492.74    1492.73 0.0000e+00
     129351  80.627487    384.000    381.514     9.1311     9.1270   3.732253   3.732057     1.0600     1.1098    0.00021   -0.00014     0.5437   102.8941     66.263     67.073         22    34.8747    34.8767    27.0058    27.0080    1492.85    1492.84 0.0000e+00
     129372  80.627495    383.000    380.521     9.1965     9.1867   3.739045   3.738552     1.0589     1.1086    0.00028   -0.00012     0.5437   102.8908     65.741     66.276         20    34.8821    34.8865    27.0010    27.0060    1493.08    1493.05 0.0000e+00
     129391  80.627502    382.000    379.529     9.2327     9.2318   3.742664   3.742684     1.0568     1.1064    0.00024   -0.00053     0.5437   102.8866     65.284     65.613         20    34.8848    34.8859    26.9972    26.9983    1493.20    1493.20 0.0000e+00
     129411  80.627510    381.000    378.536     9.2377     9.2371   3.743083   3.743144     1.0546     1.1040   -0.00021   -0.00072     0.5437   102.8853     65.174     65.516         19    34.8848    34.8860    26.9964    26.9974    1493.20    1493.20 0.0000e+00
     129431  80.627525    380.000    377.544     9.2394     9.2387   3.743208   3.743261     1.0536     1.1024   -0.00125   -0.00135     0.5437   102.8852     65.298     65.681         20    34.8849    34.8861    26.9962    26.9972    1493.19    1493.19 0.0000e+00
     129452  80.627533    379.000    376.551     9.2398     9.2392   3.743202   3.743261     1.0530     1.1015   -0.00251   -0.00230     0.5437   102.8852     65.353     65.790         23    34.8849    34.8862    26.9961    26.9972    1493.18    1493.18 0.0000e+00
     129476  80.627541    378.000    375.558     9.2399     9.2392   3.743143   3.743217     1.0528     1.1004   -0.00261   -0.00221     0.5437   102.8852     65.354     65.822         25    34.8847    34.8861    26.9959    26.9971    1493.16    1493.16 0.0000e+00
     129503  80.627556    377.000    374.566     9.2397     9.2392   3.743076   3.743140     1.0523     1.1001   -0.00157   -0.00102     0.5437   102.8852     65.326     65.890         28    34.8846    34.8858    26.9958    26.9969    1493.15    1493.14 0.0000e+00
     129531  80.627571    376.000    373.573     9.2392     9.2386   3.742958   3.743014     1.0521     1.0995   -0.00097   -0.00041     0.5437   102.8852     65.295     65.982         28    34.8844    34.8855    26.9957    26.9967    1493.13    1493.13 0.0000e+00
     129557  80.627586    375.000    372.580     9.2392     9.2385   3.742898   3.742959     1.0520     1.1002   -0.00044   -0.00036     0.5437   102.8852     65.429     66.235         25    34.8842    34.8855    26.9955    26.9967    1493.11    1493.11 0.0000e+00
     129581  80.627594    374.000    371.588     9.2568     9.2535   3.744865   3.744827     1.0526     1.1003   -0.00046   -0.00015     0.5437   102.8852     65.347     65.806         23    34.8879    34.8908    26.9956    26.9984    1493.16    1493.15 0.0000e+00
     129603  80.627602    373.000    370.595     9.3276     9.3213   3.752082   3.751859     1.0518     1.0993    0.00002   -0.00027     0.5437   102.8821     64.836     65.179         20    34.8943    34.8981    26.9890    26.9931    1493.41    1493.39 0.0000e+00
     129623  80.627617    372.000    369.602     9.3504     9.3490   3.754303   3.754276     1.0506     1.0977    0.00048    0.00015     0.5437   102.8812     64.540     64.826         21    34.8956    34.8968    26.9863    26.9875    1493.48    1493.48 0.0000e+00
     129645  80.627625    371.000    368.610     9.3530     9.3521   3.754518   3.754553     1.0491     1.0961   -0.00013    0.00030     0.5437   102.8816     64.389     64.786         23    34.8958    34.8971    26.9860    26.9872    1493.47    1493.47 0.0000e+00
     129668  80.627640    370.000    367.617     9.3538     9.3532   3.754557   3.754617     1.0480     1.0953   -0.00119   -0.00088     0.5437   102.8767     64.332     64.866         22    34.8959    34.8971    26.9859    26.9869    1493.46    1493.46 0.0000e+00
     129690  80.627647    369.000    366.624     9.3541     9.3534   3.754531   3.754595     1.0469     1.0942   -0.00173   -0.00155     0.5437   102.8810     64.180     64.872         21    34.8958    34.8971    26.9858    26.9869    1493.45    1493.44 0.0000e+00
     129710  80.627655    368.000    365.632     9.3542     9.3536   3.754487   3.754552     1.0461     1.0941   -0.00166   -0.00162     0.5437   102.8852     64.171     65.095         20    34.8957    34.8970    26.9857    26.9868    1493.43    1493.43 0.0000e+00
     129729  80.627663    367.000    364.639     9.3542     9.3536   3.754433   3.754510     1.0455     1.0942   -0.00110   -0.00117     0.5437   102.8852     64.244     65.133         20    34.8956    34.8969    26.9856    26.9867    1493.41    1493.41 0.0000e+00
     129749  80.627678    366.000    363.646     9.3536     9.3533   3.754324   3.754419     1.0456     1.0942   -0.00085   -0.00117     0.5437   102.8852     64.327     65.120         21    34.8955    34.8968    26.9856    26.9866    1493.39    1493.39 0.0000e+00
     129772  80.627686    365.000    362.654     9.3562     9.3546   3.754593   3.754604     1.0455     1.0942   -0.00031   -0.00101     0.5437   102.8852     64.252     65.121         23    34.8963    34.8979    26.9857    26.9872    1493.39    1493.38 0.0000e+00
     129796  80.627701    364.000    361.661     9.4073     9.3974   3.760058   3.759303     1.0454     1.0941    0.00001   -0.00041     0.5437   102.8830     64.134     64.836         25    34.9036    34.9054    26.9831    26.9861    1493.57    1493.53 0.0000e+00
     129822  80.627708    363.000    360.668     9.4609     9.4516   3.765507   3.764867     1.0447     1.0931    0.00002    0.00002     0.5437   102.8706     63.796     64.497         26    34.9083    34.9108    26.9779    26.9814    1493.75    1493.72 0.0000e+00
     129848  80.627724    362.000    359.676     9.4877     9.4831   3.768243   3.768039     1.0438     1.0928    0.00001   -0.00015     0.5437   102.8749     63.745     64.613         26    34.9110    34.9134    26.9756    26.9782    1493.84    1493.82 0.0000e+00
     129875  80.627739    361.000    358.683     9.5114     9.5071   3.770669   3.770426     1.0437     1.0921   -0.00067   -0.00044     0.5437   102.8773     63.798     64.335         29    34.9135    34.9151    26.9737    26.9756    1493.91    1493.89 0.0000e+00
     129903  80.627747    360.000    357.690     9.5191     9.5176   3.771423   3.771393     1.0436     1.0917   -0.00053   -0.00084     0.5437   102.8610     63.794     64.548         26    34.9142    34.9154    26.9729    26.9741    1493.92    1493.92 0.0000e+00
