data/fr25/fr25004.cnv
* Sea-Bird SBE 9 Data File:
* FileName = C:\SEASOFT\PIRATA-FR25\data\fr25004.hex
* Software Version Seasave V 7.23.2
* Temperature SN = 5196
* Conductivity SN = 4355
* Number of Bytes Per Scan = 37
* Number of Voltage Words = 4
* Number of Scans Averaged by the Deck Unit = 1
* NMEA Latitude = 00 01.16 S
* NMEA Longitude = 000 03.44 W
* NMEA UTC (Time) = Mar 27 2015 13:23:37
** Cruise: PIRATA-FR25
** Ship: THALASSA
** Station: 4
** Bottom Depth: 4911
** Pressure frequency switch pos 2:
** Operator: JH/YG
** Comments:
# nquan = 24                                
# nvalues = 4040                        
# units = specified
# name 0 = scan: Scan Count
# name 1 = timeJ: Julian Days
# name 2 = prDM: Pressure, Digiquartz [db]
# name 3 = depSM: Depth [salt water, m]
# name 4 = t090C: Temperature [ITS-90, deg C]
# name 5 = t190C: Temperature, 2 [ITS-90, deg C]
# name 6 = c0S/m: Conductivity [S/m]
# name 7 = c1S/m: Conductivity, 2 [S/m]
# name 8 = sbeox0V: Oxygen raw, SBE 43 [V]
# name 9 = sbeox1V: Oxygen raw, SBE 43, 2 [V]
# name 10 = sbeox1dOV/dT: Oxygen, SBE 43, 2 [dov/dt]
# name 11 = sbeox0dOV/dT: Oxygen, SBE 43 [dov/dt]
# name 12 = flECO-AFL: Fluorescence, WET Labs ECO-AFL/FL [mg/m^3]
# name 13 = CStarTr0: Beam Transmission, WET Labs C-Star [%]
# name 14 = sbeox0Mm/Kg: Oxygen, SBE 43 [umol/kg], WS = 2
# name 15 = sbeox1Mm/Kg: Oxygen, SBE 43, 2 [umol/kg], WS = 2
# name 16 = nbin: number of scans per bin
# name 17 = sal00: Salinity, Practical [PSU]
# name 18 = sal11: Salinity, Practical, 2 [PSU]
# name 19 = sigma-é00: Density [sigma-theta, kg/m^3]
# name 20 = sigma-é11: Density, 2 [sigma-theta, kg/m^3]
# name 21 = svCM: Sound Velocity [Chen-Millero, m/s]
# name 22 = svCM1: Sound Velocity, 2 [Chen-Millero, m/s]
# name 23 = flag: flag
# span 0 =       1148,     140753       
# span 1 =  86.558701,  86.626022       
# span 2 =      2.000,   2022.000       
# span 3 =      1.989,   2001.219       
# span 4 =     3.5823,    29.2970       
# span 5 =     3.5827,    29.2905       
# span 6 =   3.301894,   5.626270       
# span 7 =   3.302154,   5.626151       
# span 8 =     1.0618,     2.8739       
# span 9 =     1.1172,     3.0779       
# span 10 =   -0.04962,    0.05325      
# span 11 =   -0.05029,    0.04554      
# span 12 =     0.5073,     2.1067      
# span 13 =    85.4043,   102.1126      
# span 14 =     62.316,    233.853      
# span 15 =     63.058,    236.063      
# span 16 =          4,         75      
# span 17 =    34.0637,    36.3491      
# span 18 =    34.0672,    36.3602      
# span 19 =    21.2719,    27.8118      
# span 20 =    21.2750,    27.8137      
# span 21 =    1482.03,    1543.21      
# span 22 =    1482.03,    1543.20      
# span 23 = 0.0000e+00, 0.0000e+00      
# interval = decibars: 1                
# start_time = Mar 27 2015 13:23:44 [System UTC, header]
# bad_flag = -9.990e-29
*END*
[from data line 3261]
      99818  86.606285    780.000    774.258     4.9502     4.9498   3.333499   3.333741     1.5236     1.6005    0.00011    0.00043     0.5436   102.0181    143.084    144.516         20    34.5088    34.5121    27.2989    27.3015    1482.73    1482.73 0.0000e+00
      99839  86.606293    779.000    773.267     4.9498     4.9494   3.333414   3.333642     1.5245     1.6005   -0.00001    0.00032     0.5221   102.0170    143.068    144.850         23    34.5088    34.5118    27.2989    27.3012    1482.71    1482.71 0.0000e+00
      99866  86.606308    778.000    772.277     4.9493     4.9490   3.333292   3.333527     1.5243     1.6017   -0.00008    0.00057     0.5443   102.0244    142.649    144.932         29    34.5084    34.5114    27.2986    27.3010    1482.69    1482.69 0.0000e+00
      99895  86.606323    777.000    771.286     4.9486     4.9483   3.333161   3.333394     1.5242     1.6017    0.00032    0.00083     0.5458   102.0205    142.895    144.628         29    34.5081    34.5111    27.2984    27.3008    1482.67    1482.67 0.0000e+00
      99922  86.606339    776.000    770.295     4.9476     4.9472   3.332994   3.333239     1.5251     1.6017    0.00052    0.00004     0.5437   102.0190    143.109    144.626         26    34.5077    34.5109    27.2982    27.3008    1482.65    1482.65 0.0000e+00
      99951  86.606346    775.000    769.304     4.9470     4.9467   3.332891   3.333132     1.5251     1.6021    0.00015   -0.00017     0.5260   102.0122    142.919    145.099         31    34.5076    34.5107    27.2982    27.3007    1482.63    1482.63 0.0000e+00
      99981  86.606361    774.000    768.313     4.9477     4.9474   3.332907   3.333159     1.5255     1.6029   -0.00003    0.00067     0.5461   102.0210    143.006    144.798         28    34.5076    34.5108    27.2981    27.3007    1482.61    1482.62 0.0000e+00
     100005  86.606377    773.000    767.323     4.9496     4.9493   3.333069   3.333341     1.5259     1.6029    0.00015    0.00026     0.5495   102.0186    143.062    144.711         21    34.5079    34.5114    27.2981    27.3009    1482.61    1482.61 0.0000e+00
     100026  86.606384    772.000    766.332     4.9510     4.9505   3.333179   3.333403     1.5260     1.6029    0.00063    0.00017     0.5450   102.0186    142.847    144.680         21    34.5084    34.5114    27.2983    27.3008    1482.60    1482.60 0.0000e+00
     100048  86.606400    771.000    765.341     4.9515     4.9513   3.333189   3.333437     1.5258     1.6029    0.00049    0.00025     0.5445   102.0200    142.813    144.641         23    34.5084    34.5115    27.2983    27.3008    1482.58    1482.58 0.0000e+00
     100071  86.606407    770.000    764.350     4.9517     4.9514   3.333155   3.333396     1.5256     1.6029    0.00012    0.00038     0.5215   102.0120    142.614    144.764         24    34.5083    34.5114    27.2982    27.3007    1482.57    1482.57 0.0000e+00
     100096  86.606422    769.000    763.359     4.9517     4.9513   3.333103   3.333350     1.5249     1.6034    0.00001   -0.00010     0.5440   102.0220    142.467    145.118         24    34.5082    34.5115    27.2981    27.3007    1482.55    1482.55 0.0000e+00
     100119  86.606430    768.000    762.368     4.9516     4.9513   3.333057   3.333300     1.5245     1.6039   -0.00002   -0.00012     0.5437   102.0140    142.472    144.955         23    34.5083    34.5114    27.2981    27.3007    1482.53    1482.54 0.0000e+00
     100143  86.606445    767.000    761.378     4.9515     4.9512   3.332997   3.333248     1.5243     1.6041    0.00012   -0.00047     0.5437   102.0141    142.597    144.838         24    34.5082    34.5115    27.2981    27.3007    1482.52    1482.52 0.0000e+00
     100167  86.606453    766.000    760.387     4.9514     4.9511   3.332943   3.333186     1.5245     1.6042    0.00063   -0.00054     0.5437   102.0168    142.587    144.818         26    34.5082    34.5113    27.2981    27.3006    1482.50    1482.50 0.0000e+00
     100195  86.606468    765.000    759.396     4.9512     4.9508   3.332870   3.333114     1.5245     1.6046    0.00031   -0.00028     0.5437   102.0182    142.661    145.199         30    34.5081    34.5112    27.2980    27.3005    1482.48    1482.48 0.0000e+00
     100226  86.606483    764.000    758.405     4.9508     4.9505   3.332785   3.333025     1.5251     1.6053    0.00005    0.00008     0.5446   102.0202    143.055    144.995         31    34.5080    34.5110    27.2980    27.3004    1482.46    1482.47 0.0000e+00
     100256  86.606499    763.000    757.414     4.9501     4.9497   3.332655   3.332889     1.5267     1.6053    0.00045    0.00006     0.5436   102.0224    143.329    144.853         27    34.5077    34.5108    27.2978    27.3003    1482.44    1482.45 0.0000e+00
     100280  86.606506    762.000    756.423     4.9486     4.9482   3.332430   3.332664     1.5278     1.6054    0.00064    0.00039     0.5174   102.0195    143.430    144.855         21    34.5071    34.5103    27.2975    27.3001    1482.42    1482.42 0.0000e+00
     100300  86.606514    761.000    755.432     4.9499     4.9498   3.332535   3.332820     1.5285     1.6053    0.00014    0.00107     0.5433   102.0074    143.494    145.164         20    34.5075    34.5110    27.2977    27.3004    1482.41    1482.41 0.0000e+00
     100319  86.606529    760.000    754.442     4.9649     4.9670   3.333941   3.334532     1.5295     1.6063    0.00002    0.00117     0.5436   102.0197    143.338    145.417         20    34.5088    34.5134    27.2970    27.3004    1482.46    1482.47 0.0000e+00
     100341  86.606537    759.000    753.451     4.9840     4.9848   3.335601   3.336004     1.5293     1.6067    0.00003    0.00112     0.5240   102.0192    142.924    144.987         23    34.5088    34.5126    27.2948    27.2977    1482.52    1482.52 0.0000e+00
     100367  86.606552    758.000    752.460     4.9956     4.9958   3.336598   3.336910     1.5290     1.6068    0.00035    0.00101     0.5153   102.0203    142.687    144.935         28    34.5088    34.5121    27.2934    27.2960    1482.55    1482.55 0.0000e+00
     100394  86.606560    757.000    751.469     4.9984     4.9981   3.336789   3.337021     1.5284     1.6072    0.00078    0.00037     0.5472   101.9913    142.805    144.917         27    34.5086    34.5116    27.2929    27.2954    1482.54    1482.54 0.0000e+00
     100419  86.606575    756.000    750.478     4.9987     4.9983   3.336756   3.337006     1.5289     1.6073    0.00015   -0.00029     0.5437   102.0195    143.043    144.928         23    34.5084    34.5117    27.2927    27.2954    1482.53    1482.53 0.0000e+00
     100441  86.606583    755.000    749.487     4.9993     4.9990   3.336735   3.336981     1.5292     1.6075    0.00028   -0.00054     0.5437   102.0169    142.988    144.927         21    34.5081    34.5112    27.2924    27.2949    1482.51    1482.51 0.0000e+00
     100462  86.606598    754.000    748.496     5.0036     5.0037   3.337072   3.337393     1.5293     1.6077    0.00020   -0.00011     0.5437   102.0201    142.847    144.914         22    34.5080    34.5116    27.2918    27.2947    1482.51    1482.52 0.0000e+00
     100487  86.606606    753.000    747.505     5.0091     5.0090   3.337514   3.337761     1.5292     1.6078    0.00018    0.00042     0.5437   102.0167    142.685    144.776         28    34.5079    34.5109    27.2912    27.2936    1482.52    1482.52 0.0000e+00
     100519  86.606621    752.000    746.514     5.0070     5.0068   3.337094   3.337329     1.5285     1.6078    0.00012    0.00018     0.5437   102.0233    142.497    144.762         34    34.5058    34.5087    27.2897    27.2920    1482.49    1482.49 0.0000e+00
     100550  86.606636    751.000    745.523     5.0030     5.0026   3.336497   3.336734     1.5280     1.6081    0.00009   -0.00017     0.5437   102.0134    142.646    145.270         28    34.5035    34.5066    27.2884    27.2909    1482.46    1482.46 0.0000e+00
     100575  86.606651    750.000    744.533     5.0027     5.0022   3.336446   3.336674     1.5288     1.6090    0.00016   -0.00049     0.5437   102.0216    143.330    145.422         23    34.5037    34.5068    27.2885    27.2911    1482.44    1482.44 0.0000e+00
     100597  86.606659    749.000    743.542     5.0027     5.0023   3.336391   3.336626     1.5306     1.6098    0.00025   -0.00044     0.5441   102.0199    143.641    145.491         21    34.5036    34.5067    27.2885    27.2910    1482.42    1482.42 0.0000e+00
     100618  86.606674    748.000    742.551     4.9996     4.9989   3.335963   3.336143     1.5317     1.6102    0.00052   -0.00012     0.5476   102.0238    143.518    145.408         21    34.5024    34.5051    27.2878    27.2901    1482.39    1482.39 0.0000e+00
     100640  86.606682    747.000    741.560     4.9978     4.9973   3.335719   3.335944     1.5325     1.6110    0.00066    0.00109     0.5437   102.0181    143.450    145.662         23    34.5019    34.5050    27.2876    27.2901    1482.37    1482.37 0.0000e+00
     100663  86.606689    746.000    740.569     4.9976     4.9972   3.335648   3.335883     1.5327     1.6118    0.00080    0.00172     0.5270   101.9747    143.318    145.813         24    34.5018    34.5049    27.2875    27.2900    1482.35    1482.35 0.0000e+00
     100687  86.606705    745.000    739.578     4.9964     4.9960   3.335433   3.335657     1.5332     1.6126    0.00057    0.00111     0.5330   101.9465    143.511    145.584         22    34.5011    34.5040    27.2871    27.2895    1482.33    1482.33 0.0000e+00
     100709  86.606712    744.000    738.587     4.9936     4.9930   3.335037   3.335261     1.5336     1.6126    0.00078    0.00066     0.5270   102.0181    143.507    145.356         22    34.4999    34.5031    27.2865    27.2891    1482.30    1482.30 0.0000e+00
     100730  86.606728    743.000    737.596     4.9932     4.9928   3.334955   3.335194     1.5342     1.6127    0.00094    0.00023     0.5132   102.0190    143.638    145.359         21    34.4998    34.5031    27.2864    27.2891    1482.28    1482.28 0.0000e+00
     100753  86.606735    742.000    736.605     4.9931     4.9927   3.334892   3.335126     1.5347     1.6128    0.00059    0.00056     0.5287   102.0143    143.670    145.229         25    34.4998    34.5029    27.2864    27.2889    1482.26    1482.26 0.0000e+00
     100780  86.606750    741.000    735.614     4.9929     4.9926   3.334828   3.335067     1.5351     1.6126    0.00012    0.00049     0.5436   102.0115    143.513    145.244         32    34.4997    34.5028    27.2863    27.2889    1482.24    1482.25 0.0000e+00
     100821  86.606766    740.000    734.623     4.9929     4.9926   3.334784   3.335020     1.5345     1.6126   -0.00002    0.00054     0.5349   102.0199    143.095    145.236         50    34.4997    34.5027    27.2863    27.2887    1482.23    1482.23 0.0000e+00
     100873  86.606796    739.000    733.632     4.9931     4.9927   3.334733   3.334977     1.5332     1.6126    0.00001   -0.00035     0.5312   102.0242    143.046    145.216         47    34.4995    34.5026    27.2861    27.2887    1482.21    1482.21 0.0000e+00
     100910  86.606812    738.000    732.641     4.9931     4.9927   3.334698   3.334938     1.5330     1.6126   -0.00006   -0.00074     0.5439   102.0200    143.172    145.197         30    34.4995    34.5026    27.2861    27.2887    1482.19    1482.20 0.0000e+00
     100936  86.606827    737.000    731.650     4.9930     4.9928   3.334656   3.334908     1.5337     1.6126   -0.00000   -0.00041     0.5437   102.0265    143.520    145.177         23    34.4996    34.5027    27.2862    27.2887    1482.18    1482.18 0.0000e+00
     100958  86.606834    736.000    730.659     4.9935     4.9933   3.334661   3.334904     1.5342     1.6126   -0.00000   -0.00011     0.5437   102.0187    143.424    145.156         21    34.4996    34.5027    27.2862    27.2886    1482.16    1482.17 0.0000e+00
     100983  86.606850    735.000    729.668     4.9942     4.9939   3.334666   3.334901     1.5343     1.6126   -0.00000    0.00018     0.5437   102.0198    143.221    145.135         30    34.4995    34.5026    27.2860    27.2885    1482.15    1482.15 0.0000e+00
     101022  86.606865    734.000    728.677     4.9943     4.9940   3.334635   3.334877     1.5340     1.6126    0.00001    0.00053     0.5367   102.0259    142.951    145.114         47    34.4995    34.5026    27.2860    27.2885    1482.13    1482.14 0.0000e+00
     101068  86.606888    733.000    727.686     4.9952     4.9950   3.334671   3.334915     1.5325     1.6126 5.3447e-07   -0.00010     0.5309   102.0265    142.774    145.092         48    34.4995    34.5026    27.2858    27.2883    1482.12    1482.12 0.0000e+00
     101120  86.606911    732.000    726.695     4.9965     4.9961   3.334752   3.334980     1.5331     1.6126   -0.00005   -0.00087     0.5285   102.0265    143.320    145.011         51    34.4996    34.5026    27.2858    27.2882    1482.11    1482.11 0.0000e+00
     101161  86.606934    731.000    725.704     4.9982     4.9977   3.334848   3.335076     1.5341     1.6120   -0.00008    0.00022     0.5430   102.0265    143.155    144.782         33    34.4995    34.5026    27.2855    27.2881    1482.10    1482.10 0.0000e+00
     101239  86.606972    730.000    724.713     4.9988     4.9985   3.334865   3.335105     1.5336     1.6123    0.00004    0.00035     0.5448   102.0265    143.145    145.066         47    34.4995    34.5027    27.2854    27.2880    1482.09    1482.09 0.0000e+00
     101971  86.607323    729.000    723.722     4.9994     4.9990   3.334882   3.335118     1.5338     1.6125   -0.00002   -0.00037     0.5419   102.0265    143.354    144.981         55    34.4996    34.5027    27.2854    27.2879    1482.07    1482.07 0.0000e+00
     102291  86.607475    728.000    722.731     5.0012     5.0008   3.334979   3.335218     1.5353     1.6129    0.00001   -0.00037     0.5215   102.0276    143.291    145.122         29    34.4994    34.5025    27.2851    27.2876    1482.06    1482.07 0.0000e+00
     102416  86.607536    727.000    721.740     5.0020     5.0017   3.334998   3.335243     1.5355     1.6127    0.00019    0.00005     0.5303   102.0264    143.147    144.909         40    34.4993    34.5024    27.2849    27.2874    1482.05    1482.05 0.0000e+00
     102458  86.607559    726.000    720.749     5.0035     5.0032   3.335099   3.335334     1.5352     1.6129    0.00012   -0.00000     0.5237   102.0265    143.176    144.929         45    34.4994    34.5024    27.2848    27.2872    1482.04    1482.04 0.0000e+00
     102580  86.607620    725.000    719.758     5.0064     5.0061   3.335308   3.335555     1.5352     1.6136    0.00024   -0.00026     0.5452   102.0265    143.261    145.041         36    34.4993    34.5025    27.2844    27.2869    1482.03    1482.04 0.0000e+00
     102612  86.607635    724.000    718.767     5.0086     5.0084   3.335478   3.335729     1.5355     1.6136    0.00029    0.00013     0.5421   102.0265    143.212    145.007         38    34.4995    34.5026    27.2842    27.2867    1482.03    1482.03 0.0000e+00
     102654  86.607651    723.000    717.776     5.0135     5.0133   3.335885   3.336137     1.5358     1.6135   -0.00005    0.00031     0.5180   102.0265    143.246    144.910         40    34.4997    34.5028    27.2838    27.2863    1482.03    1482.03 0.0000e+00
     102689  86.607666    722.000    716.785     5.0254     5.0249   3.336955   3.337214     1.5361     1.6134   -0.00016    0.00011     0.5448   102.0265    143.057    144.790         31    34.5002    34.5038    27.2829    27.2858    1482.06    1482.07 0.0000e+00
