data/fr25/fr25003.cnv
* Sea-Bird SBE 9 Data File:
* FileName = C:\SEASOFT\PIRATA-FR25\data\fr25003.hex
* Software Version Seasave V 7.23.2
* Temperature SN = 5196
* Conductivity SN = 4355
* Number of Bytes Per Scan = 37
* Number of Voltage Words = 4
* Number of Scans Averaged by the Deck Unit = 1
* NMEA Latitude = 00 01.54 N
* NMEA Longitude = 009 52.63 W
* NMEA UTC (Time) = Mar 24 2015 08:25:49
** Cruise: PIRATA-FR25
** Ship: THALASSA
** Station: 3
** Bottom Depth: 4934
** Pressure frequency switch pos 2:
** Operator: gh yg
** Comments:
# nquan = 24                                
# nvalues = 4041                        
# units = specified
# name 0 = scan: Scan Count
# name 1 = timeJ: Julian Days
# name 2 = prDM: Pressure, Digiquartz [db]
# name 3 = depSM: Depth [salt water, m]
# name 4 = t090C: Temperature [ITS-90, deg C]
# name 5 = t190C: Temperature, 2 [ITS-90, deg C]
# name 6 = c0S/m: Conductivity [S/m]
# name 7 = c1S/m: Conductivity, 2 [S/m]
# name 8 = sbeox0V: Oxygen raw, SBE 43 [V]
# name 9 = sbeox1V: Oxygen raw, SBE 43, 2 [V]
# name 10 = sbeox1dOV/dT: Oxygen, SBE 43, 2 [dov/dt]
# name 11 = sbeox0dOV/dT: Oxygen, SBE 43 [dov/dt]
# name 12 = flECO-AFL: Fluorescence, WET Labs ECO-AFL/FL [mg/m^3]
# name 13 = CStarTr0: Beam Transmission, WET Labs C-Star [%]
# name 14 = sbeox0Mm/Kg: Oxygen, SBE 43 [umol/kg], WS = 2
# name 15 = sbeox1Mm/Kg: Oxygen, SBE 43, 2 [umol/kg], WS = 2
# name 16 = nbin: number of scans per bin
# name 17 = sal00: Salinity, Practical [PSU]
# name 18 = sal11: Salinity, Practical, 2 [PSU]
# name 19 = sigma-é00: Density [sigma-theta, kg/m^3]
# name 20 = sigma-é11: Density, 2 [sigma-theta, kg/m^3]
# name 21 = svCM: Sound Velocity [Chen-Millero, m/s]
# name 22 = svCM1: Sound Velocity, 2 [Chen-Millero, m/s]
# name 23 = flag: flag
# span 0 =        415,     124969       
# span 1 =  83.351463,  83.411530       
# span 2 =      1.000,   2022.000       
# span 3 =      0.995,   2001.219       
# span 4 =     3.5637,    28.5948       
# span 5 =     3.5643,    28.5927       
# span 6 =   3.300388,   5.755381       
# span 7 =   3.300494,   5.754727       
# span 8 =     1.1843,     2.8919       
# span 9 =     1.2429,     3.0559       
# span 10 =   -0.04717,    0.03690      
# span 11 =   -0.04365,    0.03938      
# span 12 =     0.5108,     1.7148      
# span 13 =    87.5627,   102.4743      
# span 14 =     77.033,    238.498      
# span 15 =     77.622,    384.997      
# span 16 =          3,         79      
# span 17 =    34.4847,    36.5073      
# span 18 =    34.4848,    36.5100      
# span 19 =    22.2668,    27.8155      
# span 20 =    22.2693,    27.8163      
# span 21 =    1482.57,    1543.25      
# span 22 =    1482.57,    1543.24      
# span 23 = 0.0000e+00, 0.0000e+00      
# interval = decibars: 1                
# start_time = Mar 24 2015 08:25:49 [System UTC, header]
# bad_flag = -9.990e-29
*END*
[from data line 302]
      11395  83.356758    305.000    303.101     9.6683     9.6727   3.780754   3.781029     1.1909     1.2510   -0.00056   -0.00058     0.5437   102.1661     80.243     81.341         20    34.8909    34.8895    26.9288    26.9270    1493.53    1493.54 0.0000e+00
      11414  83.356766    306.000    304.094     9.6332     9.6354   3.777170   3.777262     1.1902     1.2502   -0.00051   -0.00059     0.5437   102.1609     80.251     81.277         18    34.8876    34.8864    26.9321    26.9308    1493.41    1493.42 0.0000e+00
      11431  83.356773    307.000    305.087     9.6260     9.6272   3.776470   3.776570     1.1893     1.2492   -0.00078   -0.00044     0.5437   102.1600     80.207     81.343         17    34.8869    34.8868    26.9328    26.9325    1493.40    1493.41 0.0000e+00
      11448  83.356781    308.000    306.080     9.6238     9.6249   3.776276   3.776353     1.1890     1.2490   -0.00098   -0.00083     0.5437   102.1569     80.382     81.388         17    34.8865    34.8863    26.9329    26.9325    1493.41    1493.41 0.0000e+00
      11468  83.356789    309.000    307.073     9.6234     9.6245   3.776259   3.776347     1.1892     1.2482   -0.00106   -0.00106     0.5437   102.1592     80.531     81.172         24    34.8863    34.8862    26.9328    26.9325    1493.42    1493.43 0.0000e+00
      11497  83.356804    310.000    308.066     9.6202     9.6214   3.775936   3.776020     1.1893     1.2469   -0.00093   -0.00092     0.5437   102.1632     80.419     81.020         32    34.8857    34.8854    26.9328    26.9324    1493.43    1493.43 0.0000e+00
      11527  83.356819    311.000    309.059     9.6107     9.6112   3.774951   3.774951     1.1887     1.2458   -0.00074    0.00009     0.5437   102.1630     80.049     81.127         27    34.8842    34.8837    26.9333    26.9328    1493.41    1493.41 0.0000e+00
      11552  83.356834    312.000    310.052     9.6078     9.6087   3.774687   3.774754     1.1861     1.2455   -0.00111    0.00012     0.5437   102.1767     79.606     81.097         24    34.8839    34.8836    26.9335    26.9332    1493.41    1493.42 0.0000e+00
      11574  83.356842    313.000    311.045     9.6074     9.6083   3.774695   3.774757     1.1848     1.2446   -0.00103   -0.00025     0.5437   102.1574     79.735     80.847         21    34.8839    34.8836    26.9336    26.9332    1493.43    1493.43 0.0000e+00
      11594  83.356850    314.000    312.038     9.6072     9.6081   3.774713   3.774766     1.1843     1.2438   -0.00062   -0.00117     0.5437   102.1526     79.908     80.866         20    34.8838    34.8835    26.9336    26.9332    1493.44    1493.45 0.0000e+00
      11615  83.356865    315.000    313.031     9.6063     9.6074   3.774659   3.774735     1.1845     1.2435   -0.00044   -0.00225     0.5421   102.1579     80.038     80.925         21    34.8837    34.8834    26.9337    26.9333    1493.46    1493.46 0.0000e+00
      11636  83.356873    316.000    314.024     9.6006     9.6018   3.774060   3.774111     1.1846     1.2429   -0.00082   -0.00142     0.5409   102.1579     80.101     81.050         22    34.8826    34.8820    26.9338    26.9331    1493.45    1493.46 0.0000e+00
      11661  83.356888    317.000    315.017     9.5830     9.5843   3.772257   3.772301     1.1852     1.2434   -0.00086   -0.00042     0.5167   102.1610     80.260     81.529         26    34.8806    34.8797    26.9352    26.9343    1493.40    1493.41 0.0000e+00
      11688  83.356895    318.000    316.010     9.5648     9.5663   3.770431   3.770509     1.1856     1.2446   -0.00052    0.00018     0.5425   102.1459     80.358     81.820         29    34.8789    34.8783    26.9369    26.9362    1493.35    1493.36 0.0000e+00
      11716  83.356911    319.000    317.003     9.5540     9.5551   3.769340   3.769406     1.1865     1.2458    0.00022    0.00041     0.5437   102.1455     80.564     81.923         27    34.8777    34.8773    26.9378    26.9372    1493.33    1493.33 0.0000e+00
      11742  83.356926    320.000    317.996     9.5423     9.5437   3.768133   3.768183     1.1870     1.2466    0.00104    0.00045     0.5437   102.1342     80.583     81.887         23    34.8761    34.8753    26.9385    26.9376    1493.30    1493.30 0.0000e+00
      11764  83.356934    321.000    318.989     9.5176     9.5196   3.765577   3.765639     1.1878     1.2471    0.00105    0.00056     0.5437   102.1260     80.916     82.227         22    34.8733    34.8719    26.9404    26.9390    1493.22    1493.23 0.0000e+00
      11785  83.356941    322.000    319.982     9.4821     9.4838   3.761912   3.761916     1.1892     1.2485    0.00096    0.00081     0.5426   102.1440     81.416     82.719         23    34.8694    34.8678    26.9432    26.9417    1493.10    1493.11 0.0000e+00
      11814  83.356956    323.000    320.975     9.4229     9.4242   3.755929   3.755893     1.1923     1.2510    0.00063    0.00056     0.5332   102.1431     82.057     83.528         34    34.8645    34.8629    26.9492    26.9477    1492.90    1492.90 0.0000e+00
      11851  83.356979    324.000    321.968     9.3746     9.3757   3.750994   3.751061     1.1969     1.2555    0.00153    0.00186     0.5226   102.1370     82.753     84.078         35    34.8599    34.8595    26.9535    26.9530    1492.73    1492.74 0.0000e+00
      11878  83.356987    325.000    322.961     9.3750     9.3760   3.751048   3.751132     1.1998     1.2580    0.00242    0.00267     0.5428   102.1386     82.896     84.050         22    34.8596    34.8595    26.9533    26.9530    1492.75    1492.76 0.0000e+00
      11897  83.357002    326.000    323.954     9.3625     9.3639   3.749695   3.749701     1.2012     1.2589    0.00297    0.00289     0.5419   102.1454     82.918     84.004         17    34.8573    34.8560    26.9535    26.9523    1492.72    1492.72 0.0000e+00
      11913  83.357010    327.000    324.946     9.3485     9.3494   3.748307   3.748331     1.2018     1.2599    0.00273    0.00308     0.5436   102.1332     82.968     84.248         15    34.8561    34.8554    26.9549    26.9542    1492.68    1492.69 0.0000e+00
      11928  83.357010    328.000    325.939     9.3391     9.3405   3.747315   3.747389     1.2027     1.2609    0.00234    0.00277     0.5200   102.1252     83.192     84.492         15    34.8545    34.8539    26.9551    26.9544    1492.66    1492.67 0.0000e+00
      11943  83.357018    329.000    326.932     9.3317     9.3330   3.746564   3.746642     1.2039     1.2620    0.00200    0.00235     0.5188   102.1352     83.406     84.693         16    34.8534    34.8530    26.9555    26.9550    1492.65    1492.66 0.0000e+00
      11962  83.357033    330.000    327.925     9.3266     9.3277   3.746046   3.746111     1.2051     1.2637    0.00139    0.00164     0.5398   102.1281     83.396     84.873         24    34.8525    34.8521    26.9557    26.9552    1492.65    1492.65 0.0000e+00
      12001  83.357048    331.000    328.918     9.3229     9.3231   3.745726   3.745670     1.2064     1.2657    0.00172    0.00146     0.5430   102.1256     83.531     84.760         55    34.8523    34.8516    26.9561    26.9555    1492.65    1492.65 0.0000e+00
      12048  83.357071    332.000    329.911     9.3188     9.3195   3.745311   3.745350     1.2082     1.2667    0.00153    0.00083     0.5437   102.1276     83.676     84.467         30    34.8516    34.8513    26.9562    26.9559    1492.65    1492.65 0.0000e+00
      12070  83.357079    333.000    330.904     9.3122     9.3134   3.744653   3.744712     1.2082     1.2664    0.00098    0.00103     0.5193   102.1217     83.448     84.354         19    34.8507    34.8501    26.9567    26.9560    1492.64    1492.65 0.0000e+00
      12087  83.357094    334.000    331.897     9.2935     9.2954   3.742772   3.742825     1.2078     1.2662    0.00068    0.00089     0.5263   102.1192     83.374     84.456         14    34.8489    34.8476    26.9584    26.9570    1492.59    1492.59 0.0000e+00
      12101  83.357094    335.000    332.890     9.2720     9.2738   3.740661   3.740750     1.2076     1.2662    0.00032    0.00093     0.5442   102.1216     83.377     84.578         14    34.8475    34.8466    26.9607    26.9598    1492.52    1492.53 0.0000e+00
      12114  83.357101    336.000    333.883     9.2578     9.2596   3.739270   3.739378     1.2068     1.2663    0.00006    0.00071     0.5437   102.1121     83.433     84.716         13    34.8464    34.8457    26.9622    26.9614    1492.49    1492.49 0.0000e+00
      12127  83.357109    337.000    334.876     9.2512     9.2525   3.738593   3.738694     1.2070     1.2665   -0.00028    0.00022     0.5437   102.1110     83.807     84.986         14    34.8453    34.8451    26.9625    26.9620    1492.48    1492.48 0.0000e+00
      12143  83.357117    338.000    335.868     9.2321     9.2348   3.736574   3.736691     1.2082     1.2671   -0.00031   -0.00033     0.5437   102.1116     84.284     85.455         18    34.8425    34.8411    26.9633    26.9618    1492.42    1492.43 0.0000e+00
      12192  83.357140    339.000    336.861     9.2252     9.2239   3.735959   3.735720     1.2096     1.2693    0.00085    0.00073     0.5437   102.1184     84.196     85.389         33    34.8424    34.8411    26.9644    26.9637    1492.41    1492.41 0.0000e+00
      12245  83.357170    340.000    337.854     9.1873     9.1850   3.731963   3.731599     1.2099     1.2700    0.00115    0.00067     0.5437   102.1131     84.247     85.238         22    34.8372    34.8356    26.9665    26.9657    1492.28    1492.27 0.0000e+00
      12263  83.357178    341.000    338.847     9.1623     9.1635   3.729555   3.729617     1.2105     1.2700    0.00043   -0.00083     0.5437   102.1206     84.377     85.479         17    34.8360    34.8355    26.9697    26.9691    1492.21    1492.21 0.0000e+00
      12278  83.357185    342.000    339.840     9.1486     9.1507   3.728128   3.728219     1.2108     1.2705    0.00013   -0.00063     0.5437   102.1140     84.410     85.721         15    34.8341    34.8330    26.9704    26.9692    1492.17    1492.18 0.0000e+00
      12293  83.357193    343.000    340.833     9.1327     9.1346   3.726497   3.726575     1.2112     1.2712   -0.00003    0.00008     0.5437   102.1102     84.509     85.880         15    34.8321    34.8311    26.9714    26.9703    1492.13    1492.13 0.0000e+00
      12309  83.357201    344.000    341.826     9.1138     9.1159   3.724480   3.724568     1.2115     1.2717    0.00001    0.00070     0.5437   102.1081     84.706     86.011         18    34.8290    34.8279    26.9721    26.9709    1492.07    1492.08 0.0000e+00
      12333  83.357208    345.000    342.819     9.0936     9.0949   3.722413   3.722496     1.2127     1.2729    0.00042    0.00066     0.5437   102.1142     84.865     86.267         31    34.8268    34.8263    26.9736    26.9730    1492.01    1492.01 0.0000e+00
      12370  83.357224    346.000    343.811     9.0899     9.0905   3.722055   3.722098     1.2135     1.2739    0.00091    0.00070     0.5437   102.1094     84.888     85.994         38    34.8262    34.8260    26.9737    26.9735    1492.01    1492.01 0.0000e+00
      12401  83.357239    347.000    344.804     9.0790     9.0804   3.720964   3.721009     1.2142     1.2739    0.00118    0.00097     0.5437   102.1141     84.882     86.032         26    34.8249    34.8240    26.9745    26.9736    1491.99    1491.99 0.0000e+00
      12424  83.357254    348.000    345.797     9.0693     9.0704   3.720005   3.720072     1.2140     1.2741    0.00072    0.00048     0.5437   102.1333     84.806     85.966         20    34.8240    34.8236    26.9753    26.9748    1491.97    1491.97 0.0000e+00
      12444  83.357262    349.000    346.790     9.0688     9.0697   3.719991   3.720040     1.2136     1.2738    0.00004    0.00054     0.5437   102.1262     84.531     85.859         20    34.8238    34.8234    26.9753    26.9748    1491.98    1491.98 0.0000e+00
      12463  83.357269    350.000    347.783     9.0631     9.0641   3.719418   3.719439     1.2123     1.2736    0.00003    0.00028     0.5437   102.1254     84.476     85.979         18    34.8229    34.8222    26.9755    26.9748    1491.98    1491.98 0.0000e+00
      12481  83.357277    351.000    348.776     9.0517     9.0532   3.718286   3.718380     1.2124     1.2736    0.00020   -0.00001     0.5437   102.1323     84.947     86.034         18    34.8217    34.8213    26.9764    26.9759    1491.95    1491.95 0.0000e+00
      12499  83.357292    352.000    349.768     9.0451     9.0462   3.717654   3.717709     1.2133     1.2737   -0.00018   -0.00029     0.5437   102.1218     85.189     86.059         18    34.8211    34.8207    26.9770    26.9765    1491.94    1491.94 0.0000e+00
      12517  83.357300    353.000    350.761     9.0398     9.0410   3.717120   3.717177     1.2142     1.2737   -0.00031   -0.00116     0.5437   102.1207     85.058     86.081         18    34.8203    34.8197    26.9773    26.9766    1491.94    1491.94 0.0000e+00
      12536  83.357307    354.000    351.754     9.0356     9.0367   3.716723   3.716796     1.2136     1.2737   -0.00004   -0.00065     0.5437   102.1316     84.744     86.146         21    34.8198    34.8195    26.9776    26.9771    1491.94    1491.94 0.0000e+00
      12561  83.357315    355.000    352.747     9.0316     9.0326   3.716332   3.716391     1.2129     1.2738 -6.315e-07    0.00087     0.5437   102.1313     84.828     86.121         32    34.8192    34.8188    26.9777    26.9773    1491.94    1491.94 0.0000e+00
      12607  83.357338    356.000    353.740     9.0210     9.0212   3.715271   3.715267     1.2128     1.2735    0.00006   -0.00042     0.5437   102.1267     84.892     86.037         51    34.8180    34.8177    26.9785    26.9782    1491.91    1491.91 0.0000e+00
      12643  83.357361    357.000    354.732     9.0086     9.0098   3.714092   3.714163     1.2133     1.2729   -0.00008   -0.00002     0.5437   102.1260     85.102     85.777         24    34.8173    34.8168    26.9799    26.9794    1491.88    1491.89 0.0000e+00
      12662  83.357368    358.000    355.725     9.0065     9.0076   3.713939   3.713997     1.2132     1.2722   -0.00005   -0.00020     0.5437   102.1239     84.977     85.617         17    34.8172    34.8167    26.9803    26.9797    1491.89    1491.90 0.0000e+00
      12678  83.357376    359.000    356.718     9.0025     9.0035   3.713559   3.713616     1.2131     1.2715   -0.00031   -0.00028     0.5437   102.1169     84.970     85.690         15    34.8167    34.8163    26.9805    26.9801    1491.89    1491.90 0.0000e+00
      12694  83.357384    360.000    357.711     9.0017     9.0027   3.713521   3.713579     1.2131     1.2712   -0.00038    0.00036     0.5437   102.0991     84.903     85.846         16    34.8166    34.8163    26.9806    26.9802    1491.91    1491.91 0.0000e+00
      12712  83.357391    361.000    358.704     9.0010     9.0020   3.713480   3.713556     1.2126     1.2712   -0.00069    0.00038     0.5437   102.1133     84.887     85.929         21    34.8164    34.8163    26.9806    26.9803    1491.92    1491.92 0.0000e+00
      12739  83.357407    362.000    359.696     9.0006     9.0015   3.713475   3.713530     1.2123     1.2710   -0.00081   -0.00006     0.5437   102.1206     84.877     85.931         36    34.8164    34.8160    26.9806    26.9802    1491.93    1491.94 0.0000e+00
      12782  83.357422    363.000    360.689     8.9987     8.9994   3.713316   3.713350     1.2124     1.2714   -0.00015   -0.00033     0.5437   102.1183     85.072     86.326         44    34.8160    34.8157    26.9807    26.9803    1491.94    1491.95 0.0000e+00
      12816  83.357445    364.000    361.682     8.9966     8.9976   3.713155   3.713213     1.2129     1.2730   -0.00001   -0.00031     0.5437   102.1130     85.096     86.680         25    34.8159    34.8156    26.9809    26.9806    1491.95    1491.96 0.0000e+00
