data/fr25/fr25002.cnv
* Sea-Bird SBE 9 Data File:
* FileName = C:\SEASOFT\PIRATA-FR25\data\fr25002.hex
* Software Version Seasave V 7.23.2
* Temperature SN = 5196
* Conductivity SN = 4355
* Number of Bytes Per Scan = 37
* Number of Voltage Words = 4
* Number of Scans Averaged by the Deck Unit = 1
* NMEA Latitude = 02 59.87 N
* NMEA Longitude = 012 29.80 W
* NMEA UTC (Time) = Mar 22 2015 13:59:54
** Cruise: PIRATA-FR25
** Ship: THALASSA
** Station: 2
** Bottom Depth: 4556
** Pressure frequency switch pos 2:
** Operator: JH/AF
** Comments:
# nquan = 24                                
# nvalues = 4040                        
# units = specified
# name 0 = scan: Scan Count
# name 1 = timeJ: Julian Days
# name 2 = prDM: Pressure, Digiquartz [db]
# name 3 = depSM: Depth [salt water, m]
# name 4 = t090C: Temperature [ITS-90, deg C]
# name 5 = t190C: Temperature, 2 [ITS-90, deg C]
# name 6 = c0S/m: Conductivity [S/m]
# name 7 = c1S/m: Conductivity, 2 [S/m]
# name 8 = sbeox0V: Oxygen raw, SBE 43 [V]
# name 9 = sbeox1V: Oxygen raw, SBE 43, 2 [V]
# name 10 = sbeox1dOV/dT: Oxygen, SBE 43, 2 [dov/dt]
# name 11 = sbeox0dOV/dT: Oxygen, SBE 43 [dov/dt]
# name 12 = flECO-AFL: Fluorescence, WET Labs ECO-AFL/FL [mg/m^3]
# name 13 = CStarTr0: Beam Transmission, WET Labs C-Star [%]
# name 14 = sbeox0Mm/Kg: Oxygen, SBE 43 [umol/kg], WS = 2
# name 15 = sbeox1Mm/Kg: Oxygen, SBE 43, 2 [umol/kg], WS = 2
# name 16 = nbin: number of scans per bin
# name 17 = sal00: Salinity, Practical [PSU]
# name 18 = sal11: Salinity, Practical, 2 [PSU]
# name 19 = sigma-é00: Density [sigma-theta, kg/m^3]
# name 20 = sigma-é11: Density, 2 [sigma-theta, kg/m^3]
# name 21 = svCM: Sound Velocity [Chen-Millero, m/s]
# name 22 = svCM1: Sound Velocity, 2 [Chen-Millero, m/s]
# name 23 = flag: flag
# span 0 =       1318,     155699       
# span 1 =  81.583900,  81.658348       
# span 2 =      2.000,   2022.000       
# span 3 =      1.989,   2001.190       
# span 4 =     3.4875,    29.5714       
# span 5 =     3.4879,    29.5694       
# span 6 =   3.293295,   5.799563       
# span 7 =   3.293373,   5.799522       
# span 8 =     1.1874,     3.0606       
# span 9 =     1.2442,     3.2089       
# span 10 =   -0.15365,    0.06411      
# span 11 =   -0.14716,    0.06548      
# span 12 =     0.5118,     3.2714      
# span 13 =    93.2626,   102.5948      
# span 14 =     78.743,    234.044      
# span 15 =     77.340,    235.132      
# span 16 =          0,         75      
# span 17 =    34.5252,    35.9526      
# span 18 =    34.5261,    35.9638      
# span 19 =    21.9210,    27.8193      
# span 20 =    21.9225,    27.8196      
# span 21 =    1483.09,    1544.83      
# span 22 =    1483.10,    1544.83      
# span 23 = 0.0000e+00, 0.0000e+00      
# interval = decibars: 1                
# start_time = Mar 22 2015 13:59:54 [System UTC, header]
# bad_flag = -9.990e-29
*END*
[from data line 665]
      20688  81.593239    668.000    663.251     5.6622     5.6627   3.395635   3.395639     1.4209     1.4894    0.00127    0.00094     0.5437   102.3550    124.221    126.017         24    34.5446    34.5441    27.2422    27.2418    1483.80    1483.80 0.0000e+00
      20718  81.593254    669.000    664.242     5.6599     5.6603   3.395452   3.395448     1.4213     1.4903    0.00092    0.00069     0.5341   102.3446    124.536    125.931         37    34.5444    34.5440    27.2423    27.2419    1483.81    1483.81 0.0000e+00
      20758  81.593277    670.000    665.234     5.6554     5.6559   3.395068   3.395046     1.4225     1.4910    0.00100    0.00027     0.5397   102.3587    124.542    125.662         39    34.5441    34.5434    27.2426    27.2420    1483.81    1483.81 0.0000e+00
      20792  81.593292    671.000    666.225     5.6413     5.6419   3.393744   3.393699     1.4224     1.4906    0.00062    0.00083     0.5441   102.3599    124.417    125.750         30    34.5431    34.5420    27.2435    27.2426    1483.77    1483.77 0.0000e+00
      20819  81.593300    672.000    667.216     5.6230     5.6237   3.392056   3.392061     1.4222     1.4914    0.00022    0.00063     0.5551   102.3542    124.527    126.462         24    34.5421    34.5414    27.2450    27.2444    1483.71    1483.71 0.0000e+00
      20841  81.593315    673.000    668.208     5.6164     5.6174   3.391435   3.391447     1.4224     1.4924   -0.00023   -0.00012     0.5407   102.3483    124.745    126.647         21    34.5412    34.5404    27.2451    27.2444    1483.70    1483.70 0.0000e+00
      20861  81.593323    674.000    669.199     5.6004     5.6015   3.389910   3.389904     1.4228     1.4931   -0.00001   -0.00016     0.5393   102.3458    125.385    127.403         19    34.5398    34.5386    27.2460    27.2449    1483.65    1483.65 0.0000e+00
      20880  81.593330    675.000    670.190     5.5639     5.5661   3.386387   3.386373     1.4252     1.4956    0.00074   -0.00010     0.5352   102.3447    126.761    129.000         19    34.5367    34.5342    27.2479    27.2457    1483.51    1483.52 0.0000e+00
      20901  81.593346    676.000    671.181     5.5410     5.5418   3.384325   3.384338     1.4297     1.4998    0.00103    0.00013     0.5391   102.3544    128.128    130.244         25    34.5361    34.5354    27.2503    27.2496    1483.44    1483.44 0.0000e+00
      20934  81.593361    677.000    672.173     5.5315     5.5317   3.383443   3.383407     1.4382     1.5061    0.00227    0.00205     0.5436   102.3588    129.251    130.718         41    34.5353    34.5347    27.2507    27.2502    1483.41    1483.41 0.0000e+00
      20973  81.593376    678.000    673.164     5.5221     5.5227   3.382670   3.382674     1.4456     1.5120    0.00489    0.00575     0.5437   102.3589    129.459    130.950         32    34.5356    34.5350    27.2521    27.2516    1483.39    1483.40 0.0000e+00
      20999  81.593391    679.000    674.155     5.5190     5.5195   3.382437   3.382432     1.4482     1.5154    0.00438    0.00596     0.5420   102.3638    129.358    130.960         22    34.5357    34.5350    27.2526    27.2520    1483.40    1483.40 0.0000e+00
      21020  81.593399    680.000    675.146     5.5155     5.5161   3.382159   3.382162     1.4500     1.5169    0.00378    0.00485     0.5387   102.3591    129.535    130.902         19    34.5356    34.5349    27.2529    27.2524    1483.40    1483.40 0.0000e+00
      21038  81.593407    681.000    676.138     5.5115     5.5122   3.381815   3.381814     1.4513     1.5188    0.00331    0.00378     0.5352   102.3558    129.661    131.091         18    34.5353    34.5345    27.2532    27.2525    1483.40    1483.40 0.0000e+00
      21056  81.593414    682.000    677.129     5.5075     5.5081   3.381490   3.381488     1.4524     1.5197    0.00302    0.00265     0.5329   102.3442    129.670    130.907         19    34.5351    34.5345    27.2536    27.2530    1483.40    1483.40 0.0000e+00
      21076  81.593430    683.000    678.120     5.5032     5.5038   3.381130   3.381131     1.4532     1.5207    0.00230    0.00207     0.5342   102.3561    129.635    130.993         23    34.5349    34.5343    27.2539    27.2534    1483.40    1483.40 0.0000e+00
      21106  81.593445    684.000    679.111     5.4995     5.5000   3.380833   3.380829     1.4540     1.5223    0.00182    0.00166     0.5334   102.3621    129.826    131.286         40    34.5348    34.5343    27.2543    27.2539    1483.40    1483.40 0.0000e+00
      21154  81.593468    685.000    680.103     5.4968     5.4972   3.380620   3.380621     1.4557     1.5246    0.00119    0.00078     0.5351   102.3664    129.938    131.340         45    34.5347    34.5343    27.2545    27.2542    1483.41    1483.41 0.0000e+00
      21189  81.593483    686.000    681.094     5.4901     5.4906   3.380032   3.380016     1.4563     1.5255    0.00128    0.00093     0.5382   102.3728    130.177    131.315         29    34.5344    34.5336    27.2551    27.2544    1483.39    1483.40 0.0000e+00
      21214  81.593491    687.000    682.085     5.4791     5.4797   3.379034   3.379021     1.4576     1.5261    0.00112    0.00063     0.5350   102.3548    130.564    131.574         23    34.5337    34.5330    27.2559    27.2553    1483.37    1483.37 0.0000e+00
      21235  81.593506    688.000    683.076     5.4679     5.4689   3.377986   3.377978     1.4586     1.5269    0.00052    0.00042     0.5303   102.3487    130.778    131.811         19    34.5328    34.5317    27.2565    27.2556    1483.34    1483.34 0.0000e+00
      21254  81.593513    689.000    684.067     5.4558     5.4567   3.376863   3.376868     1.4596     1.5273    0.00053    0.00067     0.5403   102.3594    130.907    131.919         18    34.5319    34.5310    27.2573    27.2564    1483.30    1483.31 0.0000e+00
      21272  81.593521    690.000    685.059     5.4475     5.4481   3.376129   3.376133     1.4604     1.5283    0.00063    0.00102     0.5404   102.3628    131.080    132.383         19    34.5316    34.5310    27.2580    27.2575    1483.29    1483.29 0.0000e+00
      21291  81.593529    691.000    686.050     5.4391     5.4400   3.375336   3.375326     1.4614     1.5295    0.00080    0.00124     0.5362   102.3545    131.492    132.932         20    34.5306    34.5296    27.2582    27.2573    1483.27    1483.27 0.0000e+00
      21314  81.593544    692.000    687.041     5.4171     5.4178   3.373351   3.373338     1.4637     1.5317    0.00084    0.00123     0.5379   102.3524    132.144    133.511         27    34.5300    34.5291    27.2604    27.2596    1483.19    1483.20 0.0000e+00
      21345  81.593559    693.000    688.032     5.4007     5.4011   3.371819   3.371797     1.4663     1.5344    0.00137    0.00121     0.5367   102.3708    132.253    133.942         34    34.5289    34.5281    27.2615    27.2609    1483.14    1483.14 0.0000e+00
      21379  81.593575    694.000    689.023     5.3903     5.3909   3.370894   3.370902     1.4679     1.5374    0.00217    0.00229     0.5309   102.3718    132.300    133.948         32    34.5284    34.5279    27.2624    27.2619    1483.12    1483.12 0.0000e+00
      21408  81.593590    695.000    690.015     5.3805     5.3812   3.370028   3.370027     1.4692     1.5388    0.00216    0.00183     0.5354   102.3579    132.438    133.963         27    34.5281    34.5274    27.2633    27.2626    1483.09    1483.10 0.0000e+00
      21435  81.593597    696.000    691.006     5.3767     5.3771   3.369727   3.369720     1.4695     1.5396    0.00206    0.00114     0.5334   102.3610    132.194    133.408         26    34.5281    34.5276    27.2638    27.2633    1483.09    1483.10 0.0000e+00
      21460  81.593613    697.000    691.997     5.3735     5.3741   3.369495   3.369504     1.4690     1.5392    0.00128    0.00100     0.5356   102.3654    132.014    133.046         24    34.5282    34.5277    27.2643    27.2638    1483.10    1483.10 0.0000e+00
      21484  81.593628    698.000    692.988     5.3727     5.3732   3.369471   3.369481     1.4687     1.5387    0.00103    0.00060     0.5346   102.3551    132.131    133.090         26    34.5282    34.5278    27.2643    27.2640    1483.11    1483.11 0.0000e+00
      21511  81.593636    699.000    693.979     5.3727     5.3732   3.369524   3.369531     1.4688     1.5384   -0.00014   -0.00004     0.5423   102.3363    132.171    133.236         27    34.5283    34.5279    27.2644    27.2640    1483.13    1483.13 0.0000e+00
      21538  81.593651    700.000    694.970     5.3728     5.3733   3.369581   3.369588     1.4688     1.5384   -0.00048   -0.00068     0.5437   102.3600    132.204    133.139         27    34.5284    34.5279    27.2645    27.2641    1483.15    1483.15 0.0000e+00
      21564  81.593666    701.000    695.961     5.3718     5.3724   3.369538   3.369555     1.4689     1.5380   -0.00030   -0.00016     0.5437   102.3531    132.305    133.143         24    34.5284    34.5280    27.2647    27.2643    1483.16    1483.16 0.0000e+00
      21587  81.593674    702.000    696.953     5.3705     5.3710   3.369455   3.369460     1.4691     1.5379   -0.00007    0.00025     0.5437   102.3616    132.221    133.298         23    34.5283    34.5279    27.2647    27.2643    1483.17    1483.17 0.0000e+00
      21610  81.593681    703.000    697.944     5.3670     5.3676   3.369156   3.369162     1.4685     1.5379   -0.00027    0.00004     0.5437   102.3565    131.964    133.381         25    34.5280    34.5275    27.2649    27.2644    1483.17    1483.17 0.0000e+00
      21637  81.593697    704.000    698.935     5.3627     5.3632   3.368782   3.368776     1.4681     1.5381   -0.00019    0.00024     0.5437   102.3640    132.061    133.383         27    34.5277    34.5271    27.2652    27.2646    1483.17    1483.17 0.0000e+00
      21664  81.593712    705.000    699.926     5.3572     5.3577   3.368293   3.368295     1.4674     1.5384    0.00002   -0.00026     0.5437   102.3784    132.174    133.557         27    34.5272    34.5267    27.2655    27.2650    1483.16    1483.16 0.0000e+00
      21691  81.593727    706.000    700.917     5.3537     5.3542   3.368002   3.368010     1.4685     1.5384    0.00006   -0.00056     0.5404   102.3686    132.589    133.486         28    34.5269    34.5265    27.2657    27.2653    1483.17    1483.17 0.0000e+00
      21721  81.593735    707.000    701.908     5.3487     5.3492   3.367573   3.367565     1.4689     1.5384   -0.00004   -0.00030     0.5379   102.3650    132.553    133.507         30    34.5267    34.5261    27.2661    27.2656    1483.16    1483.16 0.0000e+00
      21749  81.593750    708.000    702.899     5.3423     5.3429   3.367070   3.367071     1.4690     1.5382    0.00028    0.00060     0.5358   102.3750    132.105    133.198         27    34.5270    34.5265    27.2671    27.2666    1483.15    1483.15 0.0000e+00
      21774  81.593765    709.000    703.890     5.3394     5.3399   3.366939   3.366944     1.4676     1.5374    0.00014    0.00048     0.5361   102.3613    131.997    132.790         23    34.5280    34.5276    27.2683    27.2678    1483.16    1483.16 0.0000e+00
      21797  81.593773    710.000    704.882     5.3364     5.3369   3.366784   3.366785     1.4672     1.5363   -0.00003    0.00037     0.5395   102.3627    131.926    132.478         22    34.5288    34.5283    27.2693    27.2688    1483.16    1483.17 0.0000e+00
      21819  81.593788    711.000    705.873     5.3333     5.3338   3.366564   3.366568     1.4660     1.5350   -0.00046   -0.00083     0.5364   102.3589    131.647    132.296         24    34.5290    34.5285    27.2698    27.2693    1483.17    1483.17 0.0000e+00
      21844  81.593796    712.000    706.864     5.3311     5.3317   3.366401   3.366406     1.4651     1.5333   -0.00098   -0.00081     0.5384   102.3589    131.641    132.055         25    34.5289    34.5283    27.2699    27.2694    1483.18    1483.18 0.0000e+00
      21868  81.593811    713.000    707.855     5.3274     5.3280   3.366090   3.366094     1.4637     1.5322   -0.00134   -0.00084     0.5344   102.3589    131.433    132.225         24    34.5286    34.5281    27.2702    27.2697    1483.18    1483.18 0.0000e+00
      21893  81.593819    714.000    708.846     5.3193     5.3199   3.365407   3.365416     1.4632     1.5312   -0.00144   -0.00116     0.5391   102.3608    131.855    132.570         25    34.5286    34.5281    27.2711    27.2706    1483.16    1483.16 0.0000e+00
      21921  81.593834    715.000    709.837     5.3142     5.3146   3.364991   3.364981     1.4637     1.5314   -0.00137   -0.00106     0.5401   102.3638    132.047    133.058         32    34.5286    34.5280    27.2717    27.2713    1483.16    1483.16 0.0000e+00
      21956  81.593849    716.000    710.828     5.3076     5.3080   3.364434   3.364432     1.4639     1.5325   -0.00063   -0.00040     0.5352   102.3712    132.208    133.643         36    34.5285    34.5281    27.2724    27.2721    1483.15    1483.15 0.0000e+00
      21990  81.593864    717.000    711.819     5.3038     5.3043   3.364137   3.364137     1.4654     1.5340    0.00030    0.00028     0.5351   102.3620    132.674    133.893         33    34.5285    34.5280    27.2729    27.2725    1483.15    1483.15 0.0000e+00
      22020  81.593880    718.000    712.810     5.3006     5.3011   3.363880   3.363876     1.4664     1.5351    0.00092    0.00026     0.5390   102.3699    132.753    134.067         26    34.5283    34.5278    27.2732    27.2727    1483.15    1483.15 0.0000e+00
      22045  81.593895    719.000    713.801     5.2969     5.2974   3.363600   3.363612     1.4677     1.5361    0.00108    0.00100     0.5329   102.3783    133.121    134.281         23    34.5285    34.5281    27.2737    27.2734    1483.15    1483.15 0.0000e+00
      22066  81.593903    720.000    714.792     5.2978     5.2981   3.363772   3.363767     1.4684     1.5373    0.00093    0.00108     0.5364   102.3588    132.984    134.302         21    34.5289    34.5286    27.2740    27.2737    1483.17    1483.17 0.0000e+00
      22087  81.593918    721.000    715.783     5.3011     5.3017   3.364181   3.364224     1.4689     1.5377    0.00098    0.00079     0.5406   102.3663    132.856    133.982         20    34.5298    34.5297    27.2743    27.2741    1483.20    1483.21 0.0000e+00
      22107  81.593925    722.000    716.774     5.3048     5.3054   3.364619   3.364644     1.4687     1.5376    0.00109    0.00115     0.5353   102.3606    132.615    133.654         21    34.5305    34.5301    27.2744    27.2741    1483.24    1483.24 0.0000e+00
      22128  81.593933    723.000    717.766     5.3163     5.3178   3.366003   3.366193     1.4681     1.5372    0.00098    0.00098     0.5363   102.3447    132.143    132.875         22    34.5340    34.5346    27.2759    27.2762    1483.30    1483.31 0.0000e+00
      22153  81.593948    724.000    718.757     5.3283     5.3275   3.367352   3.367228     1.4660     1.5347    0.00043    0.00025     0.5391   102.3749    131.153    131.391         27    34.5366    34.5360    27.2765    27.2762    1483.37    1483.37 0.0000e+00
      22185  81.593964    725.000    719.748     5.3598     5.3594   3.370887   3.370880     1.4599     1.5283   -0.00054   -0.00060     0.5360   102.3790    128.855    128.195         37    34.5442    34.5445    27.2788    27.2791    1483.53    1483.52 0.0000e+00
      22220  81.593979    726.000    720.739     5.3826     5.3808   3.373385   3.373187     1.4479     1.5160   -0.00281   -0.00264     0.5372   102.3747    126.163    125.281         32    34.5488    34.5484    27.2798    27.2797    1483.64    1483.63 0.0000e+00
