data/fr25/fr25004.cnv
* Sea-Bird SBE 9 Data File:
* FileName = C:\SEASOFT\PIRATA-FR25\data\fr25004.hex
* Software Version Seasave V 7.23.2
* Temperature SN = 5196
* Conductivity SN = 4355
* Number of Bytes Per Scan = 37
* Number of Voltage Words = 4
* Number of Scans Averaged by the Deck Unit = 1
* NMEA Latitude = 00 01.16 S
* NMEA Longitude = 000 03.44 W
* NMEA UTC (Time) = Mar 27 2015 13:23:37
** Cruise: PIRATA-FR25
** Ship: THALASSA
** Station: 4
** Bottom Depth: 4911
** Pressure frequency switch pos 2:
** Operator: JH/YG
** Comments:
# nquan = 24                                
# nvalues = 4040                        
# units = specified
# name 0 = scan: Scan Count
# name 1 = timeJ: Julian Days
# name 2 = prDM: Pressure, Digiquartz [db]
# name 3 = depSM: Depth [salt water, m]
# name 4 = t090C: Temperature [ITS-90, deg C]
# name 5 = t190C: Temperature, 2 [ITS-90, deg C]
# name 6 = c0S/m: Conductivity [S/m]
# name 7 = c1S/m: Conductivity, 2 [S/m]
# name 8 = sbeox0V: Oxygen raw, SBE 43 [V]
# name 9 = sbeox1V: Oxygen raw, SBE 43, 2 [V]
# name 10 = sbeox1dOV/dT: Oxygen, SBE 43, 2 [dov/dt]
# name 11 = sbeox0dOV/dT: Oxygen, SBE 43 [dov/dt]
# name 12 = flECO-AFL: Fluorescence, WET Labs ECO-AFL/FL [mg/m^3]
# name 13 = CStarTr0: Beam Transmission, WET Labs C-Star [%]
# name 14 = sbeox0Mm/Kg: Oxygen, SBE 43 [umol/kg], WS = 2
# name 15 = sbeox1Mm/Kg: Oxygen, SBE 43, 2 [umol/kg], WS = 2
# name 16 = nbin: number of scans per bin
# name 17 = sal00: Salinity, Practical [PSU]
# name 18 = sal11: Salinity, Practical, 2 [PSU]
# name 19 = sigma-é00: Density [sigma-theta, kg/m^3]
# name 20 = sigma-é11: Density, 2 [sigma-theta, kg/m^3]
# name 21 = svCM: Sound Velocity [Chen-Millero, m/s]
# name 22 = svCM1: Sound Velocity, 2 [Chen-Millero, m/s]
# name 23 = flag: flag
# span 0 =       1148,     140753       
# span 1 =  86.558701,  86.626022       
# span 2 =      2.000,   2022.000       
# span 3 =      1.989,   2001.219       
# span 4 =     3.5823,    29.2970       
# span 5 =     3.5827,    29.2905       
# span 6 =   3.301894,   5.626270       
# span 7 =   3.302154,   5.626151       
# span 8 =     1.0618,     2.8739       
# span 9 =     1.1172,     3.0779       
# span 10 =   -0.04962,    0.05325      
# span 11 =   -0.05029,    0.04554      
# span 12 =     0.5073,     2.1067      
# span 13 =    85.4043,   102.1126      
# span 14 =     62.316,    233.853      
# span 15 =     63.058,    236.063      
# span 16 =          4,         75      
# span 17 =    34.0637,    36.3491      
# span 18 =    34.0672,    36.3602      
# span 19 =    21.2719,    27.8118      
# span 20 =    21.2750,    27.8137      
# span 21 =    1482.03,    1543.21      
# span 22 =    1482.03,    1543.20      
# span 23 = 0.0000e+00, 0.0000e+00      
# interval = decibars: 1                
# start_time = Mar 27 2015 13:23:44 [System UTC, header]
# bad_flag = -9.990e-29
*END*
[from data line 3140]
      96812  86.604836    901.000    894.109     4.6365     4.6365   3.314427   3.314669     1.4950     1.5710   -0.00016    0.00016     0.5437   102.0407    142.087    144.097         24    34.5516    34.5544    27.3690    27.3712    1483.50    1483.50 0.0000e+00
      96835  86.604851    900.000    893.119     4.6381     4.6380   3.314334   3.314569     1.4956     1.5712    0.00012    0.00001     0.5437   102.0389    142.347    144.056         23    34.5493    34.5522    27.3670    27.3693    1483.48    1483.49 0.0000e+00
      96858  86.604858    899.000    892.128     4.6414     4.6412   3.314317   3.314574     1.4962     1.5714    0.00038    0.00007     0.5437   102.0332    142.219    143.987         22    34.5463    34.5494    27.3642    27.3667    1483.48    1483.48 0.0000e+00
      96879  86.604866    898.000    891.138     4.6495     4.6493   3.314853   3.315117     1.4961     1.5714    0.00029    0.00017     0.5437   102.0328    142.081    143.745         22    34.5446    34.5479    27.3619    27.3646    1483.49    1483.49 0.0000e+00
      96903  86.604881    897.000    890.148     4.6556     4.6553   3.315295   3.315555     1.4962     1.5708    0.00020    0.00061     0.5437   102.0353    141.848    143.215         27    34.5440    34.5473    27.3608    27.3635    1483.50    1483.50 0.0000e+00
      96936  86.604897    896.000    889.158     4.6641     4.6642   3.316001   3.316258     1.4954     1.5700    0.00005    0.00019     0.5437   102.0266    141.711    143.173         35    34.5438    34.5467    27.3597    27.3620    1483.52    1483.52 0.0000e+00
      96967  86.604912    895.000    888.167     4.6680     4.6677   3.316224   3.316470     1.4950     1.5691   -0.00064   -0.00014     0.5437   102.0342    141.570    143.032         26    34.5428    34.5460    27.3585    27.3611    1483.52    1483.52 0.0000e+00
      96990  86.604919    894.000    887.177     4.6705     4.6703   3.316298   3.316545     1.4948     1.5686   -0.00066   -0.00059     0.5437   102.0315    141.710    142.898         22    34.5417    34.5447    27.3573    27.3598    1483.51    1483.51 0.0000e+00
      97011  86.604935    893.000    886.187     4.6728     4.6727   3.316413   3.316677     1.4948     1.5679   -0.00059   -0.00019     0.5437   102.0266    141.586    142.940         22    34.5411    34.5443    27.3566    27.3591    1483.50    1483.50 0.0000e+00
      97035  86.604942    892.000    885.197     4.6767     4.6765   3.316628   3.316881     1.4945     1.5682   -0.00059   -0.00045     0.5437   102.0265    141.497    143.563         25    34.5401    34.5432    27.3554    27.3578    1483.50    1483.50 0.0000e+00
      97059  86.604958    891.000    884.206     4.6783     4.6782   3.316717   3.316974     1.4941     1.5687   -0.00059   -0.00005     0.5437   102.0265    141.350    143.611         22    34.5399    34.5430    27.3550    27.3575    1483.49    1483.49 0.0000e+00
      97080  86.604965    890.000    883.216     4.6816     4.6815   3.316938   3.317203     1.4939     1.5689   -0.00051   -0.00018     0.5437   102.0265    141.505    143.297         21    34.5396    34.5428    27.3544    27.3569    1483.48    1483.49 0.0000e+00
      97102  86.604973    889.000    882.226     4.6831     4.6828   3.317020   3.317260     1.4941     1.5689    0.00030   -0.00024     0.5437   102.0265    141.473    143.238         24    34.5395    34.5426    27.3541    27.3566    1483.47    1483.48 0.0000e+00
      97128  86.604988    888.000    881.236     4.6840     4.6837   3.317037   3.317270     1.4938     1.5689    0.00025   -0.00038     0.5437   102.0265    141.209    143.238         28    34.5393    34.5422    27.3538    27.3562    1483.46    1483.46 0.0000e+00
      97159  86.605003    887.000    880.245     4.6870     4.6864   3.317172   3.317399     1.4936     1.5691    0.00013    0.00013     0.5437   102.0265    141.348    143.394         32    34.5382    34.5415    27.3526    27.3553    1483.45    1483.46 0.0000e+00
      97190  86.605019    886.000    879.255     4.6951     4.6951   3.317696   3.317961     1.4935     1.5695    0.00014   -0.00037     0.5437   102.0246    141.208    143.438         30    34.5365    34.5395    27.3504    27.3528    1483.47    1483.47 0.0000e+00
      97217  86.605034    885.000    878.265     4.6971     4.6967   3.317762   3.317990     1.4930     1.5697    0.00015   -0.00014     0.5437   102.0218    141.019    143.300         24    34.5356    34.5387    27.3495    27.3519    1483.46    1483.46 0.0000e+00
      97239  86.605042    884.000    877.274     4.6983     4.6979   3.317792   3.318021     1.4929     1.5697    0.00030   -0.00003     0.5437   102.0319    141.302    143.314         20    34.5352    34.5382    27.3490    27.3515    1483.45    1483.45 0.0000e+00
      97258  86.605049    883.000    876.284     4.6998     4.6996   3.317864   3.318132     1.4934     1.5701    0.00030   -0.00010     0.5437   102.0203    141.580    143.420         18    34.5350    34.5384    27.3487    27.3514    1483.44    1483.44 0.0000e+00
      97275  86.605057    882.000    875.294     4.7026     4.7024   3.318027   3.318278     1.4941     1.5701    0.00026   -0.00040     0.5437   102.0250    141.616    143.226         18    34.5345    34.5376    27.3479    27.3504    1483.43    1483.43 0.0000e+00
      97296  86.605072    881.000    874.304     4.7034     4.7031   3.318003   3.318238     1.4945     1.5701    0.00007   -0.00021     0.5437   102.0085    141.479    143.184         24    34.5339    34.5369    27.3474    27.3498    1483.42    1483.42 0.0000e+00
      97327  86.605087    880.000    873.313     4.7032     4.7030   3.317897   3.318135     1.4948     1.5701    0.00005    0.00071     0.5437   102.0195    141.363    143.197         37    34.5333    34.5363    27.3469    27.3493    1483.40    1483.40 0.0000e+00
      97359  86.605103    879.000    872.323     4.7038     4.7036   3.317859   3.318092     1.4945     1.5703   -0.00006    0.00049     0.5437   102.0161    141.172    143.268         26    34.5328    34.5357    27.3464    27.3488    1483.38    1483.39 0.0000e+00
      97382  86.605110    878.000    871.333     4.7049     4.7045   3.317913   3.318142     1.4946     1.5703    0.00028    0.00025     0.5437   102.0238    141.390    143.235         20    34.5328    34.5358    27.3463    27.3488    1483.37    1483.37 0.0000e+00
      97403  86.605118    877.000    870.342     4.7064     4.7061   3.318017   3.318248     1.4948     1.5705    0.00013    0.00002     0.5257   102.0252    141.391    143.382         22    34.5329    34.5360    27.3462    27.3487    1483.36    1483.36 0.0000e+00
      97429  86.605133    876.000    869.352     4.7093     4.7089   3.318241   3.318475     1.4952     1.5708    0.00014   -0.00024     0.5392   102.0265    141.437    143.254         31    34.5330    34.5362    27.3460    27.3485    1483.36    1483.36 0.0000e+00
      97462  86.605148    875.000    868.362     4.7117     4.7115   3.318418   3.318666     1.4950     1.5712    0.00024    0.00027     0.5448   102.0265    141.129    143.427         32    34.5331    34.5362    27.3458    27.3483    1483.35    1483.35 0.0000e+00
      97488  86.605164    874.000    867.371     4.7130     4.7126   3.318482   3.318717     1.4950     1.5713    0.00010    0.00041     0.5436   102.0265    141.349    143.177         22    34.5330    34.5362    27.3456    27.3481    1483.34    1483.34 0.0000e+00
      97509  86.605171    873.000    866.381     4.7135     4.7130   3.318478   3.318713     1.4954     1.5713    0.00013    0.00013     0.5437   102.0250    141.492    143.164         19    34.5329    34.5362    27.3454    27.3480    1483.33    1483.33 0.0000e+00
      97528  86.605179    872.000    865.391     4.7176     4.7172   3.318793   3.319058     1.4958     1.5713    0.00025   -0.00033     0.5437   102.0252    141.591    143.262         21    34.5328    34.5363    27.3449    27.3477    1483.33    1483.33 0.0000e+00
      97550  86.605194    871.000    864.400     4.7318     4.7320   3.319917   3.320232     1.4966     1.5721    0.00011    0.00006     0.5437   102.0197    141.682    143.567         25    34.5317    34.5352    27.3424    27.3451    1483.37    1483.37 0.0000e+00
      97579  86.605202    870.000    863.410     4.7479     4.7475   3.321117   3.321380     1.4973     1.5725    0.00016    0.00051     0.5437   102.0176    141.438    143.320         31    34.5295    34.5329    27.3388    27.3416    1483.41    1483.42 0.0000e+00
      97608  86.605217    869.000    862.419     4.7614     4.7608   3.322228   3.322488     1.4970     1.5725    0.00066    0.00071     0.5437   102.0160    141.175    143.078         25    34.5289    34.5325    27.3369    27.3398    1483.45    1483.45 0.0000e+00
      97631  86.605232    868.000    861.429     4.7675     4.7677   3.322681   3.322984     1.4972     1.5725    0.00059    0.00076     0.5437   102.0139    141.374    143.036         21    34.5284    34.5317    27.3357    27.3384    1483.46    1483.46 0.0000e+00
      97651  86.605240    867.000    860.439     4.7695     4.7695   3.322670   3.322920     1.4974     1.5725    0.00023    0.00020     0.5437   102.0145    141.302    143.013         21    34.5266    34.5295    27.3342    27.3364    1483.45    1483.45 0.0000e+00
      97673  86.605247    866.000    859.448     4.7645     4.7642   3.321927   3.322102     1.4974     1.5725    0.00022   -0.00023     0.5437   102.0212    141.305    143.034         24    34.5237    34.5261    27.3323    27.3343    1483.41    1483.41 0.0000e+00
      97700  86.605263    865.000    858.458     4.7595     4.7591   3.321196   3.321398     1.4976     1.5726   -0.00031    0.00020     0.5446   102.0066    141.420    143.306         31    34.5209    34.5236    27.3307    27.3329    1483.37    1483.37 0.0000e+00
      97730  86.605278    864.000    857.468     4.7625     4.7615   3.321370   3.321559     1.4984     1.5735   -0.00003    0.00012     0.5436   102.0202    141.735    143.546         26    34.5203    34.5236    27.3299    27.3326    1483.36    1483.36 0.0000e+00
      97754  86.605293    863.000    856.477     4.7717     4.7713   3.322192   3.322486     1.4991     1.5738    0.00007    0.00014     0.5194   101.8134    141.478    143.327         22    34.5208    34.5247    27.3292    27.3324    1483.38    1483.39 0.0000e+00
      97775  86.605301    862.000    855.487     4.7868     4.7863   3.323601   3.323931     1.4988     1.5741    0.00045    0.00032     0.5398   101.9986    141.178    143.381         22    34.5220    34.5263    27.3285    27.3320    1483.43    1483.43 0.0000e+00
      97799  86.605309    861.000    854.496     4.8061     4.8071   3.325360   3.325756     1.4987     1.5747    0.00061    0.00080     0.5446   102.0141    141.165    143.115         27    34.5230    34.5265    27.3271    27.3298    1483.49    1483.50 0.0000e+00
      97830  86.605324    860.000    853.506     4.8145     4.8144   3.326098   3.326361     1.4987     1.5741    0.00031    0.00002     0.5397   102.0212    141.238    142.623         32    34.5234    34.5265    27.3265    27.3290    1483.51    1483.52 0.0000e+00
      97859  86.605339    859.000    852.516     4.8176     4.8171   3.326360   3.326600     1.4990     1.5737    0.00041   -0.00020     0.5271   102.0040    141.206    142.542         25    34.5237    34.5269    27.3264    27.3290    1483.51    1483.51 0.0000e+00
      97881  86.605354    858.000    851.525     4.8214     4.8209   3.326684   3.326929     1.4990     1.5731   -0.00024    0.00004     0.5483   102.0105    141.042    142.492         21    34.5240    34.5273    27.3261    27.3288    1483.51    1483.51 0.0000e+00
      97901  86.605362    857.000    850.535     4.8241     4.8238   3.326882   3.327150     1.4989     1.5732   -0.00043    0.00020     0.5454   102.0140    140.995    143.001         19    34.5240    34.5274    27.3259    27.3286    1483.50    1483.51 0.0000e+00
      97921  86.605370    856.000    849.544     4.8269     4.8269   3.327108   3.327386     1.4986     1.5736   -0.00039    0.00019     0.5437   102.0160    140.984    142.896         22    34.5242    34.5274    27.3257    27.3283    1483.50    1483.50 0.0000e+00
      97943  86.605377    855.000    848.554     4.8296     4.8294   3.327300   3.327560     1.4986     1.5736   -0.00053   -0.00005     0.5437   102.0226    140.830    142.743         23    34.5242    34.5274    27.3254    27.3279    1483.49    1483.50 0.0000e+00
      97968  86.605392    854.000    847.563     4.8303     4.8302   3.327324   3.327577     1.4981     1.5737    0.00024   -0.00021     0.5437   102.0178    140.873    142.749         25    34.5242    34.5272    27.3253    27.3277    1483.48    1483.48 0.0000e+00
      97995  86.605408    853.000    846.573     4.8310     4.8308   3.327343   3.327580     1.4984     1.5737    0.00021   -0.00008     0.5363   102.0232    140.828    142.689         29    34.5241    34.5272    27.3252    27.3276    1483.46    1483.47 0.0000e+00
      98025  86.605423    852.000    845.583     4.8317     4.8314   3.327340   3.327576     1.4977     1.5737    0.00005   -0.00034     0.5202   102.0265    140.780    142.668         30    34.5240    34.5270    27.3249    27.3274    1483.45    1483.45 0.0000e+00
      98054  86.605438    851.000    844.592     4.8330     4.8326   3.327416   3.327652     1.4983     1.5737    0.00003    0.00007     0.5395   102.0265    140.968    142.656         30    34.5239    34.5271    27.3247    27.3273    1483.44    1483.44 0.0000e+00
      98084  86.605446    850.000    843.602     4.8359     4.8355   3.327626   3.327863     1.4982     1.5738   -0.00000   -0.00041     0.5479   102.0265    140.618    142.727         29    34.5239    34.5271    27.3244    27.3270    1483.43    1483.44 0.0000e+00
      98111  86.605461    849.000    842.611     4.8360     4.8357   3.327605   3.327847     1.4974     1.5740   -0.00002    0.00044     0.5436   102.0143    140.525    143.063         24    34.5241    34.5272    27.3245    27.3270    1483.42    1483.42 0.0000e+00
      98134  86.605476    848.000    841.621     4.8382     4.8377   3.327742   3.327997     1.4974     1.5749    0.00001    0.00007     0.5437   102.0126    140.766    143.035         20    34.5239    34.5273    27.3241    27.3269    1483.41    1483.41 0.0000e+00
      98152  86.605484    847.000    840.630     4.8404     4.8401   3.327896   3.328151     1.4978     1.5749    0.00009   -0.00041     0.5437   102.0250    140.899    142.783         18    34.5238    34.5272    27.3238    27.3265    1483.40    1483.41 0.0000e+00
      98170  86.605492    846.000    839.640     4.8440     4.8438   3.328145   3.328403     1.4982     1.5750    0.00034   -0.00060     0.5437   102.0253    140.872    142.880         17    34.5235    34.5268    27.3232    27.3257    1483.40    1483.40 0.0000e+00
      98188  86.605499    845.000    838.649     4.8455     4.8451   3.328205   3.328449     1.4983     1.5754    0.00069   -0.00017     0.5437   102.0303    140.668    143.135         19    34.5232    34.5264    27.3227    27.3253    1483.39    1483.39 0.0000e+00
      98211  86.605507    844.000    837.659     4.8458     4.8456   3.328190   3.328427     1.4980     1.5760    0.00031    0.00029     0.5450   102.0255    140.600    143.059         29    34.5232    34.5262    27.3227    27.3250    1483.38    1483.38 0.0000e+00
      98248  86.605530    843.000    836.668     4.8464     4.8461   3.328182   3.328420     1.4979     1.5763    0.00039    0.00022     0.5319   102.0265    140.583    143.001         41    34.5230    34.5260    27.3224    27.3249    1483.36    1483.36 0.0000e+00
      98281  86.605545    842.000    835.678     4.8466     4.8463   3.328149   3.328391     1.4981     1.5770    0.00047   -0.00015     0.5451   102.0265    140.845    143.264         26    34.5229    34.5260    27.3223    27.3248    1483.35    1483.35 0.0000e+00
