data/fr25/fr25004.cnv
* Sea-Bird SBE 9 Data File:
* FileName = C:\SEASOFT\PIRATA-FR25\data\fr25004.hex
* Software Version Seasave V 7.23.2
* Temperature SN = 5196
* Conductivity SN = 4355
* Number of Bytes Per Scan = 37
* Number of Voltage Words = 4
* Number of Scans Averaged by the Deck Unit = 1
* NMEA Latitude = 00 01.16 S
* NMEA Longitude = 000 03.44 W
* NMEA UTC (Time) = Mar 27 2015 13:23:37
** Cruise: PIRATA-FR25
** Ship: THALASSA
** Station: 4
** Bottom Depth: 4911
** Pressure frequency switch pos 2:
** Operator: JH/YG
** Comments:
# nquan = 24                                
# nvalues = 4040                        
# units = specified
# name 0 = scan: Scan Count
# name 1 = timeJ: Julian Days
# name 2 = prDM: Pressure, Digiquartz [db]
# name 3 = depSM: Depth [salt water, m]
# name 4 = t090C: Temperature [ITS-90, deg C]
# name 5 = t190C: Temperature, 2 [ITS-90, deg C]
# name 6 = c0S/m: Conductivity [S/m]
# name 7 = c1S/m: Conductivity, 2 [S/m]
# name 8 = sbeox0V: Oxygen raw, SBE 43 [V]
# name 9 = sbeox1V: Oxygen raw, SBE 43, 2 [V]
# name 10 = sbeox1dOV/dT: Oxygen, SBE 43, 2 [dov/dt]
# name 11 = sbeox0dOV/dT: Oxygen, SBE 43 [dov/dt]
# name 12 = flECO-AFL: Fluorescence, WET Labs ECO-AFL/FL [mg/m^3]
# name 13 = CStarTr0: Beam Transmission, WET Labs C-Star [%]
# name 14 = sbeox0Mm/Kg: Oxygen, SBE 43 [umol/kg], WS = 2
# name 15 = sbeox1Mm/Kg: Oxygen, SBE 43, 2 [umol/kg], WS = 2
# name 16 = nbin: number of scans per bin
# name 17 = sal00: Salinity, Practical [PSU]
# name 18 = sal11: Salinity, Practical, 2 [PSU]
# name 19 = sigma-é00: Density [sigma-theta, kg/m^3]
# name 20 = sigma-é11: Density, 2 [sigma-theta, kg/m^3]
# name 21 = svCM: Sound Velocity [Chen-Millero, m/s]
# name 22 = svCM1: Sound Velocity, 2 [Chen-Millero, m/s]
# name 23 = flag: flag
# span 0 =       1148,     140753       
# span 1 =  86.558701,  86.626022       
# span 2 =      2.000,   2022.000       
# span 3 =      1.989,   2001.219       
# span 4 =     3.5823,    29.2970       
# span 5 =     3.5827,    29.2905       
# span 6 =   3.301894,   5.626270       
# span 7 =   3.302154,   5.626151       
# span 8 =     1.0618,     2.8739       
# span 9 =     1.1172,     3.0779       
# span 10 =   -0.04962,    0.05325      
# span 11 =   -0.05029,    0.04554      
# span 12 =     0.5073,     2.1067      
# span 13 =    85.4043,   102.1126      
# span 14 =     62.316,    233.853      
# span 15 =     63.058,    236.063      
# span 16 =          4,         75      
# span 17 =    34.0637,    36.3491      
# span 18 =    34.0672,    36.3602      
# span 19 =    21.2719,    27.8118      
# span 20 =    21.2750,    27.8137      
# span 21 =    1482.03,    1543.21      
# span 22 =    1482.03,    1543.20      
# span 23 = 0.0000e+00, 0.0000e+00      
# interval = decibars: 1                
# start_time = Mar 27 2015 13:23:44 [System UTC, header]
# bad_flag = -9.990e-29
*END*
[from data line 1027]
      31799  86.573486   1030.000   1021.807     4.5131     4.5135   3.320413   3.320635     1.5656     1.6430    0.00048    0.00047     0.5271   101.9905    155.257    157.318         30    34.6846    34.6868    27.4893    27.4911    1485.30    1485.30 0.0000e+00
      31827  86.573494   1031.000   1022.797     4.5131     4.5135   3.320482   3.320700     1.5659     1.6438    0.00060    0.00090     0.5264   101.9945    155.190    157.093         26    34.6849    34.6871    27.4896    27.4913    1485.31    1485.32 0.0000e+00
      31851  86.573509   1032.000   1023.787     4.5132     4.5136   3.320588   3.320809     1.5661     1.6439    0.00078    0.00081     0.5308   101.9865    155.234    157.134         23    34.6855    34.6877    27.4901    27.4918    1485.33    1485.33 0.0000e+00
      31873  86.573517   1033.000   1024.776     4.5135     4.5138   3.320732   3.320954     1.5661     1.6445    0.00076    0.00040     0.5280   101.9914    155.419    157.540         22    34.6864    34.6886    27.4907    27.4925    1485.35    1485.35 0.0000e+00
      31897  86.573532   1034.000   1025.766     4.5139     4.5142   3.320916   3.321134     1.5669     1.6450    0.00034    0.00018     0.5532   101.9823    155.579    157.274         25    34.6876    34.6898    27.4917    27.4934    1485.37    1485.37 0.0000e+00
      31924  86.573540   1035.000   1026.755     4.5141     4.5144   3.321014   3.321231     1.5675     1.6451    0.00035    0.00018     0.5320   101.9901    155.663    157.207         29    34.6880    34.6903    27.4920    27.4938    1485.39    1485.39 0.0000e+00
      31952  86.573555   1036.000   1027.745     4.5141     4.5145   3.321084   3.321303     1.5680     1.6455    0.00063    0.00061     0.5497   101.9851    155.745    157.683         27    34.6884    34.6906    27.4923    27.4940    1485.40    1485.41 0.0000e+00
      31977  86.573570   1037.000   1028.735     4.5142     4.5146   3.321163   3.321377     1.5687     1.6461    0.00010    0.00048     0.5562   101.9720    155.921    157.597         24    34.6887    34.6908    27.4925    27.4941    1485.42    1485.43 0.0000e+00
      32000  86.573578   1038.000   1029.724     4.5145     4.5149   3.321293   3.321508     1.5691     1.6464    0.00013    0.00053     0.5528   101.9795    156.038    157.607         21    34.6893    34.6915    27.4930    27.4947    1485.44    1485.44 0.0000e+00
      32022  86.573593   1039.000   1030.714     4.5150     4.5153   3.321412   3.321629     1.5700     1.6467    0.00064    0.00047     0.5470   101.9789    156.287    157.876         23    34.6898    34.6920    27.4934    27.4950    1485.46    1485.46 0.0000e+00
      32045  86.573601   1040.000   1031.703     4.5152     4.5156   3.321552   3.321773     1.5709     1.6475    0.00045    0.00063     0.5290   101.9948    156.421    157.882         24    34.6907    34.6929    27.4940    27.4957    1485.48    1485.48 0.0000e+00
      32072  86.573616   1041.000   1032.693     4.5138     4.5143   3.321613   3.321839     1.5716     1.6477    0.00032    0.00068     0.5402   101.9948    156.485    158.136         28    34.6924    34.6945    27.4956    27.4972    1485.49    1485.50 0.0000e+00
      32100  86.573631   1042.000   1033.682     4.5119     4.5123   3.321572   3.321787     1.5726     1.6492    0.00060    0.00088     0.5419   101.9951    156.655    158.712         30    34.6933    34.6954    27.4965    27.4981    1485.50    1485.51 0.0000e+00
      32130  86.573639   1043.000   1034.672     4.5134     4.5136   3.321914   3.322124     1.5735     1.6503    0.00039    0.00080     0.5236   101.9858    156.827    158.675         28    34.6953    34.6975    27.4979    27.4996    1485.53    1485.53 0.0000e+00
      32157  86.573654   1044.000   1035.662     4.5160     4.5163   3.322387   3.322608     1.5742     1.6513    0.00112    0.00073     0.5272   101.9958    156.723    158.782         26    34.6975    34.6998    27.4994    27.5012    1485.56    1485.56 0.0000e+00
      32182  86.573669   1045.000   1036.651     4.5178     4.5182   3.322687   3.322907     1.5745     1.6523    0.00105    0.00072     0.5293   101.9888    156.900    159.245         25    34.6987    34.7009    27.5001    27.5019    1485.58    1485.59 0.0000e+00
      32207  86.573677   1046.000   1037.641     4.5207     4.5209   3.323175   3.323386     1.5753     1.6537    0.00083    0.00076     0.5355   101.9946    156.970    159.307         26    34.7009    34.7031    27.5016    27.5033    1485.61    1485.62 0.0000e+00
      32235  86.573692   1047.000   1038.630     4.5225     4.5229   3.323508   3.323740     1.5755     1.6548    0.00093    0.00030     0.5378   101.9969    156.686    159.161         28    34.7023    34.7047    27.5026    27.5044    1485.64    1485.64 0.0000e+00
      32260  86.573708   1048.000   1039.620     4.5232     4.5236   3.323648   3.323874     1.5750     1.6550    0.00125    0.00068     0.5211   101.9854    156.564    158.655         23    34.7028    34.7050    27.5029    27.5046    1485.66    1485.66 0.0000e+00
      32282  86.573715   1049.000   1040.609     4.5235     4.5238   3.323726   3.323948     1.5749     1.6547    0.00106    0.00044     0.5447   101.9933    156.869    158.259         21    34.7028    34.7051    27.5029    27.5047    1485.68    1485.68 0.0000e+00
      32303  86.573723   1050.000   1041.599     4.5237     4.5240   3.323788   3.324008     1.5752     1.6540    0.00079   -0.00007     0.5413   101.9923    156.869    158.200         20    34.7029    34.7051    27.5029    27.5046    1485.69    1485.70 0.0000e+00
      32323  86.573738   1051.000   1042.588     4.5238     4.5241   3.323843   3.324075     1.5753     1.6538    0.00012   -0.00051     0.5254   101.9987    156.739    158.581         22    34.7029    34.7053    27.5030    27.5048    1485.71    1485.72 0.0000e+00
      32348  86.573746   1052.000   1043.578     4.5237     4.5241   3.323889   3.324126     1.5750     1.6538   -0.00045    0.00014     0.5309   101.9988    156.848    158.609         28    34.7030    34.7053    27.5030    27.5048    1485.73    1485.73 0.0000e+00
      32380  86.573761   1053.000   1044.567     4.5238     4.5242   3.323945   3.324170     1.5752     1.6538   -0.00042    0.00004     0.5286   101.9988    156.865    158.645         34    34.7031    34.7053    27.5031    27.5048    1485.75    1485.75 0.0000e+00
      32410  86.573776   1054.000   1045.557     4.5240     4.5243   3.324003   3.324228     1.5753     1.6538    0.00006   -0.00010     0.5520   101.9927    156.849    158.678         27    34.7031    34.7054    27.5031    27.5049    1485.76    1485.77 0.0000e+00
      32436  86.573792   1055.000   1046.546     4.5241     4.5245   3.324067   3.324288     1.5751     1.6538    0.00004    0.00017     0.5331   101.9714    156.877    158.698         24    34.7032    34.7054    27.5032    27.5049    1485.78    1485.78 0.0000e+00
      32460  86.573799   1056.000   1047.536     4.5242     4.5244   3.324115   3.324342     1.5752     1.6538   -0.00012    0.00000     0.5342   101.9927    157.039    158.719         26    34.7032    34.7056    27.5032    27.5050    1485.80    1485.80 0.0000e+00
      32489  86.573814   1057.000   1048.525     4.5240     4.5244   3.324160   3.324383     1.5756     1.6538   -0.00003   -0.00011     0.5426   101.9969    157.162    158.740         32    34.7033    34.7055    27.5033    27.5050    1485.81    1485.82 0.0000e+00
      32520  86.573830   1058.000   1049.515     4.5241     4.5245   3.324229   3.324451     1.5761     1.6538    0.00003    0.00019     0.5333   101.9988    157.033    158.755         27    34.7036    34.7057    27.5035    27.5052    1485.83    1485.83 0.0000e+00
      32543  86.573845   1059.000   1050.504     4.5244     4.5247   3.324292   3.324513     1.5754     1.6538   -0.00008    0.00026     0.5477   101.9988    156.629    158.483         21    34.7035    34.7058    27.5034    27.5052    1485.85    1485.85 0.0000e+00
      32563  86.573853   1060.000   1051.494     4.5245     4.5249   3.324343   3.324572     1.5750     1.6533   -0.00010    0.00041     0.5334   101.9988    156.893    158.197         19    34.7035    34.7058    27.5034    27.5052    1485.86    1485.87 0.0000e+00
      32582  86.573860   1061.000   1052.483     4.5245     4.5248   3.324407   3.324642     1.5749     1.6526   -0.00008    0.00020     0.5250   101.9988    157.145    158.345         20    34.7037    34.7062    27.5036    27.5055    1485.88    1485.89 0.0000e+00
      32604  86.573868   1062.000   1053.473     4.5244     4.5247   3.324491   3.324732     1.5756     1.6526   -0.00004   -0.00063     0.5311   101.9988    157.362    158.646         24    34.7044    34.7069    27.5042    27.5061    1485.90    1485.90 0.0000e+00
      32631  86.573883   1063.000   1054.462     4.5242     4.5246   3.324604   3.324834     1.5760     1.6527   -0.00049   -0.00027     0.5301   101.9988    157.234    159.076         30    34.7053    34.7076    27.5049    27.5067    1485.92    1485.92 0.0000e+00
      32661  86.573898   1064.000   1055.452     4.5243     4.5247   3.324724   3.324954     1.5759     1.6537   -0.00027    0.00043     0.5471   101.9988    157.183    159.206         29    34.7061    34.7084    27.5056    27.5074    1485.93    1485.94 0.0000e+00
      32688  86.573914   1065.000   1056.441     4.5245     4.5248   3.324834   3.325056     1.5763     1.6538    0.00014    0.00044     0.5445   101.9988    157.225    158.900         25    34.7067    34.7090    27.5060    27.5078    1485.95    1485.96 0.0000e+00
      32713  86.573921   1066.000   1057.430     4.5244     4.5246   3.324905   3.325140     1.5758     1.6538    0.00058   -0.00009     0.5251   101.9988    157.146    158.925         25    34.7072    34.7096    27.5064    27.5083    1485.97    1485.97 0.0000e+00
      32739  86.573936   1067.000   1058.420     4.5237     4.5240   3.325008   3.325236     1.5759     1.6538    0.00032    0.00015     0.5378   101.9988    157.240    158.948         26    34.7086    34.7109    27.5076    27.5094    1485.98    1485.99 0.0000e+00
      32765  86.573952   1068.000   1059.409     4.5236     4.5238   3.325168   3.325388     1.5759     1.6538    0.00003   -0.00016     0.5522   101.9988    157.272    158.972         28    34.7101    34.7124    27.5088    27.5106    1486.00    1486.01 0.0000e+00
      32795  86.573959   1069.000   1060.399     4.5281     4.5282   3.326033   3.326250     1.5763     1.6540    0.00004    0.00002     0.5334   101.9780    157.696    159.419         32    34.7150    34.7174    27.5122    27.5141    1486.04    1486.05 0.0000e+00
      32827  86.573982   1070.000   1061.388     4.5333     4.5336   3.326964   3.327197     1.5778     1.6554    0.00005   -0.00003     0.5266   101.9950    158.327    160.372         30    34.7198    34.7223    27.5155    27.5175    1486.09    1486.09 0.0000e+00
      32854  86.573990   1071.000   1062.378     4.5344     4.5347   3.327177   3.327398     1.5802     1.6575    0.00017    0.00037     0.5234   102.0025    158.869    160.706         23    34.7207    34.7229    27.5161    27.5179    1486.11    1486.11 0.0000e+00
      32875  86.574005   1072.000   1063.367     4.5334     4.5339   3.327113   3.327352     1.5819     1.6588    0.00082    0.00103     0.5269   101.9973    159.101    160.602         20    34.7204    34.7228    27.5160    27.5178    1486.12    1486.13 0.0000e+00
      32894  86.574013   1073.000   1064.356     4.5291     4.5296   3.326767   3.326999     1.5834     1.6597    0.00150    0.00153     0.5223   101.9974    159.174    160.815         20    34.7204    34.7226    27.5165    27.5182    1486.12    1486.13 0.0000e+00
      32914  86.574020   1074.000   1065.346     4.5261     4.5264   3.326592   3.326809     1.5845     1.6608    0.00180    0.00196     0.5223   101.9987    159.292    160.902         20    34.7211    34.7232    27.5173    27.5190    1486.13    1486.13 0.0000e+00
      32935  86.574028   1075.000   1066.335     4.5258     4.5261   3.326707   3.326935     1.5857     1.6616    0.00136    0.00201     0.5280   101.9988    159.327    161.150         21    34.7222    34.7245    27.5182    27.5201    1486.14    1486.15 0.0000e+00
      32958  86.574043   1076.000   1067.325     4.5260     4.5264   3.326780   3.327012     1.5864     1.6632    0.00123    0.00177     0.5468   101.9988    159.515    161.468         25    34.7223    34.7246    27.5183    27.5201    1486.16    1486.17 0.0000e+00
      32985  86.574059   1077.000   1068.314     4.5270     4.5274   3.326998   3.327224     1.5880     1.6645    0.00120    0.00139     0.5336   101.9988    159.782    161.526         32    34.7233    34.7255    27.5191    27.5208    1486.18    1486.19 0.0000e+00
      33028  86.574074   1078.000   1069.303     4.5274     4.5277   3.327087   3.327309     1.5902     1.6665    0.00133    0.00111     0.5249   101.9988    160.042    161.569         50    34.7234    34.7257    27.5191    27.5209    1486.20    1486.21 0.0000e+00
      33070  86.574097   1079.000   1070.293     4.5275     4.5279   3.327149   3.327376     1.5912     1.6675    0.00122    0.00130     0.5373   101.9988    159.649    161.376         32    34.7235    34.7258    27.5192    27.5209    1486.22    1486.22 0.0000e+00
      33095  86.574104   1080.000   1071.282     4.5281     4.5284   3.327262   3.327497     1.5910     1.6679    0.00096    0.00112     0.5375   101.9988    159.685    161.470         20    34.7238    34.7262    27.5193    27.5212    1486.24    1486.24 0.0000e+00
      33114  86.574120   1081.000   1072.272     4.5294     4.5297   3.327503   3.327731     1.5909     1.6682    0.00062    0.00088     0.5420   101.9988    159.595    161.546         17    34.7247    34.7270    27.5200    27.5217    1486.26    1486.26 0.0000e+00
      33130  86.574127   1082.000   1073.261     4.5301     4.5303   3.327653   3.327881     1.5907     1.6687    0.00046    0.00017     0.5443   101.9988    159.836    161.517         16    34.7253    34.7276    27.5203    27.5222    1486.28    1486.28 0.0000e+00
      33147  86.574135   1083.000   1074.250     4.5315     4.5319   3.328015   3.328241     1.5914     1.6685    0.00038   -0.00018     0.5543   101.9988    160.249    161.796         19    34.7274    34.7297    27.5219    27.5236    1486.31    1486.31 0.0000e+00
      33168  86.574142   1084.000   1075.240     4.5333     4.5336   3.328558   3.328798     1.5924     1.6697    0.00042   -0.00007     0.5287   101.9988    160.640    162.413         25    34.7314    34.7339    27.5249    27.5268    1486.34    1486.34 0.0000e+00
      33196  86.574158   1085.000   1076.229     4.5351     4.5354   3.329026   3.329262     1.5941     1.6714    0.00035    0.00011     0.5431   101.9921    160.807    163.025         29    34.7345    34.7369    27.5271    27.5290    1486.36    1486.37 0.0000e+00
      33224  86.574173   1086.000   1077.218     4.5365     4.5367   3.329411   3.329622     1.5953     1.6737    0.00086    0.00109     0.5278   101.9831    160.955    163.435         27    34.7370    34.7392    27.5290    27.5307    1486.39    1486.39 0.0000e+00
      33252  86.574181   1087.000   1078.208     4.5372     4.5376   3.329638   3.329866     1.5969     1.6756    0.00141    0.00146     0.5305   101.9988    161.203    163.666         29    34.7384    34.7406    27.5300    27.5318    1486.41    1486.41 0.0000e+00
      33282  86.574196   1088.000   1079.197     4.5376     4.5379   3.329768   3.329984     1.5981     1.6780    0.00196    0.00107     0.5430   102.0031    161.305    163.821         30    34.7390    34.7412    27.5304    27.5322    1486.43    1486.43 0.0000e+00
