data/fr25/fr25003.cnv
* Sea-Bird SBE 9 Data File:
* FileName = C:\SEASOFT\PIRATA-FR25\data\fr25003.hex
* Software Version Seasave V 7.23.2
* Temperature SN = 5196
* Conductivity SN = 4355
* Number of Bytes Per Scan = 37
* Number of Voltage Words = 4
* Number of Scans Averaged by the Deck Unit = 1
* NMEA Latitude = 00 01.54 N
* NMEA Longitude = 009 52.63 W
* NMEA UTC (Time) = Mar 24 2015 08:25:49
** Cruise: PIRATA-FR25
** Ship: THALASSA
** Station: 3
** Bottom Depth: 4934
** Pressure frequency switch pos 2:
** Operator: gh yg
** Comments:
# nquan = 24                                
# nvalues = 4041                        
# units = specified
# name 0 = scan: Scan Count
# name 1 = timeJ: Julian Days
# name 2 = prDM: Pressure, Digiquartz [db]
# name 3 = depSM: Depth [salt water, m]
# name 4 = t090C: Temperature [ITS-90, deg C]
# name 5 = t190C: Temperature, 2 [ITS-90, deg C]
# name 6 = c0S/m: Conductivity [S/m]
# name 7 = c1S/m: Conductivity, 2 [S/m]
# name 8 = sbeox0V: Oxygen raw, SBE 43 [V]
# name 9 = sbeox1V: Oxygen raw, SBE 43, 2 [V]
# name 10 = sbeox1dOV/dT: Oxygen, SBE 43, 2 [dov/dt]
# name 11 = sbeox0dOV/dT: Oxygen, SBE 43 [dov/dt]
# name 12 = flECO-AFL: Fluorescence, WET Labs ECO-AFL/FL [mg/m^3]
# name 13 = CStarTr0: Beam Transmission, WET Labs C-Star [%]
# name 14 = sbeox0Mm/Kg: Oxygen, SBE 43 [umol/kg], WS = 2
# name 15 = sbeox1Mm/Kg: Oxygen, SBE 43, 2 [umol/kg], WS = 2
# name 16 = nbin: number of scans per bin
# name 17 = sal00: Salinity, Practical [PSU]
# name 18 = sal11: Salinity, Practical, 2 [PSU]
# name 19 = sigma-é00: Density [sigma-theta, kg/m^3]
# name 20 = sigma-é11: Density, 2 [sigma-theta, kg/m^3]
# name 21 = svCM: Sound Velocity [Chen-Millero, m/s]
# name 22 = svCM1: Sound Velocity, 2 [Chen-Millero, m/s]
# name 23 = flag: flag
# span 0 =        415,     124969       
# span 1 =  83.351463,  83.411530       
# span 2 =      1.000,   2022.000       
# span 3 =      0.995,   2001.219       
# span 4 =     3.5637,    28.5948       
# span 5 =     3.5643,    28.5927       
# span 6 =   3.300388,   5.755381       
# span 7 =   3.300494,   5.754727       
# span 8 =     1.1843,     2.8919       
# span 9 =     1.2429,     3.0559       
# span 10 =   -0.04717,    0.03690      
# span 11 =   -0.04365,    0.03938      
# span 12 =     0.5108,     1.7148      
# span 13 =    87.5627,   102.4743      
# span 14 =     77.033,    238.498      
# span 15 =     77.622,    384.997      
# span 16 =          3,         79      
# span 17 =    34.4847,    36.5073      
# span 18 =    34.4848,    36.5100      
# span 19 =    22.2668,    27.8155      
# span 20 =    22.2693,    27.8163      
# span 21 =    1482.57,    1543.25      
# span 22 =    1482.57,    1543.24      
# span 23 = 0.0000e+00, 0.0000e+00      
# interval = decibars: 1                
# start_time = Mar 24 2015 08:25:49 [System UTC, header]
# bad_flag = -9.990e-29
*END*
[from data line 3140]
      89458  83.394402    901.000    894.109     4.6682     4.6685   3.317273   3.317426     1.5252     1.5965    0.00018   -0.00023     0.5437   102.3663    146.112    146.666         14    34.5518    34.5533    27.3656    27.3668    1483.63    1483.63 0.0000e+00
      89473  83.394409    900.000    893.119     4.6684     4.6684   3.317232   3.317344     1.5251     1.5960    0.00033   -0.00057     0.5437   102.3706    146.103    146.805         15    34.5516    34.5529    27.3655    27.3665    1483.61    1483.61 0.0000e+00
      89490  83.394417    899.000    892.128     4.6684     4.6684   3.317148   3.317282     1.5251     1.5958   -0.00015   -0.00085     0.5437   102.3629    146.044    146.837         19    34.5511    34.5527    27.3651    27.3663    1483.59    1483.60 0.0000e+00
      89516  83.394432    898.000    891.138     4.6686     4.6680   3.317134   3.317209     1.5247     1.5951   -0.00069   -0.00047     0.5437   102.3730    145.932    146.691         37    34.5512    34.5528    27.3651    27.3665    1483.58    1483.58 0.0000e+00
      89569  83.394455    897.000    890.148     4.6670     4.6655   3.316943   3.316980     1.5237     1.5947   -0.00056   -0.00017     0.5437   102.3734    145.656    147.044         50    34.5513    34.5532    27.3653    27.3671    1483.55    1483.55 0.0000e+00
      89597  83.394470    896.000    889.158     4.6729     4.6727   3.317318   3.317463     1.5229     1.5948   -0.00041   -0.00045     0.5437   102.3839    145.587    146.944         18    34.5500    34.5519    27.3637    27.3652    1483.56    1483.56 0.0000e+00
      89612  83.394478    895.000    888.167     4.6755     4.6758   3.317544   3.317710     1.5230     1.5948   -0.00002   -0.00056     0.5437   102.3655    145.729    146.912         14    34.5504    34.5520    27.3637    27.3650    1483.56    1483.56 0.0000e+00
      89625  83.394485    894.000    887.177     4.6766     4.6764   3.317585   3.317688     1.5228     1.5948   -0.00000   -0.00033     0.5437   102.3737    145.620    146.891         13    34.5503    34.5516    27.3635    27.3646    1483.54    1483.54 0.0000e+00
      89637  83.394485    893.000    886.187     4.6753     4.6750   3.317389   3.317484     1.5228     1.5948   -0.00000   -0.00065     0.5437   102.3712    145.533    146.878         12    34.5498    34.5512    27.3632    27.3644    1483.52    1483.52 0.0000e+00
      89649  83.394493    892.000    885.197     4.6744     4.6739   3.317220   3.317292     1.5224     1.5948    0.00004   -0.00067     0.5437   102.3591    145.525    146.863         12    34.5493    34.5506    27.3629    27.3640    1483.50    1483.50 0.0000e+00
      89663  83.394501    891.000    884.206     4.6715     4.6710   3.316817   3.316877     1.5224     1.5948    0.00007   -0.00048     0.5437   102.3640    145.763    146.856         16    34.5481    34.5493    27.3623    27.3633    1483.47    1483.47 0.0000e+00
      89683  83.394508    890.000    883.216     4.6708     4.6697   3.316751   3.316730     1.5229     1.5948   -0.00011   -0.00014     0.5437   102.3669    145.731    146.841         26    34.5486    34.5495    27.3627    27.3635    1483.45    1483.45 0.0000e+00
      89736  83.394539    889.000    882.226     4.6710     4.6702   3.316768   3.316779     1.5226     1.5948    0.00010   -0.00001     0.5437   102.3636    145.526    146.820         50    34.5490    34.5500    27.3630    27.3639    1483.44    1483.43 0.0000e+00
      89785  83.394562    888.000    881.236     4.6690     4.6687   3.316356   3.316473     1.5227     1.5948    0.00003   -0.00046     0.5437   102.3696    145.757    146.807         29    34.5469    34.5485    27.3616    27.3629    1483.41    1483.41 0.0000e+00
      89809  83.394569    887.000    880.245     4.6680     4.6676   3.316176   3.316286     1.5230     1.5948   -0.00023    0.00011     0.5451   102.3613    145.761    146.793         22    34.5463    34.5479    27.3612    27.3625    1483.39    1483.39 0.0000e+00
      89829  83.394585    886.000    879.255     4.6677     4.6673   3.316098   3.316218     1.5234     1.5948   -0.00006    0.00007     0.5471   102.3668    145.910    146.774         18    34.5462    34.5480    27.3611    27.3626    1483.37    1483.37 0.0000e+00
      89846  83.394592    885.000    878.265     4.6685     4.6684   3.316096   3.316244     1.5237     1.5947    0.00022    0.00034     0.5455   102.3640    145.958    146.856         16    34.5458    34.5477    27.3608    27.3622    1483.36    1483.36 0.0000e+00
      89861  83.394600    884.000    877.274     4.6702     4.6702   3.316162   3.316297     1.5241     1.5951    0.00020    0.00026     0.5315   102.3663    145.937    146.983         15    34.5453    34.5469    27.3602    27.3614    1483.35    1483.35 0.0000e+00
      89875  83.394600    883.000    876.284     4.6710     4.6709   3.316159   3.316289     1.5244     1.5950    0.00007    0.00022     0.5204   102.3644    145.857    146.872         14    34.5450    34.5466    27.3598    27.3611    1483.33    1483.33 0.0000e+00
      89890  83.394608    882.000    875.294     4.6714     4.6713   3.316149   3.316279     1.5243     1.5953    0.00011    0.00045     0.5391   102.3628    145.858    146.590         16    34.5450    34.5465    27.3597    27.3610    1483.32    1483.32 0.0000e+00
      89907  83.394623    881.000    874.304     4.6727     4.6729   3.316227   3.316380     1.5249     1.5948    0.00019    0.00053     0.5435   102.3674    145.840    146.501         19    34.5450    34.5466    27.3596    27.3608    1483.31    1483.31 0.0000e+00
      89930  83.394630    880.000    873.313     4.6767     4.6772   3.316551   3.316733     1.5246     1.5950    0.00014    0.00049     0.5437   102.3617    145.653    146.738         26    34.5452    34.5467    27.3593    27.3605    1483.31    1483.31 0.0000e+00
      89957  83.394646    879.000    872.323     4.6835     4.6836   3.317110   3.317268     1.5244     1.5948   -0.00009    0.00028     0.5437   102.3644    145.566    146.468         27    34.5451    34.5468    27.3585    27.3598    1483.32    1483.32 0.0000e+00
      89983  83.394653    878.000    871.333     4.6879     4.6881   3.317419   3.317591     1.5245     1.5947   -0.00018    0.00010     0.5437   102.3579    145.662    146.522         23    34.5446    34.5464    27.3576    27.3590    1483.32    1483.32 0.0000e+00
      90004  83.394669    877.000    870.342     4.6923     4.6926   3.317762   3.317952     1.5246     1.5947    0.00015   -0.00013     0.5437   102.3606    145.528    146.504         20    34.5445    34.5465    27.3570    27.3585    1483.32    1483.32 0.0000e+00
      90022  83.394676    876.000    869.352     4.6985     4.6990   3.318294   3.318520     1.5243     1.5947   -0.00003   -0.00018     0.5337   102.3589    145.293    146.461         18    34.5448    34.5469    27.3565    27.3581    1483.33    1483.33 0.0000e+00
      90041  83.394684    875.000    868.362     4.7035     4.7040   3.318731   3.318916     1.5238     1.5947   -0.00007    0.00000     0.5240   102.3589    145.227    146.077         20    34.5452    34.5468    27.3562    27.3575    1483.33    1483.34 0.0000e+00
      90067  83.394699    874.000    867.371     4.7046     4.7028   3.318785   3.318757     1.5236     1.5936   -0.00001   -0.00001     0.5447   102.3589    145.215    384.997         35    34.5452    34.5467    27.3562    27.3576    1483.32    1483.32 0.0000e+00
      90122  83.394722    873.000    866.381     4.6970     4.6951   3.318066   3.318046     1.5227     1.5935   -0.00051   -0.00038     0.5434   102.3658    145.039    117.898         49    34.5452    34.5469    27.3570    27.3586    1483.27    1483.27 0.0000e+00
      90155  83.394737    872.000    865.391     4.7085     4.7074   3.318932   3.319020     1.5222     1.5935   -0.00039   -0.00030     0.5437   102.3705    145.057    146.183         20    34.5438    34.5460    27.3546    27.3565    1483.30    1483.30 0.0000e+00
      90171  83.394745    871.000    864.400     4.7048     4.7042   3.318421   3.318457     1.5224     1.5935   -0.00007   -0.00052     0.5437   102.3669    145.119    146.179         14    34.5423    34.5433    27.3538    27.3547    1483.27    1483.27 0.0000e+00
      90184  83.394753    870.000    863.410     4.7008     4.7002   3.317756   3.317747     1.5222     1.5935   -0.00004   -0.00057     0.5437   102.3582    145.027    146.179         13    34.5392    34.5398    27.3517    27.3523    1483.23    1483.23 0.0000e+00
      90197  83.394760    869.000    862.419     4.6975     4.6969   3.317177   3.317217     1.5224     1.5935   -0.00000   -0.00041     0.5437   102.3652    145.184    146.231         13    34.5364    34.5375    27.3499    27.3508    1483.20    1483.20 0.0000e+00
      90210  83.394768    868.000    861.429     4.6968     4.6965   3.317004   3.317105     1.5221     1.5935   -0.00000   -0.00020     0.5437   102.3590    145.338    146.532         13    34.5356    34.5371    27.3494    27.3506    1483.18    1483.18 0.0000e+00
      90224  83.394775    867.000    860.439     4.6967     4.6964   3.316910   3.317018     1.5231     1.5941   -0.00000   -0.00009     0.5437   102.3589    145.678    146.794         16    34.5352    34.5367    27.3490    27.3502    1483.16    1483.16 0.0000e+00
      90242  83.394783    866.000    859.448     4.6983     4.6985   3.316926   3.317089     1.5238     1.5947   -0.00000   -0.00002     0.5451   102.3589    145.715    146.717         20    34.5342    34.5358    27.3480    27.3493    1483.15    1483.15 0.0000e+00
      90269  83.394791    865.000    858.458     4.7018     4.7022   3.317140   3.317268     1.5248     1.5953    0.00021    0.00024     0.5414   102.3589    145.614    146.742         36    34.5335    34.5346    27.3471    27.3479    1483.15    1483.15 0.0000e+00
      90315  83.394814    864.000    857.468     4.7123     4.7077   3.317753   3.317673     1.5256     1.5964    0.00069    0.00100     0.5147   102.3561    145.727    146.878         51    34.5303    34.5341    27.3434    27.3469    1483.17    1483.15 0.0000e+00
      90354  83.394836    863.000    856.477     4.7322     4.7316   3.318815   3.318923     1.5271     1.5977    0.00058    0.00034     0.5387   102.3697    145.838    147.175         27    34.5225    34.5244    27.3350    27.3366    1483.22    1483.22 0.0000e+00
      90376  83.394844    862.000    855.487     4.7349     4.7350   3.318988   3.319146     1.5273     1.5984    0.00048    0.00060     0.5438   102.3728    145.854    147.139         18    34.5223    34.5239    27.3345    27.3358    1483.22    1483.22 0.0000e+00
      90392  83.394852    861.000    854.496     4.7381     4.7388   3.319200   3.319402     1.5280     1.5990    0.00069    0.00078     0.5356   102.3630    145.945    147.252         15    34.5219    34.5235    27.3338    27.3350    1483.21    1483.22 0.0000e+00
      90407  83.394859    860.000    853.506     4.7405     4.7412   3.319350   3.319541     1.5284     1.5997    0.00085    0.00079     0.5329   102.3640    145.974    147.369         15    34.5217    34.5232    27.3333    27.3345    1483.21    1483.21 0.0000e+00
      90422  83.394867    859.000    852.516     4.7442     4.7444   3.319578   3.319749     1.5289     1.6001    0.00099    0.00070     0.5436   102.3692    145.901    147.305         16    34.5210    34.5228    27.3324    27.3338    1483.20    1483.21 0.0000e+00
      90438  83.394875    858.000    851.525     4.7497     4.7501   3.319947   3.320138     1.5290     1.6008    0.00078    0.00055     0.5437   102.3630    145.663    147.116         16    34.5201    34.5218    27.3310    27.3324    1483.21    1483.21 0.0000e+00
      90454  83.394882    857.000    850.535     4.7573     4.7584   3.320592   3.320874     1.5289     1.6008    0.00086    0.00071     0.5437   102.3521    145.596    146.753         16    34.5202    34.5223    27.3303    27.3318    1483.22    1483.23 0.0000e+00
      90471  83.394890    856.000    849.544     4.7640     4.7646   3.321149   3.321355     1.5290     1.6008    0.00093    0.00076     0.5437   102.3630    145.700    146.685         17    34.5202    34.5220    27.3296    27.3309    1483.23    1483.24 0.0000e+00
      90489  83.394897    855.000    848.554     4.7661     4.7664   3.321305   3.321471     1.5292     1.6008    0.00089    0.00056     0.5437   102.3575    145.729    146.662         19    34.5204    34.5220    27.3294    27.3307    1483.23    1483.23 0.0000e+00
      90512  83.394913    854.000    847.563     4.7678     4.7677   3.321423   3.321551     1.5295     1.6008    0.00039    0.00005     0.5457   102.3602    145.650    146.635         29    34.5204    34.5221    27.3293    27.3306    1483.22    1483.22 0.0000e+00
      90567  83.394936    853.000    846.573     4.7615     4.7589   3.320848   3.320729     1.5302     1.6012   -0.00013    0.00015     0.5327   102.3588    145.857    147.049         41    34.5208    34.5221    27.3303    27.3316    1483.18    1483.17 0.0000e+00
      90607  83.394958    852.000    845.583     4.7675     4.7584   3.321276   3.320742     1.5305     1.6020   -0.00005    0.00004     0.5441   102.3661    145.623    146.971         21    34.5201    34.5232    27.3290    27.3325    1483.18    1483.15 0.0000e+00
      90624  83.394966    851.000    844.592     4.7691     4.7690   3.321367   3.321499     1.5304     1.6019   -0.00001    0.00038     0.5437   102.3621    145.388    146.783         17    34.5200    34.5216    27.3288    27.3301    1483.17    1483.17 0.0000e+00
      90640  83.394974    850.000    843.602     4.7699     4.7698   3.321380   3.321519     1.5295     1.6021    0.00048    0.00067     0.5437   102.3701    145.290    146.833         15    34.5198    34.5215    27.3285    27.3299    1483.16    1483.16 0.0000e+00
      90657  83.394981    849.000    842.611     4.7706     4.7704   3.321376   3.321502     1.5296     1.6022    0.00079    0.00047     0.5437   102.3727    145.380    146.737         18    34.5196    34.5212    27.3283    27.3295    1483.15    1483.15 0.0000e+00
      90677  83.394989    848.000    841.621     4.7706     4.7704   3.321203   3.321303     1.5294     1.6021    0.00029   -0.00016     0.5437   102.3641    145.723    146.859         24    34.5181    34.5194    27.3270    27.3281    1483.13    1483.13 0.0000e+00
      90704  83.395004    847.000    840.630     4.7704     4.7717   3.321081   3.321281     1.5308     1.6028    0.00011   -0.00059     0.5437   102.3577    146.122    147.180         29    34.5173    34.5184    27.3265    27.3271    1483.11    1483.11 0.0000e+00
      90731  83.395020    846.000    839.640     4.7730     4.7725   3.321156   3.321267     1.5318     1.6032    0.00003   -0.00022     0.5437   102.3589    146.091    146.986         23    34.5161    34.5178    27.3252    27.3266    1483.10    1483.10 0.0000e+00
      90750  83.395027    845.000    838.649     4.7725     4.7722   3.320996   3.321086     1.5323     1.6035    0.00025    0.00067     0.5437   102.3589    146.199    147.279         17    34.5151    34.5166    27.3245    27.3256    1483.08    1483.08 0.0000e+00
      90767  83.395035    844.000    837.659     4.7716     4.7713   3.320813   3.320926     1.5332     1.6042    0.00068    0.00121     0.5437   102.3589    146.350    147.454         15    34.5145    34.5161    27.3240    27.3253    1483.06    1483.06 0.0000e+00
      90781  83.395042    843.000    836.668     4.7710     4.7706   3.320679   3.320762     1.5335     1.6045    0.00056    0.00098     0.5437   102.3589    146.322    147.490         15    34.5140    34.5155    27.3237    27.3249    1483.04    1483.04 0.0000e+00
      90796  83.395050    842.000    835.678     4.7704     4.7700   3.320551   3.320655     1.5342     1.6052    0.00024    0.00082     0.5455   102.3589    146.446    147.587         16    34.5137    34.5153    27.3236    27.3249    1483.02    1483.02 0.0000e+00
