data/fr25/fr25002.cnv
* Sea-Bird SBE 9 Data File:
* FileName = C:\SEASOFT\PIRATA-FR25\data\fr25002.hex
* Software Version Seasave V 7.23.2
* Temperature SN = 5196
* Conductivity SN = 4355
* Number of Bytes Per Scan = 37
* Number of Voltage Words = 4
* Number of Scans Averaged by the Deck Unit = 1
* NMEA Latitude = 02 59.87 N
* NMEA Longitude = 012 29.80 W
* NMEA UTC (Time) = Mar 22 2015 13:59:54
** Cruise: PIRATA-FR25
** Ship: THALASSA
** Station: 2
** Bottom Depth: 4556
** Pressure frequency switch pos 2:
** Operator: JH/AF
** Comments:
# nquan = 24                                
# nvalues = 4040                        
# units = specified
# name 0 = scan: Scan Count
# name 1 = timeJ: Julian Days
# name 2 = prDM: Pressure, Digiquartz [db]
# name 3 = depSM: Depth [salt water, m]
# name 4 = t090C: Temperature [ITS-90, deg C]
# name 5 = t190C: Temperature, 2 [ITS-90, deg C]
# name 6 = c0S/m: Conductivity [S/m]
# name 7 = c1S/m: Conductivity, 2 [S/m]
# name 8 = sbeox0V: Oxygen raw, SBE 43 [V]
# name 9 = sbeox1V: Oxygen raw, SBE 43, 2 [V]
# name 10 = sbeox1dOV/dT: Oxygen, SBE 43, 2 [dov/dt]
# name 11 = sbeox0dOV/dT: Oxygen, SBE 43 [dov/dt]
# name 12 = flECO-AFL: Fluorescence, WET Labs ECO-AFL/FL [mg/m^3]
# name 13 = CStarTr0: Beam Transmission, WET Labs C-Star [%]
# name 14 = sbeox0Mm/Kg: Oxygen, SBE 43 [umol/kg], WS = 2
# name 15 = sbeox1Mm/Kg: Oxygen, SBE 43, 2 [umol/kg], WS = 2
# name 16 = nbin: number of scans per bin
# name 17 = sal00: Salinity, Practical [PSU]
# name 18 = sal11: Salinity, Practical, 2 [PSU]
# name 19 = sigma-é00: Density [sigma-theta, kg/m^3]
# name 20 = sigma-é11: Density, 2 [sigma-theta, kg/m^3]
# name 21 = svCM: Sound Velocity [Chen-Millero, m/s]
# name 22 = svCM1: Sound Velocity, 2 [Chen-Millero, m/s]
# name 23 = flag: flag
# span 0 =       1318,     155699       
# span 1 =  81.583900,  81.658348       
# span 2 =      2.000,   2022.000       
# span 3 =      1.989,   2001.190       
# span 4 =     3.4875,    29.5714       
# span 5 =     3.4879,    29.5694       
# span 6 =   3.293295,   5.799563       
# span 7 =   3.293373,   5.799522       
# span 8 =     1.1874,     3.0606       
# span 9 =     1.2442,     3.2089       
# span 10 =   -0.15365,    0.06411      
# span 11 =   -0.14716,    0.06548      
# span 12 =     0.5118,     3.2714      
# span 13 =    93.2626,   102.5948      
# span 14 =     78.743,    234.044      
# span 15 =     77.340,    235.132      
# span 16 =          0,         75      
# span 17 =    34.5252,    35.9526      
# span 18 =    34.5261,    35.9638      
# span 19 =    21.9210,    27.8193      
# span 20 =    21.9225,    27.8196      
# span 21 =    1483.09,    1544.83      
# span 22 =    1483.10,    1544.83      
# span 23 = 0.0000e+00, 0.0000e+00      
# interval = decibars: 1                
# start_time = Mar 22 2015 13:59:54 [System UTC, header]
# bad_flag = -9.990e-29
*END*
[from data line 2899]
      86338  81.624901   1142.000   1132.598     4.5720     4.5735   3.338058   3.338130     1.5978     1.6715   -0.00027   -0.00056     0.5437   102.5372    161.957    161.955         27    34.7727    34.7721    27.5540    27.5534    1487.51    1487.52 0.0000e+00
      86361  81.624908   1141.000   1131.609     4.5745     4.5752   3.338048   3.338140     1.5981     1.6706   -0.00068   -0.00077     0.5437   102.5307    161.500    161.710         20    34.7705    34.7709    27.5520    27.5522    1487.50    1487.50 0.0000e+00
      86381  81.624924   1140.000   1130.620     4.5767     4.5765   3.338068   3.338141     1.5971     1.6696   -0.00057   -0.00037     0.5437   102.5487    160.976    161.337         20    34.7690    34.7700    27.5505    27.5514    1487.49    1487.49 0.0000e+00
      86401  81.624931   1139.000   1129.631     4.5770     4.5769   3.338029   3.338108     1.5957     1.6682   -0.00092    0.00037     0.5437   102.5457    160.644    161.008         23    34.7687    34.7697    27.5503    27.5511    1487.48    1487.48 0.0000e+00
      86433  81.624947   1138.000   1128.642     4.5758     4.5753   3.337950   3.338016     1.5943     1.6666   -0.00118   -0.00050     0.5437   102.5468    160.615    161.321         42    34.7695    34.7708    27.5511    27.5521    1487.46    1487.46 0.0000e+00
      86476  81.624969   1137.000   1127.653     4.5747     4.5748   3.337876   3.337952     1.5926     1.6661   -0.00150   -0.00143     0.5437   102.5437    160.609    161.821         37    34.7703    34.7711    27.5518    27.5524    1487.44    1487.44 0.0000e+00
      86505  81.624977   1136.000   1126.664     4.5785     4.5787   3.337888   3.337965     1.5922     1.6657   -0.00085   -0.00103     0.5449   102.5541    160.447    161.203         24    34.7669    34.7676    27.5487    27.5492    1487.43    1487.43 0.0000e+00
      86529  81.624992   1135.000   1125.675     4.5799     4.5801   3.337770   3.337829     1.5913     1.6648   -0.00001   -0.00089     0.5436   102.5285    159.973    161.022         25    34.7646    34.7651    27.5467    27.5471    1487.42    1487.42 0.0000e+00
      86555  81.625008   1134.000   1124.686     4.5795     4.5794   3.337605   3.337652     1.5895     1.6641   -0.00018   -0.00042     0.5200   102.5397    159.609    160.901         25    34.7637    34.7643    27.5460    27.5465    1487.40    1487.40 0.0000e+00
      86578  81.625015   1133.000   1123.696     4.5801     4.5799   3.337543   3.337607     1.5882     1.6633   -0.00075   -0.00067     0.5439   102.5424    159.693    160.720         22    34.7628    34.7638    27.5452    27.5460    1487.38    1487.38 0.0000e+00
      86597  81.625023   1132.000   1122.707     4.5827     4.5824   3.337641   3.337704     1.5879     1.6626   -0.00080   -0.00121     0.5453   102.5467    159.762    160.538         18    34.7617    34.7627    27.5441    27.5449    1487.37    1487.37 0.0000e+00
      86616  81.625031   1131.000   1121.718     4.5849     4.5841   3.337632   3.337693     1.5873     1.6618   -0.00071   -0.00152     0.5437   102.5484    159.262    159.966         19    34.7599    34.7613    27.5423    27.5436    1487.36    1487.36 0.0000e+00
      86636  81.625046   1130.000   1120.729     4.5851     4.5851   3.337339   3.337460     1.5857     1.6603   -0.00084   -0.00129     0.5437   102.5386    158.957    159.485         23    34.7567    34.7581    27.5398    27.5409    1487.34    1487.35 0.0000e+00
      86667  81.625061   1129.000   1119.740     4.5833     4.5842   3.337369   3.337421     1.5843     1.6582   -0.00096   -0.00079     0.5437   102.5244    158.968    159.518         39    34.7595    34.7591    27.5421    27.5418    1487.32    1487.33 0.0000e+00
      86717  81.625084   1128.000   1118.751     4.5821     4.5869   3.337376   3.337576     1.5832     1.6557   -0.00169   -0.00137     0.5442   102.5258    159.081    159.323         54    34.7612    34.7586    27.5437    27.5411    1487.30    1487.32 0.0000e+00
      86756  81.625099   1127.000   1117.762     4.5903     4.5913   3.337565   3.337681     1.5819     1.6542   -0.00111   -0.00057     0.5297   102.5251    158.429    159.270         27    34.7554    34.7557    27.5382    27.5383    1487.31    1487.32 0.0000e+00
      86780  81.625114   1126.000   1116.772     4.5934     4.5934   3.337631   3.337695     1.5806     1.6535   -0.00135   -0.00007     0.5382   102.5251    157.915    158.828         22    34.7535    34.7542    27.5363    27.5368    1487.31    1487.31 0.0000e+00
      86802  81.625122   1125.000   1115.783     4.5939     4.5941   3.337592   3.337677     1.5785     1.6517   -0.00085   -0.00086     0.5436   102.5251    157.501    158.049         24    34.7529    34.7537    27.5358    27.5364    1487.29    1487.29 0.0000e+00
      86827  81.625137   1124.000   1114.794     4.5938     4.5938   3.337526   3.337608     1.5769     1.6498   -0.00084   -0.00120     0.5437   102.5251    157.731    158.162         25    34.7528    34.7538    27.5357    27.5365    1487.28    1487.28 0.0000e+00
      86851  81.625145   1123.000   1113.805     4.5936     4.5935   3.337444   3.337512     1.5762     1.6489   -0.00122   -0.00181     0.5437   102.5251    157.590    158.285         22    34.7526    34.7535    27.5355    27.5362    1487.26    1487.26 0.0000e+00
      86872  81.625160   1122.000   1112.816     4.5938     4.5935   3.337367   3.337440     1.5751     1.6478   -0.00193   -0.00205     0.5437   102.5251    157.544    158.055         21    34.7520    34.7531    27.5350    27.5359    1487.24    1487.24 0.0000e+00
      86894  81.625168   1121.000   1111.827     4.5945     4.5941   3.337351   3.337422     1.5747     1.6469   -0.00154   -0.00117     0.5437   102.5251    157.373    158.074         23    34.7516    34.7527    27.5346    27.5355    1487.23    1487.23 0.0000e+00
      86923  81.625183   1120.000   1110.838     4.5943     4.5941   3.337334   3.337396     1.5732     1.6460   -0.00108   -0.00096     0.5437   102.5196    157.184    158.018         37    34.7521    34.7529    27.5350    27.5357    1487.21    1487.21 0.0000e+00
      86962  81.625198   1119.000   1109.848     4.5928     4.5954   3.337263   3.337447     1.5727     1.6452   -0.00095   -0.00081     0.5437   102.5147    157.482    158.210         33    34.7533    34.7527    27.5361    27.5354    1487.19    1487.20 0.0000e+00
      86987  81.625214   1118.000   1108.859     4.6009     4.6011   3.337529   3.337600     1.5726     1.6445   -0.00082   -0.00111     0.5437   102.5196    157.116    157.486         21    34.7484    34.7490    27.5314    27.5318    1487.20    1487.20 0.0000e+00
      87005  81.625221   1117.000   1107.870     4.6036     4.6037   3.337383   3.337425     1.5717     1.6435   -0.00067   -0.00054     0.5437   102.5174    156.487    156.831         18    34.7445    34.7448    27.5279    27.5281    1487.19    1487.19 0.0000e+00
      87024  81.625229   1116.000   1106.881     4.6046     4.6044   3.337070   3.337150     1.5700     1.6419   -0.00024   -0.00008     0.5437   102.5088    155.713    156.113         19    34.7403    34.7414    27.5245    27.5254    1487.17    1487.17 0.0000e+00
      87051  81.625244   1115.000   1105.892     4.6032     4.6020   3.336953   3.337093     1.5668     1.6391   -0.00087   -0.00047     0.5437   102.5176    155.317    155.851         34    34.7409    34.7437    27.5251    27.5275    1487.15    1487.15 0.0000e+00
      87114  81.625275   1114.000   1104.902     4.5988     4.5988   3.337106   3.337180     1.5625     1.6359   -0.00255   -0.00295     0.5437   102.5230    155.791    156.903         38    34.7477    34.7485    27.5309    27.5316    1487.12    1487.12 0.0000e+00
      87137  81.625282   1113.000   1103.913     4.6026     4.6017   3.336623   3.336522     1.5628     1.6359   -0.00189   -0.00224     0.5437   102.5251    155.631    156.593         20    34.7386    34.7384    27.5233    27.5233    1487.11    1487.11 0.0000e+00
      87156  81.625298   1112.000   1102.924     4.6004     4.6003   3.336078   3.336116     1.5621     1.6353   -0.00082   -0.00156     0.5437   102.5251    155.112    156.243         19    34.7351    34.7356    27.5208    27.5212    1487.08    1487.08 0.0000e+00
      87175  81.625305   1111.000   1101.935     4.5987     4.5987   3.335765   3.335855     1.5607     1.6344   -0.00038   -0.00047     0.5437   102.5251    154.749    156.013         20    34.7337    34.7348    27.5198    27.5207    1487.06    1487.06 0.0000e+00
      87197  81.625313   1110.000   1100.946     4.5978     4.5978   3.335595   3.335691     1.5594     1.6335   -0.00041   -0.00020     0.5437   102.5198    154.727    155.841         24    34.7332    34.7343    27.5195    27.5204    1487.03    1487.04 0.0000e+00
      87224  81.625328   1109.000   1099.956     4.5973     4.5969   3.335492   3.335472     1.5580     1.6323   -0.00081   -0.00123     0.5456   102.5198    154.583    155.667         30    34.7330    34.7332    27.5194    27.5196    1487.02    1487.01 0.0000e+00
      87254  81.625343   1108.000   1098.967     4.5972     4.5970   3.335333   3.335331     1.5569     1.6312   -0.00103   -0.00157     0.5357   102.5213    154.639    155.542         29    34.7318    34.7319    27.5184    27.5186    1487.00    1487.00 0.0000e+00
      87285  81.625359   1107.000   1097.978     4.5979     4.5983   3.335250   3.335327     1.5563     1.6297   -0.00106   -0.00113     0.5196   102.5251    154.561    155.128         33    34.7306    34.7311    27.5174    27.5178    1486.98    1486.98 0.0000e+00
      87319  81.625374   1106.000   1096.989     4.5998     4.6017   3.335281   3.335383     1.5554     1.6279   -0.00092   -0.00079     0.5445   102.5053    154.403    154.772         32    34.7295    34.7287    27.5163    27.5155    1486.97    1486.98 0.0000e+00
      87347  81.625389   1105.000   1095.999     4.6024     4.6042   3.335376   3.335494     1.5547     1.6266   -0.00117   -0.00040     0.5437   102.5143    153.999    154.751         25    34.7283    34.7279    27.5151    27.5145    1486.96    1486.97 0.0000e+00
      87369  81.625397   1104.000   1095.010     4.6051     4.6055   3.335417   3.335514     1.5532     1.6254   -0.00124   -0.00071     0.5437   102.5331    153.661    154.257         21    34.7265    34.7272    27.5134    27.5139    1486.96    1486.96 0.0000e+00
      87389  81.625404   1103.000   1094.021     4.6060     4.6060   3.335417   3.335506     1.5525     1.6242   -0.00139   -0.00053     0.5437   102.5280    153.727    154.031         19    34.7261    34.7272    27.5129    27.5138    1486.94    1486.94 0.0000e+00
      87409  81.625420   1102.000   1093.032     4.6063     4.6061   3.335402   3.335472     1.5515     1.6229   -0.00107   -0.00077     0.5437   102.5251    153.277    153.939         21    34.7261    34.7272    27.5129    27.5137    1486.93    1486.93 0.0000e+00
      87433  81.625427   1101.000   1092.042     4.6061     4.6059   3.335358   3.335430     1.5499     1.6218   -0.00129   -0.00133     0.5437   102.5251    153.108    153.927         30    34.7263    34.7273    27.5131    27.5139    1486.91    1486.91 0.0000e+00
      87471  81.625450   1100.000   1091.053     4.6034     4.6032   3.335244   3.335311     1.5484     1.6205   -0.00141   -0.00120     0.5437   102.5251    153.259    154.362         42    34.7283    34.7293    27.5149    27.5157    1486.89    1486.89 0.0000e+00
      87508  81.625465   1099.000   1090.064     4.6046     4.6057   3.335234   3.335337     1.5483     1.6205   -0.00108   -0.00128     0.5437   102.5251    153.501    154.558         32    34.7274    34.7275    27.5140    27.5140    1486.87    1486.88 0.0000e+00
      87537  81.625481   1098.000   1089.074     4.6061     4.6073   3.335223   3.335366     1.5483     1.6205   -0.00023   -0.00063     0.5437   102.5251    153.411    154.383         27    34.7262    34.7267    27.5129    27.5132    1486.86    1486.87 0.0000e+00
      87564  81.625488   1097.000   1088.085     4.6085     4.6088   3.335295   3.335383     1.5480     1.6202    0.00014   -0.00013     0.5437   102.5251    153.238    154.070         26    34.7250    34.7258    27.5117    27.5123    1486.85    1486.85 0.0000e+00
      87589  81.625504   1096.000   1087.096     4.6097     4.6101   3.335289   3.335382     1.5478     1.6194   -0.00016    0.00008     0.5437   102.5251    153.180    153.843         26    34.7242    34.7249    27.5109    27.5114    1486.84    1486.84 0.0000e+00
      87614  81.625519   1095.000   1086.107     4.6110     4.6109   3.335249   3.335322     1.5474     1.6188   -0.00031   -0.00015     0.5437   102.5274    153.001    153.591         24    34.7229    34.7238    27.5098    27.5105    1486.83    1486.83 0.0000e+00
      87638  81.625526   1094.000   1085.117     4.6112     4.6111   3.335198   3.335271     1.5470     1.6180   -0.00057   -0.00025     0.5437   102.5130    152.903    153.446         24    34.7226    34.7236    27.5095    27.5103    1486.81    1486.81 0.0000e+00
      87664  81.625542   1093.000   1084.128     4.6115     4.6111   3.335127   3.335199     1.5460     1.6169   -0.00066   -0.00031     0.5437   102.5256    152.553    153.313         28    34.7220    34.7232    27.5090    27.5099    1486.79    1486.79 0.0000e+00
      87696  81.625557   1092.000   1083.139     4.6098     4.6116   3.335033   3.335126     1.5452     1.6160   -0.00085   -0.00047     0.5437   102.5276    152.643    153.269         34    34.7232    34.7223    27.5101    27.5092    1486.77    1486.78 0.0000e+00
      87725  81.625572   1091.000   1082.149     4.6121     4.6137   3.335011   3.335122     1.5445     1.6154   -0.00084   -0.00084     0.5437   102.5380    152.402    153.069         24    34.7210    34.7207    27.5080    27.5076    1486.76    1486.77 0.0000e+00
      87747  81.625580   1090.000   1081.160     4.6146     4.6153   3.334987   3.335073     1.5439     1.6144   -0.00076   -0.00078     0.5437   102.5204    152.165    152.963         20    34.7186    34.7189    27.5058    27.5060    1486.75    1486.76 0.0000e+00
      87766  81.625587   1089.000   1080.171     4.6156     4.6155   3.334946   3.335017     1.5430     1.6141   -0.00070   -0.00042     0.5437   102.5236    151.938    152.740         20    34.7176    34.7185    27.5050    27.5057    1486.74    1486.74 0.0000e+00
      87788  81.625603   1088.000   1079.182     4.6155     4.6153   3.334890   3.334966     1.5420     1.6128   -0.00064   -0.00061     0.5437   102.5219    151.694    152.433         25    34.7175    34.7186    27.5049    27.5058    1486.72    1486.72 0.0000e+00
      87821  81.625618   1087.000   1078.192     4.6133     4.6128   3.334816   3.334889     1.5404     1.6122   -0.00077   -0.00092     0.5444   102.5249    151.700    152.946         43    34.7195    34.7209    27.5067    27.5078    1486.70    1486.70 0.0000e+00
      87867  81.625641   1086.000   1077.203     4.6133     4.6141   3.334763   3.334815     1.5403     1.6125   -0.00087   -0.00125     0.5282   102.5279    152.180    153.432         41    34.7194    34.7192    27.5066    27.5063    1486.68    1486.68 0.0000e+00
      87900  81.625656   1085.000   1076.214     4.6147     4.6148   3.334675   3.334718     1.5408     1.6126   -0.00016   -0.00050     0.5471   102.5319    152.011    152.756         27    34.7173    34.7178    27.5048    27.5051    1486.67    1486.67 0.0000e+00
      87924  81.625664   1084.000   1075.224     4.6151     4.6153   3.334527   3.334577     1.5404     1.6119    0.00044    0.00026     0.5436   102.5250    151.767    152.552         21    34.7157    34.7161    27.5035    27.5037    1486.65    1486.65 0.0000e+00
