data/fr25/fr25003.cnv
* Sea-Bird SBE 9 Data File:
* FileName = C:\SEASOFT\PIRATA-FR25\data\fr25003.hex
* Software Version Seasave V 7.23.2
* Temperature SN = 5196
* Conductivity SN = 4355
* Number of Bytes Per Scan = 37
* Number of Voltage Words = 4
* Number of Scans Averaged by the Deck Unit = 1
* NMEA Latitude = 00 01.54 N
* NMEA Longitude = 009 52.63 W
* NMEA UTC (Time) = Mar 24 2015 08:25:49
** Cruise: PIRATA-FR25
** Ship: THALASSA
** Station: 3
** Bottom Depth: 4934
** Pressure frequency switch pos 2:
** Operator: gh yg
** Comments:
# nquan = 24                                
# nvalues = 4041                        
# units = specified
# name 0 = scan: Scan Count
# name 1 = timeJ: Julian Days
# name 2 = prDM: Pressure, Digiquartz [db]
# name 3 = depSM: Depth [salt water, m]
# name 4 = t090C: Temperature [ITS-90, deg C]
# name 5 = t190C: Temperature, 2 [ITS-90, deg C]
# name 6 = c0S/m: Conductivity [S/m]
# name 7 = c1S/m: Conductivity, 2 [S/m]
# name 8 = sbeox0V: Oxygen raw, SBE 43 [V]
# name 9 = sbeox1V: Oxygen raw, SBE 43, 2 [V]
# name 10 = sbeox1dOV/dT: Oxygen, SBE 43, 2 [dov/dt]
# name 11 = sbeox0dOV/dT: Oxygen, SBE 43 [dov/dt]
# name 12 = flECO-AFL: Fluorescence, WET Labs ECO-AFL/FL [mg/m^3]
# name 13 = CStarTr0: Beam Transmission, WET Labs C-Star [%]
# name 14 = sbeox0Mm/Kg: Oxygen, SBE 43 [umol/kg], WS = 2
# name 15 = sbeox1Mm/Kg: Oxygen, SBE 43, 2 [umol/kg], WS = 2
# name 16 = nbin: number of scans per bin
# name 17 = sal00: Salinity, Practical [PSU]
# name 18 = sal11: Salinity, Practical, 2 [PSU]
# name 19 = sigma-é00: Density [sigma-theta, kg/m^3]
# name 20 = sigma-é11: Density, 2 [sigma-theta, kg/m^3]
# name 21 = svCM: Sound Velocity [Chen-Millero, m/s]
# name 22 = svCM1: Sound Velocity, 2 [Chen-Millero, m/s]
# name 23 = flag: flag
# span 0 =        415,     124969       
# span 1 =  83.351463,  83.411530       
# span 2 =      1.000,   2022.000       
# span 3 =      0.995,   2001.219       
# span 4 =     3.5637,    28.5948       
# span 5 =     3.5643,    28.5927       
# span 6 =   3.300388,   5.755381       
# span 7 =   3.300494,   5.754727       
# span 8 =     1.1843,     2.8919       
# span 9 =     1.2429,     3.0559       
# span 10 =   -0.04717,    0.03690      
# span 11 =   -0.04365,    0.03938      
# span 12 =     0.5108,     1.7148      
# span 13 =    87.5627,   102.4743      
# span 14 =     77.033,    238.498      
# span 15 =     77.622,    384.997      
# span 16 =          3,         79      
# span 17 =    34.4847,    36.5073      
# span 18 =    34.4848,    36.5100      
# span 19 =    22.2668,    27.8155      
# span 20 =    22.2693,    27.8163      
# span 21 =    1482.57,    1543.25      
# span 22 =    1482.57,    1543.24      
# span 23 = 0.0000e+00, 0.0000e+00      
# interval = decibars: 1                
# start_time = Mar 24 2015 08:25:49 [System UTC, header]
# bad_flag = -9.990e-29
*END*
[from data line 1148]
      31997  83.366692   1151.000   1141.516     4.5630     4.5634   3.334767   3.334874     1.6016     1.6759    0.00035    0.00045     0.5270   102.3866    162.792    163.644         21    34.7395    34.7404    27.5287    27.5294    1487.58    1487.58 0.0000e+00
      32017  83.366699   1152.000   1142.505     4.5637     4.5641   3.334898   3.335009     1.6020     1.6758    0.00044   -0.00006     0.5330   102.3866    162.843    163.740         20    34.7398    34.7407    27.5289    27.5296    1487.60    1487.60 0.0000e+00
      32039  83.366714   1153.000   1143.494     4.5643     4.5647   3.335063   3.335181     1.6022     1.6760    0.00069    0.00005     0.5303   102.3866    162.790    163.914         24    34.7406    34.7415    27.5294    27.5301    1487.62    1487.62 0.0000e+00
      32066  83.366722   1154.000   1144.483     4.5650     4.5654   3.335194   3.335310     1.6023     1.6765    0.00014    0.00042     0.5258   102.3866    162.974    164.015         31    34.7409    34.7418    27.5296    27.5303    1487.64    1487.64 0.0000e+00
      32098  83.366737   1155.000   1145.472     4.5661     4.5664   3.335420   3.335540     1.6037     1.6768    0.00024    0.00027     0.5283   102.3866    163.388    163.643         29    34.7418    34.7429    27.5303    27.5311    1487.66    1487.66 0.0000e+00
      32124  83.366753   1156.000   1146.461     4.5667     4.5670   3.335544   3.335655     1.6038     1.6761    0.00037    0.00015     0.5315   102.3866    162.956    163.516         24    34.7422    34.7431    27.5305    27.5312    1487.68    1487.68 0.0000e+00
      32145  83.366760   1157.000   1147.450     4.5670     4.5674   3.335628   3.335739     1.6039     1.6762    0.00030    0.00066     0.5291   102.3866    163.029    164.226         19    34.7424    34.7432    27.5306    27.5312    1487.70    1487.70 0.0000e+00
      32164  83.366776   1158.000   1148.439     4.5673     4.5677   3.335697   3.335807     1.6038     1.6773   -0.00009    0.00104     0.5329   102.3866    162.927    164.430         19    34.7424    34.7432    27.5306    27.5312    1487.72    1487.72 0.0000e+00
      32185  83.366783   1159.000   1149.428     4.5680     4.5684   3.335871   3.335973     1.6036     1.6773   -0.00048    0.00017     0.5471   102.3866    163.004    163.980         24    34.7431    34.7439    27.5311    27.5317    1487.74    1487.74 0.0000e+00
      32214  83.366798   1160.000   1150.417     4.5683     4.5687   3.335949   3.336059     1.6040     1.6773    0.00035    0.00000     0.5290   102.3866    163.429    163.995         34    34.7432    34.7441    27.5312    27.5319    1487.76    1487.76 0.0000e+00
      32249  83.366814   1161.000   1151.406     4.5697     4.5700   3.336195   3.336310     1.6050     1.6775    0.00040   -0.00022     0.5441   102.3866    163.434    164.289         32    34.7442    34.7451    27.5318    27.5325    1487.78    1487.78 0.0000e+00
      32276  83.366829   1162.000   1152.395     4.5708     4.5712   3.336404   3.336516     1.6051     1.6779    0.00037    0.00056     0.5518   102.3866    163.317    164.172         23    34.7450    34.7459    27.5323    27.5330    1487.80    1487.80 0.0000e+00
      32297  83.366837   1163.000   1153.384     4.5718     4.5721   3.336591   3.336700     1.6051     1.6778   -0.00001    0.00070     0.5513   102.3884    163.423    164.095         20    34.7456    34.7466    27.5327    27.5335    1487.82    1487.83 0.0000e+00
      32316  83.366844   1164.000   1154.373     4.5733     4.5736   3.336828   3.336939     1.6055     1.6780    0.00009    0.00040     0.5486   102.3816    163.617    164.214         18    34.7463    34.7473    27.5331    27.5339    1487.85    1487.85 0.0000e+00
      32334  83.366852   1165.000   1155.362     4.5737     4.5742   3.336945   3.337072     1.6058     1.6779    0.00023    0.00018     0.5421   102.3748    163.645    164.242         19    34.7467    34.7476    27.5334    27.5341    1487.87    1487.87 0.0000e+00
      32354  83.366867   1166.000   1156.351     4.5742     4.5746   3.337061   3.337174     1.6062     1.6783    0.00002    0.00004     0.5273   102.3864    163.643    164.558         22    34.7470    34.7480    27.5336    27.5343    1487.88    1487.89 0.0000e+00
      32378  83.366875   1167.000   1157.340     4.5742     4.5746   3.337123   3.337228     1.6061     1.6786    0.00006    0.00037     0.5389   102.3881    163.413    164.342         25    34.7473    34.7481    27.5338    27.5345    1487.90    1487.90 0.0000e+00
      32405  83.366890   1168.000   1158.329     4.5743     4.5747   3.337165   3.337277     1.6056     1.6786    0.00014    0.00039     0.5401   102.3872    163.219    164.303         29    34.7471    34.7480    27.5337    27.5344    1487.92    1487.92 0.0000e+00
      32433  83.366905   1169.000   1159.318     4.5744     4.5748   3.337215   3.337322     1.6050     1.6786    0.00033    0.00011     0.5246   102.3866    163.215    164.326         26    34.7471    34.7480    27.5337    27.5344    1487.94    1487.94 0.0000e+00
      32458  83.366913   1170.000   1160.307     4.5745     4.5749   3.337270   3.337385     1.6045     1.6786    0.00016   -0.00038     0.5301   102.3866    163.016    164.347         24    34.7472    34.7481    27.5337    27.5345    1487.95    1487.96 0.0000e+00
      32481  83.366928   1171.000   1161.296     4.5747     4.5750   3.337323   3.337430     1.6039     1.6786    0.00004   -0.00052     0.5485   102.3866    163.079    164.368         24    34.7472    34.7480    27.5337    27.5344    1487.97    1487.97 0.0000e+00
      32506  83.366936   1172.000   1162.285     4.5746     4.5749   3.337358   3.337472     1.6037     1.6786   -0.00000   -0.00042     0.5313   102.3835    163.257    164.390         26    34.7472    34.7481    27.5338    27.5345    1487.99    1487.99 0.0000e+00
      32536  83.366951   1173.000   1163.274     4.5744     4.5747   3.337376   3.337492     1.6036     1.6786   -0.00001   -0.00065     0.5504   102.3930    163.503    164.414         34    34.7470    34.7481    27.5337    27.5345    1488.00    1488.00 0.0000e+00
      32570  83.366966   1174.000   1164.263     4.5745     4.5748   3.337420   3.337531     1.6046     1.6785   -0.00000   -0.00011     0.5336   102.2766    163.509    164.168         32    34.7470    34.7480    27.5337    27.5344    1488.02    1488.02 0.0000e+00
      32601  83.366982   1175.000   1165.252     4.5743     4.5747   3.337458   3.337570     1.6043     1.6779    0.00001    0.00021     0.5242   102.3829    163.366    164.072         30    34.7471    34.7481    27.5338    27.5345    1488.03    1488.04 0.0000e+00
      32628  83.366997   1176.000   1166.241     4.5743     4.5747   3.337502   3.337617     1.6042     1.6776   -0.00007    0.00057     0.5272   102.3867    163.036    164.147         23    34.7472    34.7481    27.5339    27.5345    1488.05    1488.05 0.0000e+00
      32647  83.367004   1177.000   1167.230     4.5745     4.5748   3.337561   3.337680     1.6028     1.6774   -0.00046   -0.00010     0.5288   102.3866    162.582    164.249         17    34.7471    34.7482    27.5338    27.5346    1488.07    1488.07 0.0000e+00
      32663  83.367012   1178.000   1168.219     4.5747     4.5750   3.337613   3.337726     1.6022     1.6774   -0.00045   -0.00008     0.5294   102.3866    162.875    164.309         15    34.7471    34.7481    27.5338    27.5345    1488.09    1488.09 0.0000e+00
      32678  83.367020   1179.000   1169.208     4.5746     4.5750   3.337658   3.337761     1.6020     1.6774   -0.00033   -0.00018     0.5321   102.3866    163.127    164.371         14    34.7472    34.7480    27.5339    27.5344    1488.10    1488.10 0.0000e+00
      32692  83.367027   1180.000   1170.196     4.5746     4.5749   3.337691   3.337801     1.6022     1.6774   -0.00028   -0.00050     0.5312   102.3866    163.325    164.391         14    34.7471    34.7480    27.5338    27.5345    1488.12    1488.12 0.0000e+00
      32707  83.367035   1181.000   1171.185     4.5744     4.5747   3.337719   3.337841     1.6023     1.6774   -0.00017   -0.00117     0.5377   102.3866    163.387    164.414         17    34.7471    34.7482    27.5338    27.5346    1488.13    1488.14 0.0000e+00
      32730  83.367043   1182.000   1172.174     4.5743     4.5746   3.337753   3.337864     1.6026     1.6774   -0.00006   -0.00079     0.5323   102.3866    163.666    164.436         36    34.7471    34.7481    27.5338    27.5346    1488.15    1488.15 0.0000e+00
      32793  83.367073   1183.000   1173.163     4.5742     4.5742   3.337787   3.337875     1.6039     1.6774    0.00003    0.00043     0.5272   102.3866    163.576    164.461         32    34.7472    34.7481    27.5339    27.5347    1488.17    1488.17 0.0000e+00
      32825  83.367088   1184.000   1174.152     4.5732     4.5735   3.337780   3.337898     1.6040     1.6774    0.00000    0.00083     0.5439   102.3866    163.567    164.431         22    34.7476    34.7486    27.5344    27.5352    1488.18    1488.18 0.0000e+00
      32844  83.367104   1185.000   1175.141     4.5731     4.5735   3.337873   3.337996     1.6040     1.6774    0.00000    0.00053     0.5398   102.3866    163.450    164.199         18    34.7483    34.7493    27.5350    27.5357    1488.20    1488.20 0.0000e+00
      32861  83.367111   1186.000   1176.130     4.5732     4.5736   3.338018   3.338134     1.6036     1.6768   -0.00001    0.00007     0.5246   102.3866    163.406    164.117         16    34.7494    34.7502    27.5358    27.5364    1488.22    1488.22 0.0000e+00
      32877  83.367119   1187.000   1177.119     4.5732     4.5736   3.338071   3.338193     1.6034     1.6766   -0.00007   -0.00010     0.5278   102.3866    163.530    164.682         17    34.7495    34.7505    27.5359    27.5366    1488.23    1488.24 0.0000e+00
      32896  83.367126   1188.000   1178.108     4.5731     4.5735   3.338110   3.338228     1.6036     1.6773   -0.00019   -0.00006     0.5263   102.3866    163.734    164.935         21    34.7496    34.7505    27.5360    27.5367    1488.25    1488.25 0.0000e+00
      32919  83.367134   1189.000   1179.096     4.5732     4.5736   3.338194   3.338313     1.6039     1.6774   -0.00042   -0.00026     0.5284   102.3866    163.705    164.594         26    34.7499    34.7509    27.5363    27.5370    1488.27    1488.27 0.0000e+00
      32946  83.367149   1190.000   1180.085     4.5735     4.5739   3.338304   3.338412     1.6036     1.6775    0.00024   -0.00013     0.5314   102.3866    163.613    164.653         28    34.7504    34.7513    27.5366    27.5373    1488.28    1488.29 0.0000e+00
      32975  83.367165   1191.000   1181.074     4.5739     4.5743   3.338456   3.338576     1.6041     1.6775    0.00030    0.00025     0.5267   102.3866    163.946    164.703         29    34.7513    34.7523    27.5373    27.5380    1488.30    1488.31 0.0000e+00
      33003  83.367180   1192.000   1182.063     4.5744     4.5747   3.338646   3.338757     1.6045     1.6777    0.00003   -0.00016     0.5385   102.3866    163.932    164.761         27    34.7525    34.7534    27.5382    27.5389    1488.32    1488.33 0.0000e+00
      33030  83.367188   1193.000   1183.052     4.5749     4.5753   3.338807   3.338929     1.6043     1.6780    0.00003    0.00023     0.5414   102.3866    163.798    165.144         26    34.7533    34.7543    27.5388    27.5396    1488.34    1488.35 0.0000e+00
      33054  83.367203   1194.000   1184.041     4.5756     4.5759   3.338989   3.339110     1.6046     1.6786    0.00014    0.00041     0.5276   102.3866    164.027    165.128         23    34.7542    34.7552    27.5395    27.5402    1488.36    1488.37 0.0000e+00
      33077  83.367210   1195.000   1185.030     4.5772     4.5775   3.339403   3.339517     1.6051     1.6787    0.00011    0.00020     0.5299   102.3866    164.227    165.120         22    34.7568    34.7578    27.5414    27.5421    1488.39    1488.39 0.0000e+00
      33098  83.367226   1196.000   1186.018     4.5780     4.5783   3.339636   3.339744     1.6054     1.6792    0.00050   -0.00007     0.5330   102.3866    164.378    165.356         21    34.7582    34.7591    27.5424    27.5431    1488.41    1488.42 0.0000e+00
      33119  83.367233   1197.000   1187.007     4.5787     4.5790   3.339854   3.339967     1.6065     1.6796    0.00054    0.00017     0.5296   102.3866    164.794    165.500         21    34.7595    34.7605    27.5434    27.5441    1488.43    1488.44 0.0000e+00
      33141  83.367241   1198.000   1187.996     4.5790     4.5793   3.339950   3.340069     1.6076     1.6802    0.00021    0.00059     0.5245   102.3866    164.857    165.790         22    34.7598    34.7609    27.5436    27.5444    1488.45    1488.45 0.0000e+00
      33165  83.367256   1199.000   1188.985     4.5794     4.5798   3.340090   3.340208     1.6083     1.6812    0.00048    0.00066     0.5281   102.3866    165.038    165.939         28    34.7605    34.7615    27.5441    27.5449    1488.47    1488.47 0.0000e+00
      33197  83.367271   1200.000   1189.974     4.5803     4.5807   3.340262   3.340378     1.6096     1.6827    0.00069    0.00108     0.5395   102.3954    164.945    166.527         36    34.7611    34.7620    27.5445    27.5452    1488.49    1488.50 0.0000e+00
      33233  83.367287   1201.000   1190.963     4.5811     4.5814   3.340418   3.340525     1.6099     1.6839    0.00083    0.00101     0.5307   102.3908    164.934    166.108         32    34.7616    34.7625    27.5448    27.5455    1488.51    1488.52 0.0000e+00
      33259  83.367302   1202.000   1191.951     4.5816     4.5819   3.340685   3.340797     1.6103     1.6847    0.00137    0.00086     0.5481   102.3955    165.112    166.285         22    34.7636    34.7646    27.5464    27.5471    1488.53    1488.54 0.0000e+00
      33278  83.367310   1203.000   1192.940     4.5817     4.5822   3.340815   3.340934     1.6109     1.6849    0.00118    0.00016     0.5455   102.3986    165.269    166.268         16    34.7646    34.7654    27.5471    27.5478    1488.55    1488.56 0.0000e+00
      33293  83.367317   1204.000   1193.929     4.5818     4.5822   3.340969   3.341087     1.6111     1.6852    0.00047    0.00016     0.5437   102.3884    165.366    166.584         16    34.7658    34.7667    27.5481    27.5488    1488.57    1488.57 0.0000e+00
      33308  83.367325   1205.000   1194.918     4.5816     4.5820   3.341148   3.341267     1.6119     1.6862    0.00060    0.00038     0.5286   102.3866    165.465    166.975         14    34.7676    34.7685    27.5495    27.5502    1488.59    1488.59 0.0000e+00
      33323  83.367332   1206.000   1195.906     4.5812     4.5816   3.341414   3.341529     1.6119     1.6866    0.00067    0.00048     0.5277   102.3866    165.741    167.224         16    34.7706    34.7715    27.5520    27.5527    1488.61    1488.61 0.0000e+00
      33345  83.367340   1207.000   1196.895     4.5807     4.5811   3.341691   3.341828     1.6137     1.6883    0.00051    0.00059     0.5237   102.3866    166.386    168.048         30    34.7738    34.7750    27.5546    27.5555    1488.63    1488.63 0.0000e+00
      33416  83.367378   1208.000   1197.884     4.5809     4.5812   3.341704   3.341919     1.6182     1.6927    0.00202    0.00184     0.5424   102.3866    166.763    167.680         34    34.7732    34.7754    27.5541    27.5559    1488.64    1488.65 0.0000e+00
      33443  83.367386   1209.000   1198.873     4.5798     4.5802   3.342251   3.342370     1.6200     1.6938    0.00191    0.00185     0.5207   102.3866    167.481    168.390         19    34.7803    34.7812    27.5599    27.5606    1488.66    1488.67 0.0000e+00
