data/fr25/fr25002.cnv
* Sea-Bird SBE 9 Data File:
* FileName = C:\SEASOFT\PIRATA-FR25\data\fr25002.hex
* Software Version Seasave V 7.23.2
* Temperature SN = 5196
* Conductivity SN = 4355
* Number of Bytes Per Scan = 37
* Number of Voltage Words = 4
* Number of Scans Averaged by the Deck Unit = 1
* NMEA Latitude = 02 59.87 N
* NMEA Longitude = 012 29.80 W
* NMEA UTC (Time) = Mar 22 2015 13:59:54
** Cruise: PIRATA-FR25
** Ship: THALASSA
** Station: 2
** Bottom Depth: 4556
** Pressure frequency switch pos 2:
** Operator: JH/AF
** Comments:
# nquan = 24                                
# nvalues = 4040                        
# units = specified
# name 0 = scan: Scan Count
# name 1 = timeJ: Julian Days
# name 2 = prDM: Pressure, Digiquartz [db]
# name 3 = depSM: Depth [salt water, m]
# name 4 = t090C: Temperature [ITS-90, deg C]
# name 5 = t190C: Temperature, 2 [ITS-90, deg C]
# name 6 = c0S/m: Conductivity [S/m]
# name 7 = c1S/m: Conductivity, 2 [S/m]
# name 8 = sbeox0V: Oxygen raw, SBE 43 [V]
# name 9 = sbeox1V: Oxygen raw, SBE 43, 2 [V]
# name 10 = sbeox1dOV/dT: Oxygen, SBE 43, 2 [dov/dt]
# name 11 = sbeox0dOV/dT: Oxygen, SBE 43 [dov/dt]
# name 12 = flECO-AFL: Fluorescence, WET Labs ECO-AFL/FL [mg/m^3]
# name 13 = CStarTr0: Beam Transmission, WET Labs C-Star [%]
# name 14 = sbeox0Mm/Kg: Oxygen, SBE 43 [umol/kg], WS = 2
# name 15 = sbeox1Mm/Kg: Oxygen, SBE 43, 2 [umol/kg], WS = 2
# name 16 = nbin: number of scans per bin
# name 17 = sal00: Salinity, Practical [PSU]
# name 18 = sal11: Salinity, Practical, 2 [PSU]
# name 19 = sigma-é00: Density [sigma-theta, kg/m^3]
# name 20 = sigma-é11: Density, 2 [sigma-theta, kg/m^3]
# name 21 = svCM: Sound Velocity [Chen-Millero, m/s]
# name 22 = svCM1: Sound Velocity, 2 [Chen-Millero, m/s]
# name 23 = flag: flag
# span 0 =       1318,     155699       
# span 1 =  81.583900,  81.658348       
# span 2 =      2.000,   2022.000       
# span 3 =      1.989,   2001.190       
# span 4 =     3.4875,    29.5714       
# span 5 =     3.4879,    29.5694       
# span 6 =   3.293295,   5.799563       
# span 7 =   3.293373,   5.799522       
# span 8 =     1.1874,     3.0606       
# span 9 =     1.2442,     3.2089       
# span 10 =   -0.15365,    0.06411      
# span 11 =   -0.14716,    0.06548      
# span 12 =     0.5118,     3.2714      
# span 13 =    93.2626,   102.5948      
# span 14 =     78.743,    234.044      
# span 15 =     77.340,    235.132      
# span 16 =          0,         75      
# span 17 =    34.5252,    35.9526      
# span 18 =    34.5261,    35.9638      
# span 19 =    21.9210,    27.8193      
# span 20 =    21.9225,    27.8196      
# span 21 =    1483.09,    1544.83      
# span 22 =    1483.10,    1544.83      
# span 23 = 0.0000e+00, 0.0000e+00      
# interval = decibars: 1                
# start_time = Mar 22 2015 13:59:54 [System UTC, header]
# bad_flag = -9.990e-29
*END*
[from data line 3019]
      90368  81.626846   1022.000   1013.876     4.6529     4.6526   3.331689   3.331712     1.5075     1.5764   -0.00004    0.00042     0.5437   102.5249    146.006    146.785         30    34.6744    34.6750    27.4659    27.4664    1485.73    1485.73 0.0000e+00
      90409  81.626862   1021.000   1012.886     4.6497     4.6501   3.331189   3.331347     1.5077     1.5765    0.00003    0.00030     0.5437   102.5351    145.818    146.751         58    34.6724    34.6738    27.4647    27.4658    1485.69    1485.70 0.0000e+00
      90466  81.626892   1020.000   1011.897     4.6488     4.6490   3.331025   3.331110     1.5069     1.5766    0.00008    0.00015     0.5437   102.5297    145.513    146.997         42    34.6720    34.6727    27.4644    27.4649    1485.67    1485.67 0.0000e+00
      90497  81.626907   1019.000   1010.907     4.6451     4.6432   3.330433   3.330273     1.5062     1.5772   -0.00012   -0.00037     0.5437   102.5322    145.591    147.081         26    34.6694    34.6695    27.4628    27.4631    1485.64    1485.63 0.0000e+00
      90520  81.626915   1018.000   1009.917     4.6454     4.6448   3.330169   3.330235     1.5063     1.5774    0.00011   -0.00032     0.5437   102.5193    145.411    146.885         23    34.6666    34.6680    27.4605    27.4616    1485.62    1485.62 0.0000e+00
      90549  81.626930   1017.000   1008.928     4.6472     4.6467   3.330215   3.330283     1.5052     1.5772    0.00039   -0.00054     0.5437   102.5194    145.104    146.376         34    34.6657    34.6670    27.4596    27.4607    1485.61    1485.61 0.0000e+00
      90637  81.626976   1016.000   1007.938     4.6456     4.6457   3.330167   3.330232     1.5051     1.5748   -0.00095   -0.00050     0.5437   102.5248    145.455    146.420         41    34.6673    34.6679    27.4610    27.4615    1485.59    1485.59 0.0000e+00
      90682  81.626991   1015.000   1006.948     4.6474     4.6474   3.330261   3.330320     1.5045     1.5747   -0.00046    0.00034     0.5437   102.5266    145.151    146.397         41    34.6670    34.6677    27.4606    27.4611    1485.58    1485.58 0.0000e+00
      90727  81.627014   1014.000   1005.959     4.6521     4.6528   3.330445   3.330574     1.5048     1.5746   -0.00003   -0.00025     0.5437   102.5271    145.416    146.133         54    34.6648    34.6655    27.4583    27.4588    1485.58    1485.58 0.0000e+00
      90790  81.627045   1013.000   1004.969     4.6551     4.6560   3.330600   3.330721     1.5035     1.5726   -0.00025    0.00027     0.5437   102.5214    144.601    145.574         62    34.6640    34.6645    27.4573    27.4576    1485.57    1485.58 0.0000e+00
      90846  81.627075   1012.000   1003.979     4.6668     4.6629   3.331418   3.331236     1.5007     1.5713   -0.00085   -0.00104     0.5437   102.5255    144.070    145.240         39    34.6618    34.6637    27.4542    27.4562    1485.60    1485.59 0.0000e+00
      90935  81.627113   1011.000   1002.990     4.6682     4.6575   3.331404   3.330792     1.4979     1.5700   -0.00067   -0.00115     0.5437   102.5167    144.061    145.718         64    34.6607    34.6647    27.4532    27.4576    1485.59    1485.55 0.0000e+00
      91022  81.627159   1010.000   1002.000     4.6696     4.6627   3.331403   3.331065     1.4966     1.5698    0.00005   -0.00039     0.5437   102.5123    143.855    145.480         39    34.6597    34.6630    27.4523    27.4556    1485.58    1485.55 0.0000e+00
      91074  81.627182   1009.000   1001.010     4.6732     4.6678   3.331560   3.331348     1.4958     1.5690   -0.00031   -0.00045     0.5437   102.5161    143.636    144.781         37    34.6584    34.6615    27.4508    27.4539    1485.57    1485.55 0.0000e+00
      92024  81.627640   1008.000   1000.021     4.6817     4.6800   3.332179   3.332155     1.4908     1.5621    0.00001    0.00009     0.5437   102.5167    142.832    143.988         49    34.6572    34.6587    27.4489    27.4503    1485.59    1485.58 0.0000e+00
      93617  81.628410   1007.000    999.031     4.6861     4.6868   3.332467   3.332599     1.4885     1.5573   -0.00006    0.00031     0.5437   102.5120    142.799    143.680         39    34.6565    34.6572    27.4479    27.4484    1485.59    1485.59 0.0000e+00
      93784  81.628494   1006.000    998.041     4.6870     4.6871   3.332482   3.332566     1.4875     1.5563   -0.00024   -0.00027     0.5437   102.5134    142.453    143.540         36    34.6562    34.6571    27.4475    27.4482    1485.58    1485.58 0.0000e+00
      93856  81.628525   1005.000    997.051     4.6876     4.6876   3.332430   3.332474     1.4868     1.5559   -0.00031   -0.00042     0.5437   102.5152    142.370    143.477         35    34.6555    34.6560    27.4469    27.4473    1485.56    1485.56 0.0000e+00
      93886  81.628540   1004.000    996.062     4.6880     4.6879   3.332160   3.332155     1.4862     1.5559   -0.00013   -0.00061     0.5437   102.5000    141.918    143.359         28    34.6524    34.6525    27.4444    27.4444    1485.54    1485.54 0.0000e+00
      93913  81.628555   1003.000    995.072     4.6894     4.6895   3.331942   3.332006     1.4852     1.5555    0.00006    0.00003     0.5437   102.5075    141.833    142.939         27    34.6490    34.6496    27.4415    27.4420    1485.53    1485.53 0.0000e+00
      93941  81.628563   1002.000    994.082     4.6899     4.6899   3.331912   3.331980     1.4846     1.5547   -0.00003   -0.00050     0.5437   102.5105    141.769    142.806         30    34.6486    34.6494    27.4411    27.4417    1485.51    1485.51 0.0000e+00
      93994  81.628593   1001.000    993.093     4.6895     4.6895   3.331893   3.331942     1.4834     1.5534   -0.00046   -0.00077     0.5437   102.5064    141.590    142.669         42    34.6493    34.6498    27.4417    27.4421    1485.50    1485.50 0.0000e+00
      94062  81.628624   1000.000    992.103     4.6892     4.6887   3.331852   3.331944     1.4828     1.5530   -0.00040   -0.00016     0.5437   102.5152    141.696    143.169         29    34.6496    34.6512    27.4420    27.4433    1485.48    1485.48 0.0000e+00
      94085  81.628639    999.000    991.113     4.6900     4.6893   3.331672   3.331808     1.4831     1.5533   -0.00034   -0.00007     0.5437   102.5025    141.713    142.942         22    34.6472    34.6495    27.4400    27.4419    1485.46    1485.46 0.0000e+00
      94105  81.628647    998.000    990.123     4.6920     4.6921   3.331498   3.331594     1.4825     1.5528   -0.00017   -0.00046     0.5437   102.4975    141.435    142.424         21    34.6436    34.6446    27.4369    27.4377    1485.45    1485.45 0.0000e+00
      94129  81.628654    997.000    989.134     4.6974     4.6982   3.331857   3.331995     1.4820     1.5521    0.00024   -0.00013     0.5437   102.4984    141.131    142.008         27    34.6427    34.6435    27.4355    27.4361    1485.45    1485.46 0.0000e+00
      94163  81.628677    996.000    988.144     4.6969     4.6954   3.331811   3.331798     1.4806     1.5503   -0.00027   -0.00024     0.5437   102.4988    140.978    141.790         40    34.6432    34.6445    27.4360    27.4372    1485.44    1485.43 0.0000e+00
      94199  81.628693    995.000    987.154     4.6974     4.6949   3.331809   3.331746     1.4797     1.5495   -0.00102   -0.00088     0.5437   102.5021    140.873    142.018         30    34.6431    34.6450    27.4358    27.4376    1485.42    1485.41 0.0000e+00
      94227  81.628708    994.000    986.164     4.6985     4.6978   3.331793   3.331855     1.4789     1.5485   -0.00117   -0.00083     0.5437   102.4974    140.851    141.779         27    34.6423    34.6437    27.4351    27.4363    1485.41    1485.41 0.0000e+00
      94255  81.628716    993.000    985.175     4.6982     4.6987   3.331718   3.331816     1.4785     1.5480   -0.00053   -0.00064     0.5437   102.4974    140.740    141.680         31    34.6422    34.6429    27.4350    27.4355    1485.39    1485.39 0.0000e+00
      94300  81.628738    992.000    984.185     4.6987     4.6989   3.331699   3.331783     1.4776     1.5470   -0.00060   -0.00050     0.5437   102.4984    140.614    141.752         63    34.6420    34.6427    27.4348    27.4354    1485.37    1485.38 0.0000e+00
      94357  81.628769    991.000    983.195     4.6998     4.6985   3.331756   3.331754     1.4772     1.5470   -0.00058   -0.00056     0.5437   102.5051    140.865    142.038         38    34.6420    34.6434    27.4347    27.4359    1485.36    1485.36 0.0000e+00
      94385  81.628784    990.000    982.205     4.7053     4.7027   3.332135   3.332000     1.4772     1.5470   -0.00015   -0.00032     0.5437   102.5116    140.493    141.962         24    34.6411    34.6423    27.4334    27.4346    1485.37    1485.36 0.0000e+00
      94409  81.628792    989.000    981.215     4.7116     4.7108   3.332622   3.332666     1.4769     1.5470    0.00016    0.00004     0.5437   102.5096    140.492    141.509         25    34.6408    34.6422    27.4324    27.4336    1485.38    1485.37 0.0000e+00
      94437  81.628807    988.000    980.226     4.7131     4.7129   3.332733   3.332797     1.4767     1.5461    0.00010    0.00009     0.5437   102.5118    140.504    141.080         32    34.6411    34.6420    27.4324    27.4332    1485.37    1485.37 0.0000e+00
      94471  81.628822    987.000    979.236     4.7137     4.7136   3.332737   3.332819     1.4766     1.5449   -0.00023   -0.00038     0.5437   102.5006    140.474    141.207         34    34.6410    34.6420    27.4323    27.4331    1485.35    1485.35 0.0000e+00
      94504  81.628838    986.000    978.246     4.7140     4.7136   3.332718   3.332761     1.4761     1.5446   -0.00084   -0.00010     0.5437   102.5086    140.033    141.245         33    34.6409    34.6418    27.4322    27.4329    1485.34    1485.34 0.0000e+00
      94536  81.628853    985.000    977.256     4.7159     4.7133   3.332779   3.332695     1.4749     1.5441   -0.00063   -0.00003     0.5437   102.5110    139.971    141.091         30    34.6401    34.6419    27.4314    27.4330    1485.33    1485.32 0.0000e+00
      94567  81.628868    984.000    976.266     4.7171     4.7165   3.332808   3.332860     1.4742     1.5437   -0.00026   -0.00071     0.5437   102.5050    139.984    141.141         33    34.6398    34.6410    27.4309    27.4319    1485.31    1485.31 0.0000e+00
      94604  81.628883    983.000    975.277     4.7177     4.7174   3.332808   3.332861     1.4741     1.5432   -0.00037   -0.00063     0.5437   102.5100    139.961    140.863         39    34.6396    34.6405    27.4307    27.4315    1485.30    1485.30 0.0000e+00
      94637  81.628906    982.000    974.287     4.7192     4.7182   3.332837   3.332870     1.4736     1.5426   -0.00021   -0.00033     0.5437   102.5079    139.728    140.844         27    34.6389    34.6403    27.4300    27.4312    1485.29    1485.29 0.0000e+00
      94660  81.628914    981.000    973.297     4.7208     4.7201   3.332858   3.332923     1.4726     1.5422   -0.00029   -0.00006     0.5437   102.5027    139.186    140.856         21    34.6379    34.6394    27.4290    27.4303    1485.28    1485.28 0.0000e+00
      94680  81.628922    980.000    972.307     4.7223     4.7221   3.332893   3.332963     1.4714     1.5421   -0.00057   -0.00039     0.5437   102.5098    139.190    140.490         20    34.6373    34.6383    27.4284    27.4292    1485.27    1485.27 0.0000e+00
      94704  81.628937    979.000    971.317     4.7220     4.7219   3.332770   3.332829     1.4709     1.5411   -0.00039   -0.00048     0.5437   102.5059    139.292    140.444         30    34.6367    34.6375    27.4279    27.4286    1485.25    1485.25 0.0000e+00
      94747  81.628952    978.000    970.327     4.7200     4.7192   3.332600   3.332674     1.4707     1.5409   -0.00051   -0.00113     0.5437   102.4962    139.618    140.833         47    34.6374    34.6390    27.4286    27.4300    1485.22    1485.22 0.0000e+00
      94780  81.628975    977.000    969.338     4.7215     4.7211   3.332568   3.332636     1.4714     1.5410   -0.00049   -0.00048     0.5437   102.4846    139.811    140.775         23    34.6359    34.6371    27.4273    27.4283    1485.21    1485.21 0.0000e+00
      94800  81.628983    976.000    968.348     4.7230     4.7224   3.332601   3.332664     1.4718     1.5410   -0.00004    0.00002     0.5437   102.4946    139.671    140.752         19    34.6353    34.6366    27.4266    27.4277    1485.20    1485.20 0.0000e+00
      94819  81.628990    975.000    967.358     4.7259     4.7261   3.332717   3.332811     1.4715     1.5410   -0.00002    0.00034     0.5437   102.5060    139.470    140.722         20    34.6340    34.6349    27.4253    27.4260    1485.19    1485.20 0.0000e+00
      94840  81.628998    974.000    966.368     4.7288     4.7284   3.332889   3.332936     1.4717     1.5410    0.00000    0.00042     0.5437   102.4858    139.448    140.544         21    34.6335    34.6345    27.4246    27.4254    1485.19    1485.19 0.0000e+00
      94863  81.629013    973.000    965.378     4.7312     4.7307   3.333035   3.333089     1.4714     1.5404    0.00003    0.00042     0.5437   102.4980    139.355    140.000         25    34.6333    34.6343    27.4241    27.4250    1485.18    1485.18 0.0000e+00
      94888  81.629021    972.000    964.388     4.7321     4.7320   3.333064   3.333144     1.4710     1.5398    0.00002   -0.00012     0.5437   102.5040    139.136    140.300         26    34.6332    34.6341    27.4239    27.4247    1485.17    1485.17 0.0000e+00
      94917  81.629036    971.000    963.398     4.7326     4.7321   3.333064   3.333113     1.4702     1.5396   -0.00040   -0.00020     0.5437   102.4975    138.997    140.075         31    34.6331    34.6342    27.4238    27.4247    1485.15    1485.15 0.0000e+00
      94947  81.629051    970.000    962.409     4.7337     4.7332   3.333091   3.333150     1.4695     1.5386   -0.00057   -0.00028     0.5437   102.4974    138.799    139.883         28    34.6328    34.6339    27.4234    27.4244    1485.14    1485.14 0.0000e+00
      94972  81.629066    969.000    961.419     4.7355     4.7346   3.333180   3.333200     1.4691     1.5384   -0.00016   -0.00068     0.5437   102.4974    139.032    139.862         23    34.6325    34.6336    27.4230    27.4240    1485.13    1485.13 0.0000e+00
      94995  81.629074    968.000    960.429     4.7374     4.7374   3.333251   3.333358     1.4690     1.5374   -0.00066   -0.00050     0.5437   102.4974    138.770    139.550         22    34.6319    34.6331    27.4223    27.4232    1485.12    1485.12 0.0000e+00
      95017  81.629089    967.000    959.439     4.7389     4.7389   3.333310   3.333395     1.4682     1.5370   -0.00058   -0.00072     0.5437   102.4894    138.487    139.493         24    34.6315    34.6324    27.4217    27.4225    1485.11    1485.11 0.0000e+00
      95043  81.629097    966.000    958.449     4.7398     4.7395   3.333310   3.333371     1.4675     1.5362   -0.00049   -0.00009     0.5437   102.5037    138.532    139.502         27    34.6310    34.6320    27.4213    27.4221    1485.10    1485.10 0.0000e+00
      95071  81.629112    965.000    957.459     4.7411     4.7406   3.333319   3.333376     1.4673     1.5360   -0.00067   -0.00064     0.5437   102.5019    138.744    139.788         29    34.6303    34.6314    27.4206    27.4215    1485.09    1485.09 0.0000e+00
      95097  81.629128    964.000    956.469     4.7507     4.7478   3.334024   3.333890     1.4675     1.5360   -0.00077   -0.00071     0.5437   102.5100    138.761    139.533         24    34.6290    34.6304    27.4185    27.4199    1485.11    1485.10 0.0000e+00
      95120  81.629135    963.000    955.479     4.7635     4.7607   3.334995   3.334893     1.4677     1.5352   -0.00033   -0.00037     0.5437   102.5034    138.459    138.714         22    34.6274    34.6291    27.4158    27.4174    1485.14    1485.13 0.0000e+00
