data/fr25/fr25002.cnv
* Sea-Bird SBE 9 Data File:
* FileName = C:\SEASOFT\PIRATA-FR25\data\fr25002.hex
* Software Version Seasave V 7.23.2
* Temperature SN = 5196
* Conductivity SN = 4355
* Number of Bytes Per Scan = 37
* Number of Voltage Words = 4
* Number of Scans Averaged by the Deck Unit = 1
* NMEA Latitude = 02 59.87 N
* NMEA Longitude = 012 29.80 W
* NMEA UTC (Time) = Mar 22 2015 13:59:54
** Cruise: PIRATA-FR25
** Ship: THALASSA
** Station: 2
** Bottom Depth: 4556
** Pressure frequency switch pos 2:
** Operator: JH/AF
** Comments:
# nquan = 24                                
# nvalues = 4040                        
# units = specified
# name 0 = scan: Scan Count
# name 1 = timeJ: Julian Days
# name 2 = prDM: Pressure, Digiquartz [db]
# name 3 = depSM: Depth [salt water, m]
# name 4 = t090C: Temperature [ITS-90, deg C]
# name 5 = t190C: Temperature, 2 [ITS-90, deg C]
# name 6 = c0S/m: Conductivity [S/m]
# name 7 = c1S/m: Conductivity, 2 [S/m]
# name 8 = sbeox0V: Oxygen raw, SBE 43 [V]
# name 9 = sbeox1V: Oxygen raw, SBE 43, 2 [V]
# name 10 = sbeox1dOV/dT: Oxygen, SBE 43, 2 [dov/dt]
# name 11 = sbeox0dOV/dT: Oxygen, SBE 43 [dov/dt]
# name 12 = flECO-AFL: Fluorescence, WET Labs ECO-AFL/FL [mg/m^3]
# name 13 = CStarTr0: Beam Transmission, WET Labs C-Star [%]
# name 14 = sbeox0Mm/Kg: Oxygen, SBE 43 [umol/kg], WS = 2
# name 15 = sbeox1Mm/Kg: Oxygen, SBE 43, 2 [umol/kg], WS = 2
# name 16 = nbin: number of scans per bin
# name 17 = sal00: Salinity, Practical [PSU]
# name 18 = sal11: Salinity, Practical, 2 [PSU]
# name 19 = sigma-é00: Density [sigma-theta, kg/m^3]
# name 20 = sigma-é11: Density, 2 [sigma-theta, kg/m^3]
# name 21 = svCM: Sound Velocity [Chen-Millero, m/s]
# name 22 = svCM1: Sound Velocity, 2 [Chen-Millero, m/s]
# name 23 = flag: flag
# span 0 =       1318,     155699       
# span 1 =  81.583900,  81.658348       
# span 2 =      2.000,   2022.000       
# span 3 =      1.989,   2001.190       
# span 4 =     3.4875,    29.5714       
# span 5 =     3.4879,    29.5694       
# span 6 =   3.293295,   5.799563       
# span 7 =   3.293373,   5.799522       
# span 8 =     1.1874,     3.0606       
# span 9 =     1.2442,     3.2089       
# span 10 =   -0.15365,    0.06411      
# span 11 =   -0.14716,    0.06548      
# span 12 =     0.5118,     3.2714      
# span 13 =    93.2626,   102.5948      
# span 14 =     78.743,    234.044      
# span 15 =     77.340,    235.132      
# span 16 =          0,         75      
# span 17 =    34.5252,    35.9526      
# span 18 =    34.5261,    35.9638      
# span 19 =    21.9210,    27.8193      
# span 20 =    21.9225,    27.8196      
# span 21 =    1483.09,    1544.83      
# span 22 =    1483.10,    1544.83      
# span 23 = 0.0000e+00, 0.0000e+00      
# interval = decibars: 1                
# start_time = Mar 22 2015 13:59:54 [System UTC, header]
# bad_flag = -9.990e-29
*END*
[from data line 1872]
      49865  81.607307   1875.000   1856.344     3.6827     3.6831   3.305150   3.305223     1.8861     1.9709   -0.00091   -0.00148     0.5315   102.5608    229.653    230.020         40    34.9609    34.9612    27.8029    27.8031    1496.29    1496.29 0.0000e+00
      49905  81.607330   1876.000   1857.329     3.6824     3.6829   3.305163   3.305241     1.8853     1.9698   -0.00088   -0.00120     0.5257   102.5568    229.465    230.007         34    34.9609    34.9612    27.8029    27.8031    1496.30    1496.30 0.0000e+00
      49933  81.607346   1877.000   1858.315     3.6823     3.6829   3.305201   3.305280     1.8845     1.9693   -0.00080   -0.00051     0.5371   102.5657    229.193    230.205         24    34.9608    34.9612    27.8029    27.8032    1496.32    1496.32 0.0000e+00
      49956  81.607353   1878.000   1859.301     3.6824     3.6828   3.305243   3.305327     1.8836     1.9688   -0.00053   -0.00049     0.5232   102.5653    229.191    229.829         22    34.9608    34.9613    27.8029    27.8033    1496.33    1496.34 0.0000e+00
      49977  81.607368   1879.000   1860.286     3.6822     3.6827   3.305274   3.305345     1.8831     1.9681   -0.00065   -0.00057     0.5190   102.5643    229.110    229.392         21    34.9609    34.9612    27.8030    27.8032    1496.35    1496.35 0.0000e+00
      49999  81.607376   1880.000   1861.272     3.6820     3.6824   3.305295   3.305374     1.8820     1.9670   -0.00038   -0.00082     0.5167   102.5666    229.045    229.469         24    34.9609    34.9614    27.8030    27.8034    1496.37    1496.37 0.0000e+00
      50024  81.607391   1881.000   1862.258     3.6817     3.6822   3.305306   3.305394     1.8820     1.9667   -0.00059   -0.00081     0.5173   102.5532    229.444    230.111         24    34.9608    34.9613    27.8030    27.8034    1496.38    1496.38 0.0000e+00
      50048  81.607399   1882.000   1863.243     3.6816     3.6820   3.305328   3.305413     1.8819     1.9664   -0.00100   -0.00072     0.5293   102.5580    229.131    229.551         23    34.9607    34.9613    27.8029    27.8034    1496.40    1496.40 0.0000e+00
      50070  81.607407   1883.000   1864.229     3.6805     3.6810   3.305252   3.305333     1.8810     1.9657   -0.00087   -0.00069     0.5367   102.5537    229.228    229.820         22    34.9605    34.9609    27.8029    27.8032    1496.41    1496.41 0.0000e+00
      50092  81.607422   1884.000   1865.214     3.6722     3.6729   3.304518   3.304598     1.8812     1.9656   -0.00018   -0.00010     0.5185   102.5597    229.480    230.223         24    34.9601    34.9603    27.8034    27.8035    1496.39    1496.39 0.0000e+00
      50117  81.607430   1885.000   1866.200     3.6700     3.6705   3.304352   3.304439     1.8810     1.9656   -0.00062   -0.00050     0.5169   102.5617    229.419    229.794         27    34.9600    34.9605    27.8035    27.8039    1496.40    1496.40 0.0000e+00
      50153  81.607452   1886.000   1867.186     3.6698     3.6702   3.304363   3.304446     1.8807     1.9645   -0.00019   -0.00015     0.5174   102.5732    229.193    229.742         45    34.9599    34.9604    27.8034    27.8038    1496.41    1496.42 0.0000e+00
      50194  81.607468   1887.000   1868.171     3.6691     3.6697   3.304349   3.304436     1.8794     1.9639   -0.00056   -0.00017     0.5359   102.5561    228.758    229.392         31    34.9599    34.9604    27.8036    27.8039    1496.43    1496.43 0.0000e+00
      50218  81.607483   1888.000   1869.157     3.6689     3.6694   3.304382   3.304455     1.8789     1.9632   -0.00056   -0.00034     0.5438   102.5527    228.942    229.406         20    34.9600    34.9604    27.8037    27.8039    1496.44    1496.45 0.0000e+00
      50236  81.607491   1889.000   1870.143     3.6680     3.6686   3.304332   3.304416     1.8784     1.9626   -0.00012   -0.00062     0.5334   102.5528    228.934    229.222         16    34.9599    34.9603    27.8037    27.8039    1496.46    1496.46 0.0000e+00
      50251  81.607498   1890.000   1871.128     3.6671     3.6677   3.304286   3.304367     1.8782     1.9623   -0.00045   -0.00088     0.5163   102.5528    229.186    229.347         15    34.9599    34.9602    27.8037    27.8040    1496.47    1496.47 0.0000e+00
      50266  81.607506   1891.000   1872.114     3.6667     3.6671   3.304278   3.304371     1.8784     1.9620   -0.00073   -0.00079     0.5427   102.5528    229.337    229.685         15    34.9597    34.9603    27.8036    27.8041    1496.49    1496.49 0.0000e+00
      50282  81.607513   1892.000   1873.099     3.6644     3.6650   3.304105   3.304185     1.8784     1.9620   -0.00064   -0.00062     0.5469   102.5528    229.316    229.700         18    34.9596    34.9599    27.8038    27.8040    1496.49    1496.50 0.0000e+00
      50306  81.607521   1893.000   1874.085     3.6606     3.6612   3.303796   3.303874     1.8784     1.9615   -0.00066   -0.00033     0.5466   102.5578    229.502    229.644         32    34.9594    34.9598    27.8041    27.8043    1496.49    1496.50 0.0000e+00
      50350  81.607544   1894.000   1875.071     3.6596     3.6600   3.303735   3.303808     1.8786     1.9610   -0.00028    0.00006     0.5193   102.5566    229.349    229.618         48    34.9593    34.9598    27.8041    27.8044    1496.51    1496.51 0.0000e+00
      50387  81.607567   1895.000   1876.056     3.6585     3.6590   3.303681   3.303756     1.8782     1.9609   -0.00027    0.00024     0.5184   102.5641    229.243    229.768         29    34.9594    34.9598    27.8042    27.8045    1496.52    1496.52 0.0000e+00
      50413  81.607574   1896.000   1877.042     3.6584     3.6589   3.303732   3.303808     1.8780     1.9604   -0.00044   -0.00017     0.5168   102.5658    229.424    229.272         25    34.9596    34.9600    27.8044    27.8047    1496.53    1496.54 0.0000e+00
      50438  81.607590   1897.000   1878.027     3.6577     3.6581   3.303704   3.303787     1.8779     1.9597   -0.00002   -0.00016     0.5233   102.5574    229.148    229.354         24    34.9596    34.9600    27.8045    27.8048    1496.55    1496.55 0.0000e+00
      50460  81.607597   1898.000   1879.013     3.6575     3.6580   3.303743   3.303815     1.8774     1.9595   -0.00019   -0.00032     0.5426   102.5459    228.904    229.690         21    34.9598    34.9601    27.8047    27.8049    1496.56    1496.57 0.0000e+00
      50481  81.607605   1899.000   1879.999     3.6536     3.6543   3.303426   3.303514     1.8766     1.9595   -0.00056   -0.00005     0.5191   102.5607    228.695    229.865         20    34.9596    34.9599    27.8050    27.8051    1496.56    1496.57 0.0000e+00
      50500  81.607620   1900.000   1880.984     3.6517     3.6522   3.303306   3.303384     1.8759     1.9596   -0.00049   -0.00016     0.5446   102.5533    228.693    229.909         20    34.9597    34.9601    27.8053    27.8055    1496.57    1496.58 0.0000e+00
      50520  81.607628   1901.000   1881.970     3.6510     3.6515   3.303277   3.303361     1.8753     1.9596   -0.00028   -0.00063     0.5240   102.5528    228.899    229.945         19    34.9597    34.9601    27.8053    27.8055    1496.59    1496.59 0.0000e+00
      50540  81.607635   1902.000   1882.955     3.6502     3.6507   3.303257   3.303334     1.8752     1.9596   -0.00018   -0.00079     0.5157   102.5528    228.970    229.929         20    34.9598    34.9601    27.8054    27.8056    1496.60    1496.60 0.0000e+00
      50560  81.607643   1903.000   1883.941     3.6486     3.6491   3.303154   3.303236     1.8748     1.9595   -0.00012   -0.00090     0.5337   102.5528    229.023    230.069         21    34.9597    34.9601    27.8056    27.8058    1496.61    1496.61 0.0000e+00
      50586  81.607658   1904.000   1884.927     3.6456     3.6461   3.302915   3.302994     1.8749     1.9599   -0.00005   -0.00052     0.5261   102.5528    229.373    230.622         34    34.9596    34.9600    27.8058    27.8061    1496.61    1496.62 0.0000e+00
      50626  81.607681   1905.000   1885.912     3.6432     3.6436   3.302728   3.302806     1.8759     1.9606    0.00020   -0.00024     0.5288   102.5577    229.873    230.583         41    34.9594    34.9600    27.8059    27.8063    1496.62    1496.62 0.0000e+00
      50661  81.607697   1906.000   1886.898     3.6421     3.6425   3.302669   3.302749     1.8765     1.9608    0.00054    0.00029     0.5467   102.5523    229.663    230.375         30    34.9595    34.9599    27.8060    27.8063    1496.63    1496.64 0.0000e+00
      50688  81.607704   1907.000   1887.883     3.6414     3.6419   3.302653   3.302736     1.8767     1.9609    0.00036    0.00077     0.5177   102.5573    229.743    230.391         24    34.9595    34.9600    27.8061    27.8064    1496.65    1496.65 0.0000e+00
      50711  81.607719   1908.000   1888.869     3.6409     3.6414   3.302646   3.302730     1.8766     1.9609    0.00017    0.00047     0.5136   102.5585    229.753    230.425         23    34.9594    34.9599    27.8061    27.8065    1496.66    1496.66 0.0000e+00
      50733  81.607727   1909.000   1889.854     3.6393     3.6399   3.302550   3.302630     1.8770     1.9609    0.00004    0.00014     0.5131   102.5496    229.973    230.467         20    34.9596    34.9599    27.8064    27.8066    1496.67    1496.67 0.0000e+00
      50752  81.607742   1910.000   1890.840     3.6354     3.6360   3.302248   3.302324     1.8772     1.9609    0.00004    0.00014     0.5131   102.5573    229.966    230.520         19    34.9596    34.9598    27.8068    27.8069    1496.67    1496.68 0.0000e+00
      50772  81.607750   1911.000   1891.825     3.6330     3.6335   3.302070   3.302148     1.8774     1.9609   -0.00005    0.00012     0.5131   102.5544    229.996    230.562         21    34.9596    34.9599    27.8070    27.8073    1496.68    1496.68 0.0000e+00
      50797  81.607758   1912.000   1892.811     3.6313     3.6318   3.301942   3.302029     1.8776     1.9609   -0.00010    0.00029     0.5149   102.5598    230.168    230.610         30    34.9594    34.9598    27.8070    27.8074    1496.69    1496.69 0.0000e+00
      50831  81.607780   1913.000   1893.796     3.6286     3.6291   3.301746   3.301814     1.8780     1.9609   -0.00021    0.00018     0.5266   102.5587    230.328    230.611         34    34.9593    34.9596    27.8073    27.8075    1496.69    1496.70 0.0000e+00
      50859  81.607788   1914.000   1894.782     3.6248     3.6254   3.301434   3.301527     1.8781     1.9607    0.00042    0.00020     0.5331   102.5645    230.130    230.015         23    34.9592    34.9597    27.8075    27.8079    1496.69    1496.70 0.0000e+00
      50879  81.607803   1915.000   1895.767     3.6212     3.6219   3.301129   3.301217     1.8781     1.9600    0.00013    0.00032     0.5166   102.5650    230.072    230.081         19    34.9589    34.9592    27.8077    27.8079    1496.70    1496.70 0.0000e+00
      50897  81.607811   1916.000   1896.753     3.6156     3.6163   3.300670   3.300753     1.8777     1.9597   -0.00007    0.00033     0.5170   102.5585    230.090    230.480         18    34.9589    34.9591    27.8083    27.8083    1496.69    1496.69 0.0000e+00
      50917  81.607819   1917.000   1897.738     3.6129     3.6134   3.300486   3.300561     1.8778     1.9599   -0.00027    0.00014     0.5183   102.5598    230.238    230.855         22    34.9591    34.9594    27.8086    27.8089    1496.69    1496.70 0.0000e+00
      50943  81.607834   1918.000   1898.724     3.6131     3.6135   3.300533   3.300614     1.8779     1.9602   -0.00053   -0.00017     0.5409   102.5589    230.430    231.277         31    34.9590    34.9595    27.8085    27.8089    1496.71    1496.71 0.0000e+00
      50976  81.607849   1919.000   1899.709     3.6126     3.6131   3.300528   3.300611     1.8780     1.9610   -0.00002   -0.00016     0.5192   102.5603    230.385    231.079         33    34.9590    34.9594    27.8086    27.8089    1496.73    1496.73 0.0000e+00
      51006  81.607864   1920.000   1900.695     3.6098     3.6103   3.300322   3.300402     1.8778     1.9610    0.00025    0.00007     0.5383   102.5631    230.348    231.001         27    34.9590    34.9594    27.8089    27.8092    1496.73    1496.73 0.0000e+00
      51033  81.607872   1921.000   1901.680     3.6086     3.6091   3.300271   3.300348     1.8780     1.9610    0.00044    0.00018     0.5449   102.5632    230.625    231.038         26    34.9591    34.9596    27.8091    27.8094    1496.74    1496.75 0.0000e+00
      51058  81.607887   1922.000   1902.666     3.6077     3.6082   3.300230   3.300307     1.8782     1.9610    0.00019   -0.00016     0.5436   102.5653    230.721    231.076         25    34.9592    34.9596    27.8093    27.8096    1496.76    1496.76 0.0000e+00
      51083  81.607895   1923.000   1903.651     3.6075     3.6081   3.300265   3.300340     1.8785     1.9610    0.00011    0.00004     0.5140   102.5562    230.794    231.108         24    34.9593    34.9596    27.8094    27.8096    1496.77    1496.78 0.0000e+00
      51106  81.607910   1924.000   1904.637     3.6075     3.6080   3.300303   3.300381     1.8786     1.9610 7.0734e-07    0.00025     0.5132   102.5565    230.739    231.139         23    34.9593    34.9596    27.8094    27.8096    1496.79    1496.79 0.0000e+00
      51130  81.607918   1925.000   1905.622     3.6074     3.6079   3.300332   3.300419     1.8790     1.9610   -0.00002    0.00026     0.5131   102.5554    230.925    231.057         25    34.9593    34.9597    27.8094    27.8097    1496.81    1496.81 0.0000e+00
      51156  81.607933   1926.000   1906.608     3.6073     3.6078   3.300377   3.300462     1.8788     1.9607    0.00003    0.00023     0.5131   102.5581    230.384    231.085         26    34.9594    34.9599    27.8095    27.8098    1496.82    1496.82 0.0000e+00
      51182  81.607948   1927.000   1907.593     3.6073     3.6078   3.300414   3.300498     1.8779     1.9609   -0.00004    0.00014     0.5131   102.5628    230.342    231.242         25    34.9594    34.9598    27.8095    27.8098    1496.84    1496.84 0.0000e+00
      51205  81.607956   1928.000   1908.578     3.6073     3.6078   3.300458   3.300549     1.8779     1.9607   -0.00017    0.00021     0.5256   102.5502    230.723    230.983         22    34.9594    34.9599    27.8095    27.8099    1496.86    1496.86 0.0000e+00
      51226  81.607964   1929.000   1909.564     3.6076     3.6080   3.300523   3.300604     1.8779     1.9605   -0.00004   -0.00057     0.5435   102.5593    230.520    230.942         21    34.9594    34.9599    27.8095    27.8099    1496.87    1496.88 0.0000e+00
      51247  81.607979   1930.000   1910.549     3.6076     3.6081   3.300562   3.300648     1.8775     1.9602    0.00011   -0.00061     0.5437   102.5486    230.265    230.924         21    34.9593    34.9599    27.8095    27.8099    1496.89    1496.89 0.0000e+00
      51271  81.607986   1931.000   1911.535     3.6076     3.6081   3.300609   3.300692     1.8770     1.9602   -0.00017    0.00001     0.5399   102.5561    230.334    231.596         27    34.9594    34.9599    27.8096    27.8099    1496.91    1496.91 0.0000e+00
      51300  81.608002   1932.000   1912.520     3.6078     3.6082   3.300655   3.300732     1.8765     1.9609   -0.00025   -0.00032     0.5196   102.5659    230.407    231.697         31    34.9593    34.9598    27.8095    27.8098    1496.92    1496.93 0.0000e+00
      51331  81.608017   1933.000   1913.506     3.6079     3.6083   3.300705   3.300786     1.8765     1.9610    0.00002   -0.00051     0.5171   102.5684    230.609    231.374         30    34.9593    34.9598    27.8095    27.8098    1496.94    1496.94 0.0000e+00
      51358  81.608032   1934.000   1914.491     3.6080     3.6084   3.300759   3.300838     1.8765     1.9609    0.00052   -0.00033     0.5202   102.5625    230.909    231.165         26    34.9594    34.9598    27.8095    27.8098    1496.96    1496.96 0.0000e+00
