data/fr25/fr25003.cnv
* Sea-Bird SBE 9 Data File:
* FileName = C:\SEASOFT\PIRATA-FR25\data\fr25003.hex
* Software Version Seasave V 7.23.2
* Temperature SN = 5196
* Conductivity SN = 4355
* Number of Bytes Per Scan = 37
* Number of Voltage Words = 4
* Number of Scans Averaged by the Deck Unit = 1
* NMEA Latitude = 00 01.54 N
* NMEA Longitude = 009 52.63 W
* NMEA UTC (Time) = Mar 24 2015 08:25:49
** Cruise: PIRATA-FR25
** Ship: THALASSA
** Station: 3
** Bottom Depth: 4934
** Pressure frequency switch pos 2:
** Operator: gh yg
** Comments:
# nquan = 24                                
# nvalues = 4041                        
# units = specified
# name 0 = scan: Scan Count
# name 1 = timeJ: Julian Days
# name 2 = prDM: Pressure, Digiquartz [db]
# name 3 = depSM: Depth [salt water, m]
# name 4 = t090C: Temperature [ITS-90, deg C]
# name 5 = t190C: Temperature, 2 [ITS-90, deg C]
# name 6 = c0S/m: Conductivity [S/m]
# name 7 = c1S/m: Conductivity, 2 [S/m]
# name 8 = sbeox0V: Oxygen raw, SBE 43 [V]
# name 9 = sbeox1V: Oxygen raw, SBE 43, 2 [V]
# name 10 = sbeox1dOV/dT: Oxygen, SBE 43, 2 [dov/dt]
# name 11 = sbeox0dOV/dT: Oxygen, SBE 43 [dov/dt]
# name 12 = flECO-AFL: Fluorescence, WET Labs ECO-AFL/FL [mg/m^3]
# name 13 = CStarTr0: Beam Transmission, WET Labs C-Star [%]
# name 14 = sbeox0Mm/Kg: Oxygen, SBE 43 [umol/kg], WS = 2
# name 15 = sbeox1Mm/Kg: Oxygen, SBE 43, 2 [umol/kg], WS = 2
# name 16 = nbin: number of scans per bin
# name 17 = sal00: Salinity, Practical [PSU]
# name 18 = sal11: Salinity, Practical, 2 [PSU]
# name 19 = sigma-é00: Density [sigma-theta, kg/m^3]
# name 20 = sigma-é11: Density, 2 [sigma-theta, kg/m^3]
# name 21 = svCM: Sound Velocity [Chen-Millero, m/s]
# name 22 = svCM1: Sound Velocity, 2 [Chen-Millero, m/s]
# name 23 = flag: flag
# span 0 =        415,     124969       
# span 1 =  83.351463,  83.411530       
# span 2 =      1.000,   2022.000       
# span 3 =      0.995,   2001.219       
# span 4 =     3.5637,    28.5948       
# span 5 =     3.5643,    28.5927       
# span 6 =   3.300388,   5.755381       
# span 7 =   3.300494,   5.754727       
# span 8 =     1.1843,     2.8919       
# span 9 =     1.2429,     3.0559       
# span 10 =   -0.04717,    0.03690      
# span 11 =   -0.04365,    0.03938      
# span 12 =     0.5108,     1.7148      
# span 13 =    87.5627,   102.4743      
# span 14 =     77.033,    238.498      
# span 15 =     77.622,    384.997      
# span 16 =          3,         79      
# span 17 =    34.4847,    36.5073      
# span 18 =    34.4848,    36.5100      
# span 19 =    22.2668,    27.8155      
# span 20 =    22.2693,    27.8163      
# span 21 =    1482.57,    1543.25      
# span 22 =    1482.57,    1543.24      
# span 23 = 0.0000e+00, 0.0000e+00      
# interval = decibars: 1                
# start_time = Mar 24 2015 08:25:49 [System UTC, header]
# bad_flag = -9.990e-29
*END*
[from data line 2053]
      59957  83.380173   1988.000   1967.725     3.6123     3.6147   3.303582   3.303942     1.9077     1.9922   -0.00016   -0.00005     0.5206   102.4539    237.857    238.500         34    34.9624    34.9642    27.8120    27.8132    1497.89    1497.90 0.0000e+00
      59983  83.380188   1987.000   1966.740     3.6206     3.6222   3.304304   3.304556     1.9085     1.9929    0.00007    0.00024     0.5238   102.4557    237.671    238.806         23    34.9627    34.9640    27.8114    27.8123    1497.91    1497.91 0.0000e+00
      60003  83.380196   1986.000   1965.755     3.6222     3.6236   3.304426   3.304655     1.9084     1.9933    0.00027    0.00012     0.5451   102.4543    237.648    238.544         19    34.9629    34.9642    27.8114    27.8123    1497.90    1497.90 0.0000e+00
      60022  83.380203   1985.000   1964.770     3.6255     3.6263   3.304694   3.304865     1.9088     1.9937    0.00030    0.00043     0.5453   102.4517    237.962    238.558         19    34.9631    34.9642    27.8113    27.8121    1497.89    1497.90 0.0000e+00
      60044  83.380219   1984.000   1963.785     3.6276     3.6287   3.304847   3.305054     1.9094     1.9939    0.00063    0.00041     0.5207   102.4506    237.849    238.607         27    34.9632    34.9644    27.8111    27.8120    1497.89    1497.89 0.0000e+00
      60078  83.380234   1983.000   1962.799     3.6251     3.6311   3.304593   3.305237     1.9098     1.9948    0.00042    0.00030     0.5183   102.4409    237.842    238.769         35    34.9632    34.9645    27.8114    27.8118    1497.86    1497.89 0.0000e+00
      60105  83.380249   1982.000   1961.814     3.6317     3.6328   3.305145   3.305338     1.9102     1.9953    0.00036    0.00064     0.5129   102.4597    237.870    239.001         21    34.9633    34.9645    27.8108    27.8116    1497.87    1497.88 0.0000e+00
      60125  83.380257   1981.000   1960.829     3.6326     3.6337   3.305178   3.305388     1.9105     1.9959    0.00052    0.00029     0.5131   102.4500    237.680    238.631         20    34.9632    34.9646    27.8107    27.8116    1497.86    1497.86 0.0000e+00
      60145  83.380264   1980.000   1959.844     3.6337     3.6342   3.305245   3.305397     1.9104     1.9959    0.00049    0.00031     0.5131   102.4560    237.556    238.454         22    34.9634    34.9646    27.8106    27.8115    1497.84    1497.85 0.0000e+00
      60175  83.380280   1979.000   1958.859     3.6336     3.6357   3.305192   3.305500     1.9102     1.9961    0.00060    0.00033     0.5131   102.4514    237.337    238.410         39    34.9633    34.9647    27.8105    27.8115    1497.83    1497.84 0.0000e+00
      60212  83.380302   1978.000   1957.873     3.6358     3.6382   3.305360   3.305669     1.9101     1.9967    0.00012   -0.00004     0.5184   102.4638    237.750    238.970         31    34.9634    34.9646    27.8104    27.8112    1497.82    1497.83 0.0000e+00
      60238  83.380310   1977.000   1956.888     3.6388     3.6399   3.305594   3.305797     1.9109     1.9970    0.00019   -0.00024     0.5186   102.4514    238.224    238.475         24    34.9635    34.9647    27.8102    27.8111    1497.82    1497.82 0.0000e+00
      60261  83.380325   1976.000   1955.903     3.6408     3.6418   3.305744   3.305918     1.9120     1.9972    0.00012   -0.00022     0.5180   102.4565    238.163    238.802         21    34.9637    34.9647    27.8101    27.8109    1497.81    1497.81 0.0000e+00
      60282  83.380333   1975.000   1954.918     3.6412     3.6420   3.305746   3.305897     1.9124     1.9978    0.00065    0.00045     0.5195   102.4631    238.293    239.191         21    34.9637    34.9647    27.8102    27.8109    1497.79    1497.80 0.0000e+00
      60304  83.380341   1974.000   1953.932     3.6424     3.6433   3.305822   3.305997     1.9135     1.9983    0.00020    0.00093     0.5425   102.4574    238.498    238.660         24    34.9638    34.9649    27.8101    27.8109    1497.78    1497.79 0.0000e+00
      60332  83.380356   1973.000   1952.947     3.6445     3.6453   3.305964   3.306123     1.9141     1.9984    0.00043    0.00074     0.5197   102.4634    238.204    238.594         31    34.9638    34.9648    27.8098    27.8106    1497.77    1497.78 0.0000e+00
      60362  83.380371   1972.000   1951.962     3.6459     3.6465   3.306041   3.306188     1.9144     1.9992    0.00063    0.00094     0.5141   102.4498    237.628    248.202         26    34.9637    34.9648    27.8097    27.8105    1497.76    1497.77 0.0000e+00
      60384  83.380379   1971.000   1950.977     3.6471     3.6474   3.306103   3.306247     1.9137     1.9997    0.00008    0.00086     0.5193   102.4586    237.462    238.341         20    34.9637    34.9650    27.8095    27.8105    1497.75    1497.75 0.0000e+00
      60403  83.380394   1970.000   1949.991     3.6476     3.6481   3.306113   3.306262     1.9135     1.9997    0.00015    0.00042     0.5303   102.4637    237.535    238.505         18    34.9637    34.9649    27.8095    27.8104    1497.74    1497.74 0.0000e+00
      60421  83.380402   1969.000   1949.006     3.6489     3.6492   3.306196   3.306320     1.9133     1.9997    0.00037   -0.00003     0.5447   102.4638    237.586    238.466         19    34.9638    34.9650    27.8094    27.8103    1497.72    1497.73 0.0000e+00
      60441  83.380409   1968.000   1948.021     3.6496     3.6500   3.306216   3.306359     1.9135     1.9997    0.00059   -0.00053     0.5142   102.4606    237.591    238.430         21    34.9637    34.9650    27.8093    27.8102    1497.71    1497.71 0.0000e+00
      60466  83.380424   1967.000   1947.036     3.6499     3.6505   3.306207   3.306360     1.9130     1.9997    0.00030   -0.00030     0.5184   102.4588    237.085    238.397         33    34.9639    34.9650    27.8093    27.8102    1497.69    1497.70 0.0000e+00
      60524  83.380447   1966.000   1946.050     3.6490     3.6509   3.306090   3.306355     1.9122     1.9997   -0.00003   -0.00046     0.5148   102.4619    237.533    238.366         36    34.9638    34.9650    27.8094    27.8101    1497.67    1497.68 0.0000e+00
      60564  83.380470   1965.000   1945.065     3.6510     3.6512   3.306212   3.306347     1.9130     1.9997    0.00005   -0.00058     0.5131   102.4642    238.038    238.334         18    34.9637    34.9651    27.8091    27.8102    1497.67    1497.67 0.0000e+00
      60579  83.380478   1964.000   1944.080     3.6513     3.6517   3.306199   3.306355     1.9135     1.9997    0.00007   -0.00048     0.5131   102.4654    237.836    238.304         15    34.9637    34.9652    27.8091    27.8102    1497.65    1497.65 0.0000e+00
      60593  83.380486   1963.000   1943.094     3.6519     3.6522   3.306203   3.306344     1.9135     1.9997    0.00007   -0.00010     0.5131   102.4542    237.632    238.268         12    34.9636    34.9649    27.8089    27.8099    1497.64    1497.64 0.0000e+00
      60605  83.380486   1962.000   1942.109     3.6521     3.6524   3.306200   3.306328     1.9139     1.9997    0.00006    0.00049     0.5165   102.4504    237.753    238.233         13    34.9638    34.9650    27.8090    27.8100    1497.62    1497.62 0.0000e+00
      60619  83.380493   1961.000   1941.124     3.6525     3.6527   3.306188   3.306315     1.9140     1.9997   -0.00003    0.00093     0.5225   102.4495    237.558    238.202         15    34.9637    34.9650    27.8089    27.8099    1497.61    1497.61 0.0000e+00
      60635  83.380501   1960.000   1940.138     3.6525     3.6531   3.306156   3.306311     1.9139     1.9997    0.00007    0.00084     0.5166   102.4482    237.648    238.170         19    34.9638    34.9650    27.8090    27.8098    1497.59    1497.59 0.0000e+00
      60668  83.380516   1959.000   1939.153     3.6519     3.6528   3.306070   3.306255     1.9146     1.9997    0.00007    0.00037     0.5231   102.4438    237.686    238.142         49    34.9640    34.9652    27.8092    27.8100    1497.57    1497.57 0.0000e+00
      60725  83.380547   1958.000   1938.168     3.6532     3.6538   3.306124   3.306288     1.9145     1.9998   -0.00007    0.00040     0.5270   102.4570    237.492    238.215         47    34.9637    34.9650    27.8088    27.8098    1497.56    1497.56 0.0000e+00
      60757  83.380562   1957.000   1937.182     3.6552     3.6555   3.306260   3.306398     1.9147     2.0002   -0.00008   -0.00005     0.5204   102.4643    237.182    238.665         25    34.9636    34.9649    27.8086    27.8095    1497.55    1497.55 0.0000e+00
      60779  83.380569   1956.000   1936.197     3.6569     3.6577   3.306376   3.306559     1.9144     2.0006    0.00006   -0.00033     0.5174   102.4495    237.104    238.478         19    34.9638    34.9651    27.8085    27.8094    1497.54    1497.54 0.0000e+00
      60798  83.380585   1955.000   1935.212     3.6590     3.6594   3.306530   3.306688     1.9139     2.0008    0.00007    0.00037     0.5153   102.4554    236.984    238.250         18    34.9638    34.9652    27.8083    27.8094    1497.53    1497.54 0.0000e+00
      60815  83.380592   1954.000   1934.226     3.6616     3.6618   3.306733   3.306857     1.9137     2.0008    0.00034    0.00002     0.5132   102.4468    237.025    237.718         18    34.9639    34.9652    27.8081    27.8091    1497.53    1497.53 0.0000e+00
      60833  83.380600   1953.000   1933.241     3.6637     3.6641   3.306885   3.307012     1.9137     2.0003    0.00047   -0.00041     0.5131   102.4482    236.983    237.488         18    34.9639    34.9651    27.8079    27.8088    1497.52    1497.52 0.0000e+00
      60851  83.380608   1952.000   1932.256     3.6644     3.6648   3.306901   3.307045     1.9136     2.0001    0.00030   -0.00037     0.5131   102.4593    236.723    237.603         18    34.9639    34.9652    27.8078    27.8088    1497.50    1497.51 0.0000e+00
      60872  83.380615   1951.000   1931.270     3.6655     3.6657   3.306962   3.307087     1.9129     1.9998    0.00002   -0.00033     0.5131   102.4507    236.332    237.421         24    34.9640    34.9652    27.8078    27.8087    1497.49    1497.49 0.0000e+00
      60910  83.380638   1950.000   1930.285     3.6623     3.6652   3.306648   3.307007     1.9117     1.9990   -0.00035   -0.00034     0.5144   102.4427    236.387    237.232         49    34.9641    34.9653    27.8081    27.8088    1497.46    1497.48 0.0000e+00
      60959  83.380661   1949.000   1929.300     3.6645     3.6659   3.306798   3.307032     1.9114     1.9987   -0.00054   -0.00091     0.5265   102.4539    236.534    237.494         29    34.9640    34.9653    27.8079    27.8088    1497.45    1497.46 0.0000e+00
      60979  83.380669   1948.000   1928.314     3.6668     3.6673   3.306941   3.307111     1.9113     1.9986   -0.00059   -0.00042     0.5385   102.4425    236.542    237.520         18    34.9638    34.9653    27.8075    27.8086    1497.45    1497.45 0.0000e+00
      60996  83.380676   1947.000   1927.329     3.6671     3.6676   3.306937   3.307085     1.9115     1.9986   -0.00012   -0.00017     0.5172   102.4427    236.656    237.488         15    34.9639    34.9651    27.8075    27.8084    1497.43    1497.44 0.0000e+00
      61011  83.380684   1946.000   1926.344     3.6674     3.6676   3.306925   3.307060     1.9114     1.9986   -0.00003   -0.00001     0.5395   102.4615    236.753    237.457         15    34.9640    34.9653    27.8075    27.8085    1497.42    1497.42 0.0000e+00
      61026  83.380692   1945.000   1925.358     3.6679     3.6680   3.306935   3.307055     1.9121     1.9986   -0.00008   -0.00012     0.5343   102.4478    236.848    246.975         16    34.9640    34.9653    27.8075    27.8085    1497.40    1497.40 0.0000e+00
      61044  83.380699   1944.000   1924.373     3.6684     3.6687   3.306940   3.307075     1.9121     1.9983   -0.00006   -0.00004     0.5169   102.4436    236.522    237.199         21    34.9640    34.9653    27.8074    27.8084    1497.39    1497.39 0.0000e+00
      61090  83.380722   1943.000   1923.387     3.6670     3.6687   3.306782   3.307050     1.9122     1.9974   -0.00034    0.00015     0.5161   102.4443    236.736    237.002         43    34.9641    34.9654    27.8076    27.8085    1497.36    1497.37 0.0000e+00
      61139  83.380745   1942.000   1922.402     3.6716     3.6711   3.307150   3.307233     1.9134     1.9974   -0.00034   -0.00018     0.5130   102.4526    237.106    237.214         27    34.9641    34.9656    27.8071    27.8084    1497.37    1497.37 0.0000e+00
      61162  83.380760   1941.000   1921.417     3.6750     3.6757   3.307425   3.307602     1.9139     1.9976   -0.00001    0.00036     0.5131   102.4595    236.950    237.556         23    34.9642    34.9655    27.8069    27.8079    1497.36    1497.37 0.0000e+00
      61184  83.380768   1940.000   1920.431     3.6763     3.6775   3.307515   3.307723     1.9141     1.9982 -3.031e-07    0.00072     0.5131   102.3867    236.703    237.581         21    34.9643    34.9656    27.8069    27.8078    1497.35    1497.36 0.0000e+00
      61204  83.380775   1939.000   1919.446     3.6787     3.6793   3.307691   3.307855     1.9140     1.9984    0.00021    0.00067     0.5131   102.4485    236.769    237.324         19    34.9644    34.9657    27.8067    27.8076    1497.35    1497.35 0.0000e+00
      61223  83.380783   1938.000   1918.460     3.6818     3.6821   3.307940   3.308086     1.9142     1.9983    0.00023    0.00052     0.5131   102.4478    236.984    237.134         19    34.9646    34.9660    27.8065    27.8076    1497.34    1497.35 0.0000e+00
      61242  83.380798   1937.000   1917.475     3.6845     3.6846   3.308154   3.308284     1.9148     1.9986    0.00032    0.00030     0.5131   102.4555    237.012    237.264         18    34.9647    34.9661    27.8064    27.8075    1497.34    1497.34 0.0000e+00
      61258  83.380806   1936.000   1916.490     3.6854     3.6857   3.308190   3.308318     1.9151     1.9986    0.00041   -0.00001     0.5131   102.4456    236.778    237.121         16    34.9646    34.9659    27.8062    27.8072    1497.32    1497.33 0.0000e+00
      61274  83.380814   1935.000   1915.504     3.6892     3.6889   3.308498   3.308604     1.9151     1.9987    0.00024    0.00013     0.5131   102.4518    236.629    236.987         15    34.9647    34.9664    27.8059    27.8072    1497.32    1497.32 0.0000e+00
      61290  83.380821   1934.000   1914.519     3.6923     3.6924   3.308729   3.308861     1.9152     1.9987    0.00003    0.00054     0.5131   102.4572    236.499    236.933         17    34.9647    34.9661    27.8055    27.8067    1497.32    1497.32 0.0000e+00
      61310  83.380829   1933.000   1913.533     3.6924     3.6926   3.308698   3.308821     1.9149     1.9987    0.00019    0.00050     0.5143   102.4439    236.407    236.904         25    34.9648    34.9659    27.8056    27.8065    1497.30    1497.31 0.0000e+00
      61388  83.380867   1932.000   1912.548     3.6896     3.6905   3.308418   3.308581     1.9139     1.9987    0.00005   -0.00029     0.5166   102.4419    235.850    236.890         22    34.9649    34.9659    27.8059    27.8066    1497.28    1497.28 0.0000e+00
      61423  83.380882   1931.000   1911.562     3.6922     3.6927   3.308609   3.308754     1.9127     1.9987   -0.00001   -0.00038     0.5131   102.4420    235.748    236.845         13    34.9648    34.9660    27.8056    27.8066    1497.27    1497.27 0.0000e+00
      61435  83.380890   1930.000   1910.577     3.6933     3.6934   3.308671   3.308790     1.9129     1.9987    0.00012   -0.00035     0.5131   102.4420    236.063    236.964         11    34.9648    34.9662    27.8055    27.8066    1497.26    1497.26 0.0000e+00
      61446  83.380890   1929.000   1909.592     3.6947     3.6949   3.308746   3.308887     1.9131     1.9987    0.00028   -0.00021     0.5131   102.4420    236.155    237.093         11    34.9648    34.9663    27.8054    27.8065    1497.25    1497.25 0.0000e+00
