data/fr25/fr25001.cnv
* Sea-Bird SBE 9 Data File:
* FileName = C:\SEASOFT\PIRATA-FR25\data\fr25001.hex
* Software Version Seasave V 7.23.2
* Temperature SN = 5196
* Conductivity SN = 4355
* Number of Bytes Per Scan = 37
* Number of Voltage Words = 4
* Number of Scans Averaged by the Deck Unit = 1
* NMEA Latitude = 05 59.88 N
* NMEA Longitude = 015 10.45 W
* NMEA UTC (Time) = Mar 21 2015 13:33:45
** Cruise: PIRATA-FR25
** Ship: THALASSA
** Station: 1
** Bottom Depth: 4883
** Pressure frequency switch pos 2: 33636.7
** Operator: JH/AF
** Comments:
# nquan = 24                                
# nvalues = 4041                        
# units = specified
# name 0 = scan: Scan Count
# name 1 = timeJ: Julian Days
# name 2 = prDM: Pressure, Digiquartz [db]
# name 3 = depSM: Depth [salt water, m]
# name 4 = t090C: Temperature [ITS-90, deg C]
# name 5 = t190C: Temperature, 2 [ITS-90, deg C]
# name 6 = c0S/m: Conductivity [S/m]
# name 7 = c1S/m: Conductivity, 2 [S/m]
# name 8 = sbeox0V: Oxygen raw, SBE 43 [V]
# name 9 = sbeox1V: Oxygen raw, SBE 43, 2 [V]
# name 10 = sbeox1dOV/dT: Oxygen, SBE 43, 2 [dov/dt]
# name 11 = sbeox0dOV/dT: Oxygen, SBE 43 [dov/dt]
# name 12 = flECO-AFL: Fluorescence, WET Labs ECO-AFL/FL [mg/m^3]
# name 13 = CStarTr0: Beam Transmission, WET Labs C-Star [%]
# name 14 = sbeox0Mm/Kg: Oxygen, SBE 43 [umol/kg], WS = 2
# name 15 = sbeox1Mm/Kg: Oxygen, SBE 43, 2 [umol/kg], WS = 2
# name 16 = nbin: number of scans per bin
# name 17 = sal00: Salinity, Practical [PSU]
# name 18 = sal11: Salinity, Practical, 2 [PSU]
# name 19 = sigma-é00: Density [sigma-theta, kg/m^3]
# name 20 = sigma-é11: Density, 2 [sigma-theta, kg/m^3]
# name 21 = svCM: Sound Velocity [Chen-Millero, m/s]
# name 22 = svCM1: Sound Velocity, 2 [Chen-Millero, m/s]
# name 23 = flag: flag
# span 0 =        -19,     167369       
# span 1 =  80.565094,  80.645821       
# span 2 =      2.000,   2022.000       
# span 3 =      1.989,   2001.104       
# span 4 =     3.5059,    27.8148       
# span 5 =     3.5063,    27.8042       
# span 6 =   3.293951,   5.665792       
# span 7 =   3.294044,   5.665027       
# span 8 =     0.9643,     2.9085       
# span 9 =     1.0076,     3.0770       
# span 10 =   -0.08897,    0.05603      
# span 11 =   -0.08023,    0.03449      
# span 12 =     0.5102,     1.8208      
# span 13 =   100.1091,   103.1080      
# span 14 =     51.897,    223.515      
# span 15 =     52.288,    228.228      
# span 16 =          0,         75      
# span 17 =    34.6515,    35.7361      
# span 18 =    34.6519,    35.7490      
# span 19 =    22.7866,    27.8092      
# span 20 =    22.7921,    27.8093      
# span 21 =    1486.87,    1541.42      
# span 22 =    1486.87,    1541.40      
# span 23 = 0.0000e+00, 0.0000e+00      
# interval = decibars: 1                
# start_time = Mar 21 2015 13:33:45 [System UTC, header]
# bad_flag = -9.990e-29
*END*
[from data line 302]
      28390  80.578796    304.000    302.090    10.8469    10.8476   3.910012   3.910037     0.9676     1.0112   -0.00006   -0.00008     0.5437   102.8721     52.796     53.447         21    35.0694    35.0689    26.8640    26.8635    1497.93    1497.94 0.0000e+00
      28411  80.578804    305.000    303.083    10.8469    10.8478   3.910077   3.910130     0.9673     1.0114    0.00057    0.00025     0.5437   102.8553     52.580     53.500         20    35.0695    35.0693    26.8641    26.8638    1497.95    1497.95 0.0000e+00
      28431  80.578812    306.000    304.076    10.8453    10.8461   3.909935   3.909956     0.9669     1.0116    0.00050    0.00081     0.5437   102.8500     52.647     53.522         21    35.0692    35.0687    26.8642    26.8637    1497.96    1497.96 0.0000e+00
      28453  80.578827    307.000    305.069    10.8348    10.8341   3.908748   3.908519     0.9669     1.0116    0.00026    0.00071     0.5437   102.8514     52.734     53.438         23    35.0669    35.0653    26.8643    26.8632    1497.94    1497.93 0.0000e+00
      28477  80.578835    308.000    306.062    10.8070    10.8071   3.905773   3.905682     0.9672     1.0118    0.00025   -0.00048     0.5437   102.8519     52.873     53.495         24    35.0632    35.0623    26.8665    26.8657    1497.85    1497.85 0.0000e+00
      28500  80.578850    309.000    307.055    10.7897    10.7908   3.903940   3.903952     0.9678     1.0115    0.00029   -0.00023     0.5437   102.8469     52.944     53.425         24    35.0610    35.0600    26.8678    26.8669    1497.80    1497.81 0.0000e+00
      28523  80.578857    310.000    308.048    10.7764    10.7774   3.902522   3.902505     0.9678     1.0113   -0.00002    0.00011     0.5437   102.8615     52.968     53.452         22    35.0590    35.0579    26.8687    26.8676    1497.77    1497.77 0.0000e+00
      28547  80.578873    311.000    309.041    10.7363    10.7380   3.898277   3.898286     0.9684     1.0113   -0.00003    0.00039     0.5437   102.8598     53.180     53.612         24    35.0544    35.0528    26.8722    26.8707    1497.64    1497.65 0.0000e+00
      28570  80.578880    312.000    310.034    10.7029    10.7039   3.894856   3.894814 -9.990e-29     1.0117   -0.00022    0.00035     0.5437   102.8621 -9.990e-29     53.815         24    35.0516    35.0501    26.8760    26.8747    1497.54    1497.54 0.0000e+00
      28596  80.578896    313.000    311.027    10.6727    10.6734   3.891708   3.891682 -9.990e-29     1.0122   -0.00011    0.00041     0.5437   102.8575 -9.990e-29     53.981         28    35.0484    35.0474    26.8789    26.8781    1497.44    1497.44 0.0000e+00
      28625  80.578911    314.000    312.020    10.6456    10.6463   3.888877   3.888836 -9.990e-29     1.0131    0.00026    0.00074     0.5437   102.8546 -9.990e-29     54.115         29    35.0454    35.0443    26.8814    26.8805    1497.36    1497.36 0.0000e+00
      28654  80.578918    315.000    313.013    10.6158    10.6166   3.885658   3.885621     0.9704     1.0138    0.00047    0.00008     0.5437   102.8485     53.830     54.456         28    35.0411    35.0400    26.8834    26.8824    1497.27    1497.27 0.0000e+00
      28680  80.578934    316.000    314.006    10.5884    10.5891   3.882734   3.882705     0.9718     1.0154    0.00080    0.00001     0.5437   102.8584     53.974     54.669         24    35.0375    35.0365    26.8854    26.8845    1497.18    1497.18 0.0000e+00
      28703  80.578949    317.000    314.999    10.5709    10.5717   3.880931   3.880927     0.9729     1.0163    0.00050    0.00045     0.5437   102.8618     54.010     54.690         22    35.0356    35.0349    26.8871    26.8863    1497.13    1497.14 0.0000e+00
      28725  80.578957    318.000    315.992    10.5556    10.5566   3.879298   3.879308     0.9737     1.0171    0.00115    0.00115     0.5437   102.8638     54.039     54.777         22    35.0334    35.0325    26.8881    26.8872    1497.09    1497.10 0.0000e+00
      28747  80.578964    319.000    316.985    10.5383    10.5391   3.877538   3.877513     0.9741     1.0178    0.00127    0.00151     0.5437   102.8536     54.102     54.820         23    35.0318    35.0308    26.8899    26.8890    1497.05    1497.05 0.0000e+00
      28771  80.578979    320.000    317.977    10.5243    10.5255   3.876095   3.876128     0.9746     1.0182    0.00091    0.00107     0.5437   102.8451     54.120     54.734         24    35.0302    35.0294    26.8911    26.8903    1497.01    1497.01 0.0000e+00
      28795  80.578987    321.000    318.970    10.4999    10.5008   3.873468   3.873415     0.9747     1.0186    0.00082    0.00063     0.5437   102.8554     54.118     54.939         25    35.0267    35.0253    26.8927    26.8914    1496.94    1496.94 0.0000e+00
      28820  80.579002    322.000    319.963    10.4462    10.4472   3.867784   3.867644     0.9750     1.0193    0.00063    0.00056     0.5437   102.8625     54.325     55.008         24    35.0204    35.0181    26.8972    26.8953    1496.76    1496.76 0.0000e+00
      28843  80.579010    323.000    320.956    10.3951    10.3964   3.862511   3.862496     0.9757     1.0193    0.00027    0.00028     0.5437   102.8652     54.500     55.079         24    35.0158    35.0144    26.9026    26.9013    1496.58    1496.59 0.0000e+00
      28868  80.579025    324.000    321.949    10.3525    10.3532   3.858028   3.857952     0.9762     1.0202    0.00058    0.00012     0.5437   102.8486     54.623     55.527         26    35.0108    35.0094    26.9062    26.9049    1496.44    1496.44 0.0000e+00
      28896  80.579041    325.000    322.942    10.3134    10.3140   3.853970   3.853915     0.9769     1.0215    0.00028    0.00057     0.5437   102.8581     54.763     55.795         29    35.0069    35.0058    26.9099    26.9089    1496.32    1496.32 0.0000e+00
      28924  80.579056    326.000    323.935    10.2850    10.2861   3.851028   3.851032     0.9780     1.0231    0.00065    0.00061     0.5437   102.8707     55.079     55.921         27    35.0039    35.0029    26.9125    26.9116    1496.23    1496.23 0.0000e+00
      28949  80.579063    327.000    324.928    10.2715    10.2722   3.849612   3.849612     0.9795     1.0240    0.00120    0.00060     0.5437   102.8704     55.348     55.987         23    35.0021    35.0014    26.9135    26.9129    1496.19    1496.20 0.0000e+00
      28972  80.579079    328.000    325.921    10.2563    10.2574   3.848007   3.848012     0.9807     1.0248    0.00130    0.00069     0.5437   102.8679     55.427     56.110         22    35.0000    34.9990    26.9145    26.9136    1496.15    1496.16 0.0000e+00
      28993  80.579086    329.000    326.913    10.2192    10.2210   3.844014   3.843946     0.9817     1.0256    0.00108    0.00117     0.5437   102.8752     55.662     56.367         22    34.9948    34.9923    26.9169    26.9146    1496.03    1496.03 0.0000e+00
      29016  80.579094    330.000    327.906    10.1526    10.1544   3.837058   3.836980     0.9834     1.0272    0.00086    0.00148     0.5437   102.8598     56.155     57.100         23    34.9877    34.9852    26.9229    26.9206    1495.80    1495.80 0.0000e+00
      29040  80.579109    331.000    328.899    10.1119    10.1133   3.832902   3.832933     0.9860     1.0300    0.00090    0.00120     0.5437   102.8688     56.600     57.534         24    34.9842    34.9832    26.9271    26.9261    1495.67    1495.67 0.0000e+00
      29063  80.579117    332.000    329.892    10.0996    10.1006   3.831561   3.831564     0.9882     1.0320    0.00111    0.00135     0.5437   102.8607     56.721     57.436         23    34.9820    34.9810    26.9275    26.9266    1495.64    1495.64 0.0000e+00
      29087  80.579132    333.000    330.885    10.0606    10.0615   3.827429   3.827372     0.9897     1.0333    0.00228    0.00214     0.5437   102.8649     56.766     57.391         25    34.9770    34.9756    26.9304    26.9291    1495.51    1495.51 0.0000e+00
      29112  80.579140    334.000    331.878    10.0168    10.0176   3.822871   3.822807     0.9902     1.0339    0.00247    0.00251     0.5437   102.8608     56.571     57.258         26    34.9723    34.9709    26.9342    26.9329    1495.36    1495.36 0.0000e+00
      29139  80.579155    335.000    332.871     9.9815     9.9820   3.819119   3.819014     0.9901     1.0341    0.00152    0.00177     0.5437   102.8654     56.779     57.511         28    34.9676    34.9661    26.9366    26.9353    1495.25    1495.25 0.0000e+00
      29169  80.579170    336.000    333.863     9.9334     9.9330   3.814044   3.813878     0.9921     1.0363    0.00074    0.00064     0.5437   102.8631     57.818     58.885         30    34.9618    34.9605    26.9402    26.9393    1495.08    1495.08 0.0000e+00
      29197  80.579185    337.000    334.856     9.8823     9.8829   3.808656   3.808574     0.9984     1.0428    0.00029   -0.00010     0.5426   102.8614     59.377     61.090         28    34.9556    34.9542    26.9441    26.9428    1494.91    1494.91 0.0000e+00
      29224  80.579201    338.000    335.849     9.8344     9.8349   3.803687   3.803631     1.0056     1.0508    0.00159    0.00159     0.5412   102.8664     60.208     61.972         25    34.9506    34.9495    26.9482    26.9473    1494.74    1494.74 0.0000e+00
      29248  80.579208    339.000    336.842     9.8211     9.8221   3.802278   3.802271     1.0106     1.0568    0.00433    0.00431     0.5670   102.8727     60.421     62.024         22    34.9486    34.9476    26.9489    26.9480    1494.71    1494.71 0.0000e+00
      29269  80.579216    340.000    337.835     9.7918     9.7933   3.799236   3.799235     1.0142     1.0604    0.00695    0.00632     0.5407   102.8737     60.766     62.111         20    34.9452    34.9438    26.9513    26.9499    1494.62    1494.62 0.0000e+00
      29288  80.579231    341.000    338.828     9.7547     9.7573   3.795292   3.795320     1.0169     1.0636    0.00705    0.00641     0.5390   102.8566     61.134     62.511         18    34.9402    34.9380    26.9536    26.9515    1494.49    1494.50 0.0000e+00
      29306  80.579239    342.000    339.820     9.7160     9.7177   3.791308   3.791348     1.0201     1.0667    0.00597    0.00513     0.5400   102.8733     61.751     63.067         19    34.9364    34.9351    26.9571    26.9559    1494.37    1494.37 0.0000e+00
      29325  80.579247    343.000    340.813     9.6875     9.6891   3.788325   3.788346     1.0240     1.0705    0.00468    0.00413     0.5471   102.8700     62.368     63.665         20    34.9328    34.9314    26.9591    26.9578    1494.27    1494.28 0.0000e+00
      29348  80.579254    344.000    341.806     9.6805     9.6814   3.787695   3.787740     1.0284     1.0747    0.00404    0.00379     0.5545   102.8748     62.650     63.906         25    34.9327    34.9323    26.9602    26.9597    1494.27    1494.27 0.0000e+00
      29377  80.579269    345.000    342.799     9.6802     9.6811   3.787723   3.787745     1.0315     1.0786    0.00436    0.00441     0.5372   102.8805     62.495     63.763         35    34.9328    34.9321    26.9603    26.9597    1494.28    1494.28 0.0000e+00
      29417  80.579292    346.000    343.792     9.6796     9.6799   3.787702   3.787664     1.0338     1.0816    0.00414    0.00400     0.5383   102.8846     62.572     63.476         41    34.9327    34.9320    26.9604    26.9598    1494.29    1494.30 0.0000e+00
      29452  80.579308    347.000    344.784     9.6785     9.6793   3.787677   3.787683     1.0350     1.0823    0.00242    0.00164     0.5571   102.8852     62.518     63.296         29    34.9331    34.9324    26.9609    26.9602    1494.31    1494.31 0.0000e+00
      29478  80.579323    348.000    345.777     9.6784     9.6790   3.787714   3.787717     1.0350 -9.990e-29    0.00145    0.00123     0.5368   102.8852     62.426 -9.990e-29         23    34.9331    34.9325    26.9610    26.9604    1494.32    1494.33 0.0000e+00
      29499  80.579330    349.000    346.770     9.6774     9.6782   3.787681   3.787691     1.0349 -9.990e-29    0.00074    0.00097     0.5421   102.8815     62.316 -9.990e-29         20    34.9332    34.9326    26.9612    26.9606    1494.34    1494.34 0.0000e+00
      29517  80.579338    350.000    347.763     9.6769     9.6776   3.787673   3.787668     1.0344 -9.990e-29    0.00016    0.00050     0.5436   102.8836     62.230 -9.990e-29         18    34.9332    34.9325    26.9613    26.9606    1494.35    1494.35 0.0000e+00
      29535  80.579346    351.000    348.755     9.6709     9.6722   3.787038   3.787055     1.0338 -9.990e-29   -0.00029    0.00013     0.5437   102.8655     62.342 -9.990e-29         16    34.9320    34.9309    26.9614    26.9603    1494.34    1494.35 0.0000e+00
      29551  80.579353    352.000    349.748     9.6393     9.6412   3.783806   3.783801     1.0345     1.0818   -0.00030   -0.00009     0.5437   102.8567     62.633     63.887         17    34.9290    34.9271    26.9643    26.9625    1494.24    1494.25 0.0000e+00
      29568  80.579361    353.000    350.741     9.6070     9.6086   3.780527   3.780507     1.0348     1.0825   -0.00015   -0.00038     0.5437   102.8724     62.847     64.081         17    34.9260    34.9243    26.9674    26.9658    1494.14    1494.14 0.0000e+00
      29588  80.579369    354.000    351.734     9.5779     9.5786   3.777578   3.777506     1.0361     1.0840   -0.00022   -0.00056     0.5437   102.8733     63.091     63.965         24    34.9234    34.9220    26.9702    26.9690    1494.05    1494.05 0.0000e+00
      29618  80.579384    355.000    352.726     9.5456     9.5443   3.774395   3.774142     1.0363     1.0839    0.00053    0.00042     0.5437   102.8847     62.543     63.155         38    34.9215    34.9201    26.9741    26.9732    1493.94    1493.94 0.0000e+00
      29663  80.579407    356.000    353.719     9.5281     9.5288   3.772578   3.772605     1.0321     1.0806    0.00090    0.00094     0.5437   102.8852     61.711     62.480         45    34.9193    34.9189    26.9753    26.9749    1493.89    1493.90 0.0000e+00
      29700  80.579430    357.000    354.712     9.5275     9.5283   3.772599   3.772620     1.0293     1.0781   -0.00162   -0.00191     0.5437   102.8831     61.796     62.363         30    34.9196    34.9190    26.9757    26.9751    1493.91    1493.91 0.0000e+00
      29725  80.579437    358.000    355.705     9.5276     9.5284   3.772670   3.772684     1.0286     1.0770   -0.00186   -0.00268     0.5437   102.8814     61.804     62.519         22    34.9198    34.9192    26.9758    26.9752    1493.93    1493.93 0.0000e+00
      29745  80.579445    359.000    356.697     9.5242     9.5245   3.772294   3.772181     1.0280     1.0764   -0.00167   -0.00220     0.5437   102.8836     61.902     62.672         18    34.9188    34.9173    26.9756    26.9744    1493.93    1493.93 0.0000e+00
      29762  80.579460    360.000    357.690     9.5030     9.5040   3.770133   3.770140     1.0284     1.0767   -0.00158   -0.00125     0.5437   102.8705     62.184     62.972         17    34.9166    34.9157    26.9774    26.9765    1493.86    1493.87 0.0000e+00
      29779  80.579468    361.000    358.683     9.5021     9.5030   3.770061   3.770080     1.0292     1.0768   -0.00122   -0.00078     0.5437   102.8838     62.353     62.975         17    34.9163    34.9156    26.9774    26.9767    1493.88    1493.88 0.0000e+00
      29797  80.579475    362.000    359.676     9.4885     9.4904   3.768476   3.768454     1.0298     1.0769   -0.00077   -0.00063     0.5437   102.8867     62.602     63.289         19    34.9126    34.9106    26.9768    26.9748    1493.84    1493.84 0.0000e+00
      29817  80.579483    363.000    360.668     9.4042     9.4083   3.759587   3.759582     1.0316     1.0785   -0.00024   -0.00001     0.5399   102.8853     63.142     64.327         23    34.9022    34.8982    26.9824    26.9787    1493.54    1493.55 0.0000e+00
