data/fr25/fr25004.cnv
* Sea-Bird SBE 9 Data File:
* FileName = C:\SEASOFT\PIRATA-FR25\data\fr25004.hex
* Software Version Seasave V 7.23.2
* Temperature SN = 5196
* Conductivity SN = 4355
* Number of Bytes Per Scan = 37
* Number of Voltage Words = 4
* Number of Scans Averaged by the Deck Unit = 1
* NMEA Latitude = 00 01.16 S
* NMEA Longitude = 000 03.44 W
* NMEA UTC (Time) = Mar 27 2015 13:23:37
** Cruise: PIRATA-FR25
** Ship: THALASSA
** Station: 4
** Bottom Depth: 4911
** Pressure frequency switch pos 2:
** Operator: JH/YG
** Comments:
# nquan = 24                                
# nvalues = 4040                        
# units = specified
# name 0 = scan: Scan Count
# name 1 = timeJ: Julian Days
# name 2 = prDM: Pressure, Digiquartz [db]
# name 3 = depSM: Depth [salt water, m]
# name 4 = t090C: Temperature [ITS-90, deg C]
# name 5 = t190C: Temperature, 2 [ITS-90, deg C]
# name 6 = c0S/m: Conductivity [S/m]
# name 7 = c1S/m: Conductivity, 2 [S/m]
# name 8 = sbeox0V: Oxygen raw, SBE 43 [V]
# name 9 = sbeox1V: Oxygen raw, SBE 43, 2 [V]
# name 10 = sbeox1dOV/dT: Oxygen, SBE 43, 2 [dov/dt]
# name 11 = sbeox0dOV/dT: Oxygen, SBE 43 [dov/dt]
# name 12 = flECO-AFL: Fluorescence, WET Labs ECO-AFL/FL [mg/m^3]
# name 13 = CStarTr0: Beam Transmission, WET Labs C-Star [%]
# name 14 = sbeox0Mm/Kg: Oxygen, SBE 43 [umol/kg], WS = 2
# name 15 = sbeox1Mm/Kg: Oxygen, SBE 43, 2 [umol/kg], WS = 2
# name 16 = nbin: number of scans per bin
# name 17 = sal00: Salinity, Practical [PSU]
# name 18 = sal11: Salinity, Practical, 2 [PSU]
# name 19 = sigma-é00: Density [sigma-theta, kg/m^3]
# name 20 = sigma-é11: Density, 2 [sigma-theta, kg/m^3]
# name 21 = svCM: Sound Velocity [Chen-Millero, m/s]
# name 22 = svCM1: Sound Velocity, 2 [Chen-Millero, m/s]
# name 23 = flag: flag
# span 0 =       1148,     140753       
# span 1 =  86.558701,  86.626022       
# span 2 =      2.000,   2022.000       
# span 3 =      1.989,   2001.219       
# span 4 =     3.5823,    29.2970       
# span 5 =     3.5827,    29.2905       
# span 6 =   3.301894,   5.626270       
# span 7 =   3.302154,   5.626151       
# span 8 =     1.0618,     2.8739       
# span 9 =     1.1172,     3.0779       
# span 10 =   -0.04962,    0.05325      
# span 11 =   -0.05029,    0.04554      
# span 12 =     0.5073,     2.1067      
# span 13 =    85.4043,   102.1126      
# span 14 =     62.316,    233.853      
# span 15 =     63.058,    236.063      
# span 16 =          4,         75      
# span 17 =    34.0637,    36.3491      
# span 18 =    34.0672,    36.3602      
# span 19 =    21.2719,    27.8118      
# span 20 =    21.2750,    27.8137      
# span 21 =    1482.03,    1543.21      
# span 22 =    1482.03,    1543.20      
# span 23 = 0.0000e+00, 0.0000e+00      
# interval = decibars: 1                
# start_time = Mar 27 2015 13:23:44 [System UTC, header]
# bad_flag = -9.990e-29
*END*
[from data line 2476]
      74432  86.594040   1565.000   1550.582     4.1911     4.1914   3.337851   3.338133     1.8970     1.9928    0.00022    0.00105     0.5224   102.0971    219.385    222.111         53    34.9606    34.9635    27.7483    27.7506    1493.22    1493.23 0.0000e+00
      74467  86.594063   1564.000   1549.595     4.1938     4.1939   3.338047   3.338333     1.8966     1.9928    0.00060    0.00048     0.5350   102.0997    219.822    221.870         25    34.9605    34.9637    27.7479    27.7504    1493.22    1493.22 0.0000e+00
      74489  86.594070   1563.000   1548.608     4.1942     4.1941   3.338045   3.338311     1.8975     1.9928    0.00039   -0.00036     0.5314   102.0941    220.176    222.032         20    34.9606    34.9637    27.7480    27.7504    1493.20    1493.20 0.0000e+00
      74509  86.594078   1562.000   1547.621     4.1943     4.1946   3.338032   3.338305     1.8979     1.9932    0.00010   -0.00049     0.5238   102.1055    220.116    222.528         20    34.9608    34.9637    27.7480    27.7504    1493.18    1493.19 0.0000e+00
      74528  86.594086   1561.000   1546.634     4.1953     4.1953   3.338078   3.338343     1.8987     1.9939    0.00002   -0.00004     0.5481   102.0980    219.939    222.355         19    34.9608    34.9638    27.7479    27.7504    1493.17    1493.18 0.0000e+00
      74548  86.594101   1560.000   1545.647     4.1964     4.1966   3.338156   3.338421     1.8984     1.9939    0.00005    0.00077     0.5493   102.1004    219.580    222.063         21    34.9610    34.9639    27.7480    27.7503    1493.16    1493.16 0.0000e+00
      74571  86.594109   1559.000   1544.660     4.1969     4.1971   3.338162   3.338425     1.8982     1.9943    0.00052    0.00080     0.5217   102.1006    219.563    222.420         25    34.9610    34.9639    27.7480    27.7502    1493.15    1493.15 0.0000e+00
      74598  86.594124   1558.000   1543.672     4.1973     4.1975   3.338155   3.338415     1.8982     1.9950    0.00052    0.00029     0.5244   102.0806    219.808    222.370         28    34.9610    34.9638    27.7479    27.7501    1493.13    1493.13 0.0000e+00
      74625  86.594139   1557.000   1542.685     4.1978     4.1981   3.338158   3.338419     1.8987     1.9952    0.00024   -0.00022     0.5450   102.0809    219.703    222.063         27    34.9610    34.9638    27.7478    27.7500    1493.12    1493.12 0.0000e+00
      74652  86.594147   1556.000   1541.698     4.1982     4.1984   3.338144   3.338418     1.8986     1.9953    0.00060   -0.00003     0.5321   102.0900    219.770    222.264         28    34.9609    34.9639    27.7477    27.7500    1493.10    1493.11 0.0000e+00
      74685  86.594162   1555.000   1540.711     4.1986     4.1990   3.338147   3.338422     1.8989     1.9959    0.00019    0.00022     0.5345   102.1052    219.497    222.238         39    34.9610    34.9638    27.7477    27.7499    1493.09    1493.09 0.0000e+00
      74724  86.594185   1554.000   1539.724     4.1997     4.1999   3.338188   3.338455     1.8980     1.9961    0.00028    0.00021     0.5124   102.1021    219.268    222.262         34    34.9608    34.9637    27.7474    27.7497    1493.07    1493.08 0.0000e+00
      74753  86.594200   1553.000   1538.737     4.2005     4.2007   3.338213   3.338482     1.8981     1.9964    0.00030   -0.00010     0.5131   102.0957    219.681    222.194         26    34.9608    34.9637    27.7473    27.7497    1493.06    1493.06 0.0000e+00
      74777  86.594208   1552.000   1537.749     4.2012     4.2017   3.338246   3.338543     1.8986     1.9965    0.00009   -0.00073     0.5131   102.0971    219.723    222.057         22    34.9610    34.9639    27.7474    27.7496    1493.05    1493.05 0.0000e+00
      74798  86.594223   1551.000   1536.762     4.2019     4.2021   3.338252   3.338534     1.8989     1.9965    0.00027   -0.00022     0.5131   102.1008    219.763    222.357         19    34.9608    34.9638    27.7472    27.7495    1493.03    1493.04 0.0000e+00
      74816  86.594231   1550.000   1535.775     4.2024     4.2025   3.338262   3.338526     1.8992     1.9972    0.00029    0.00029     0.5353   102.0937    220.037    222.443         18    34.9608    34.9638    27.7471    27.7495    1493.02    1493.02 0.0000e+00
      74834  86.594238   1549.000   1534.788     4.2023     4.2026   3.338221   3.338481     1.9004     1.9971    0.00005    0.00042     0.5360   102.0966    220.305    222.297         20    34.9609    34.9637    27.7472    27.7494    1493.00    1493.01 0.0000e+00
      74858  86.594246   1548.000   1533.801     4.2023     4.2025   3.338180   3.338442     1.9009     1.9976    0.00019    0.00039     0.5182   102.0968    219.955    222.388         29    34.9609    34.9638    27.7472    27.7495    1492.98    1492.99 0.0000e+00
      74893  86.594269   1547.000   1532.813     4.2023     4.2026   3.338134   3.338410     1.9014     1.9977    0.00034    0.00097     0.5196   102.0920    219.802    222.048         38    34.9608    34.9638    27.7471    27.7494    1492.97    1492.97 0.0000e+00
      74925  86.594284   1546.000   1531.826     4.2027     4.2028   3.338109   3.338374     1.9008     1.9977    0.00022    0.00045     0.5351   102.1055    219.471    222.062         25    34.9606    34.9636    27.7469    27.7493    1492.95    1492.96 0.0000e+00
      74950  86.594292   1545.000   1530.839     4.2026     4.2028   3.338067   3.338333     1.9007     1.9979    0.00021    0.00037     0.5201   102.1056    219.541    222.238         26    34.9607    34.9636    27.7470    27.7493    1492.94    1492.94 0.0000e+00
      74980  86.594307   1544.000   1529.852     4.2024     4.2027   3.338028   3.338291     1.9008     1.9982    0.00005   -0.00029     0.5177   102.1037    219.706    222.783         38    34.9610    34.9637    27.7472    27.7494    1492.92    1492.92 0.0000e+00
      75017  86.594322   1543.000   1528.865     4.2025     4.2028   3.337975   3.338247     1.9012     1.9984    0.00018   -0.00017     0.5271   102.1007    219.685    222.255         29    34.9608    34.9637    27.7470    27.7493    1492.90    1492.91 0.0000e+00
      75040  86.594337   1542.000   1527.877     4.2026     4.2027   3.337936   3.338199     1.9009     1.9989    0.00022    0.00010     0.5394   102.1003    219.530    222.251         20    34.9607    34.9637    27.7469    27.7493    1492.88    1492.89 0.0000e+00
      75058  86.594345   1541.000   1526.890     4.2027     4.2029   3.337899   3.338171     1.9012     1.9987    0.00022    0.00026     0.5191   102.1037    219.816    221.574         17    34.9606    34.9636    27.7469    27.7492    1492.87    1492.87 0.0000e+00
      75076  86.594353   1540.000   1525.903     4.2040     4.2041   3.337984   3.338241     1.9015     1.9981    0.00013    0.00027     0.5429   102.0975    219.817    221.408         19    34.9607    34.9636    27.7468    27.7491    1492.86    1492.86 0.0000e+00
      75097  86.594360   1539.000   1524.916     4.2053     4.2056   3.338050   3.338320     1.9019     1.9980    0.00036   -0.00011     0.5459   102.0984    219.793    221.931         25    34.9606    34.9635    27.7466    27.7488    1492.85    1492.85 0.0000e+00
      75125  86.594376   1538.000   1523.928     4.2063     4.2067   3.338084   3.338372     1.9019     1.9982   -0.00033    0.00029     0.5420   102.1001    219.518    222.157         30    34.9605    34.9635    27.7464    27.7487    1492.83    1492.84 0.0000e+00
      75156  86.594391   1537.000   1522.941     4.2081     4.2086   3.338205   3.338502     1.9018     1.9988   -0.00028    0.00036     0.5167   102.1009    219.536    222.201         32    34.9605    34.9634    27.7462    27.7484    1492.82    1492.83 0.0000e+00
      75189  86.594406   1536.000   1521.954     4.2116     4.2121   3.338489   3.338801     1.9019     1.9990    0.00028   -0.00002     0.5355   102.0953    219.544    221.880         32    34.9606    34.9637    27.7459    27.7483    1492.82    1492.83 0.0000e+00
      75218  86.594421   1535.000   1520.967     4.2143     4.2149   3.338707   3.339015     1.9021     1.9990    0.00032   -0.00005     0.5243   102.0998    219.748    221.830         27    34.9608    34.9638    27.7457    27.7480    1492.82    1492.82 0.0000e+00
      75244  86.594437   1534.000   1519.979     4.2151     4.2156   3.338744   3.339028     1.9029     1.9989    0.00022    0.00008     0.5169   102.1057    219.788    221.701         24    34.9609    34.9637    27.7457    27.7478    1492.80    1492.81 0.0000e+00
      75268  86.594444   1533.000   1518.992     4.2150     4.2155   3.338710   3.338987     1.9030     1.9989    0.00003    0.00010     0.5132   102.0925    219.706    221.902         24    34.9611    34.9638    27.7458    27.7479    1492.79    1492.79 0.0000e+00
      75292  86.594460   1532.000   1518.005     4.2152     4.2155   3.338680   3.338942     1.9033     1.9992   -0.00004    0.00051     0.5228   102.1063    219.760    222.186         25    34.9610    34.9637    27.7457    27.7479    1492.77    1492.78 0.0000e+00
      75318  86.594467   1531.000   1517.017     4.2152     4.2155   3.338624   3.338898     1.9033     1.9997   -0.00007    0.00035     0.5434   102.1096    219.404    222.067         27    34.9608    34.9637    27.7456    27.7479    1492.75    1492.76 0.0000e+00
      75344  86.594482   1530.000   1516.030     4.2149     4.2151   3.338554   3.338804     1.9031     1.9999    0.00026    0.00033     0.5309   102.1096    219.518    222.037         26    34.9608    34.9636    27.7456    27.7478    1492.74    1492.74 0.0000e+00
      75373  86.594498   1529.000   1515.043     4.2145     4.2148   3.338471   3.338731     1.9032     2.0002    0.00045    0.00007     0.5236   102.1096    219.574    221.973         30    34.9608    34.9635    27.7456    27.7478    1492.72    1492.72 0.0000e+00
      75403  86.594513   1528.000   1514.056     4.2144     4.2145   3.338403   3.338661     1.9035     2.0002    0.00015   -0.00014     0.5449   102.1056    219.495    221.819         30    34.9606    34.9635    27.7455    27.7478    1492.70    1492.70 0.0000e+00
      75430  86.594521   1527.000   1513.068     4.2140     4.2142   3.338321   3.338583     1.9033     2.0002    0.00021    0.00004     0.5397   102.1100    219.424    221.796         24    34.9605    34.9634    27.7454    27.7477    1492.68    1492.69 0.0000e+00
      75452  86.594536   1526.000   1512.081     4.2137     4.2139   3.338259   3.338520     1.9033     2.0002    0.00011    0.00019     0.5235   102.1003    219.588    221.769         21    34.9606    34.9634    27.7455    27.7478    1492.66    1492.67 0.0000e+00
      75474  86.594543   1525.000   1511.094     4.2135     4.2137   3.338189   3.338449     1.9039     2.0002    0.00005 -2.094e-07     0.5195   102.0904    219.704    221.742         23    34.9605    34.9633    27.7455    27.7477    1492.65    1492.65 0.0000e+00
      75497  86.594559   1524.000   1510.106     4.2133     4.2136   3.338132   3.338396     1.9039     2.0002    0.00003   -0.00003     0.5429   102.1090    219.597    221.714         25    34.9605    34.9633    27.7455    27.7477    1492.63    1492.63 0.0000e+00
      75525  86.594566   1523.000   1509.119     4.2133     4.2135   3.338090   3.338345     1.9047     2.0002   -0.00005    0.00030     0.5356   102.1096    219.850    221.685         30    34.9605    34.9632    27.7455    27.7476    1492.61    1492.62 0.0000e+00
      75556  86.594582   1522.000   1508.132     4.2132     4.2135   3.338034   3.338295     1.9051     2.0002    0.00006    0.00020     0.5157   102.1096    219.727    221.657         30    34.9604    34.9632    27.7454    27.7476    1492.59    1492.60 0.0000e+00
      75583  86.594597   1521.000   1507.144     4.2135     4.2137   3.337998   3.338272     1.9052     2.0002   -0.00004    0.00060     0.5196   102.1096    219.556    221.627         25    34.9602    34.9632    27.7452    27.7475    1492.58    1492.58 0.0000e+00
      75606  86.594612   1520.000   1506.157     4.2145     4.2149   3.338042   3.338328     1.9050     2.0002   -0.00003    0.00035     0.5416   102.1096    219.266    221.591         22    34.9601    34.9631    27.7450    27.7473    1492.57    1492.57 0.0000e+00
      75628  86.594620   1519.000   1505.170     4.2172     4.2177   3.338248   3.338562     1.9045     2.0002 3.4249e-07    0.00026     0.5218   102.1096    219.364    221.528         22    34.9603    34.9633    27.7448    27.7472    1492.56    1492.57 0.0000e+00
      75652  86.594627   1518.000   1504.182     4.2195     4.2207   3.338445   3.338794     1.9048     2.0002    0.00003    0.00001     0.5363   102.1096    219.493    221.509         27    34.9606    34.9634    27.7448    27.7470    1492.55    1492.56 0.0000e+00
      75684  86.594650   1517.000   1503.195     4.2228     4.2238   3.338694   3.339026     1.9050     2.0003   -0.00002   -0.00035     0.5259   102.1096    219.487    221.764         36    34.9605    34.9634    27.7444    27.7466    1492.55    1492.56 0.0000e+00
      75716  86.594666   1516.000   1502.208     4.2242     4.2244   3.338770   3.339035     1.9052     2.0012   -0.00002    0.00022     0.5307   102.1096    219.349    222.027         25    34.9604    34.9633    27.7442    27.7465    1492.54    1492.54 0.0000e+00
      75739  86.594673   1515.000   1501.220     4.2252     4.2256   3.338812   3.339111     1.9048     2.0014    0.00008    0.00013     0.5313   102.1096    219.123    221.735         23    34.9603    34.9634    27.7440    27.7464    1492.53    1492.53 0.0000e+00
      75763  86.594681   1514.000   1500.233     4.2273     4.2282   3.338969   3.339298     1.9052     2.0015    0.00047    0.00020     0.5280   102.1096    219.543    221.614         27    34.9605    34.9633    27.7439    27.7461    1492.52    1492.53 0.0000e+00
      75794  86.594696   1513.000   1499.246     4.2298     4.2304   3.339148   3.339442     1.9058 -9.990e-29    0.00041   -0.00018     0.5159   102.1096    219.513 -9.990e-29         31    34.9604    34.9632    27.7436    27.7457    1492.51    1492.52 0.0000e+00
      75819  86.594711   1512.000   1498.258     4.2310     4.2311   3.339178   3.339436     1.9058 -9.990e-29    0.00003   -0.00008     0.5131   102.1096    219.429 -9.990e-29         21    34.9600    34.9629    27.7431    27.7454    1492.50    1492.51 0.0000e+00
      75838  86.594719   1511.000   1497.271     4.2304     4.2305   3.339038   3.339292     1.9062 -9.990e-29   -0.00005    0.00063     0.5131   102.1096    219.417 -9.990e-29         18    34.9595    34.9624    27.7428    27.7450    1492.48    1492.49 0.0000e+00
      75855  86.594727   1510.000   1496.284     4.2308     4.2308   3.339003   3.339257     1.9060     2.0013    0.00007    0.00049     0.5131   102.1096    218.999    220.506         16    34.9591    34.9622    27.7424    27.7448    1492.47    1492.47 0.0000e+00
      75872  86.594734   1509.000   1495.296     4.2316     4.2316   3.339000   3.339261     1.9055     2.0006    0.00006    0.00015     0.5131   102.1096    218.902    220.524         18    34.9587    34.9619    27.7420    27.7445    1492.45    1492.46 0.0000e+00
      75893  86.594749   1508.000   1494.309     4.2319     4.2320   3.338969   3.339226     1.9050     2.0000 -3.330e-07    0.00025     0.5218   102.1096    218.496    220.292         27    34.9586    34.9615    27.7419    27.7441    1492.44    1492.44 0.0000e+00
      75952  86.594772   1507.000   1493.321     4.2298     4.2309   3.338775   3.339090     1.9028     1.9982   -0.00074   -0.00070     0.5311   102.1096    218.331    220.548         36    34.9591    34.9615    27.7424    27.7443    1492.41    1492.42 0.0000e+00
