data/fr26/fr26003.cnv
* Sea-Bird SBE 9 Data File:
* FileName = C:\SEASOFT\PIRATA-FR26\data\fr26003.hex
* Software Version Seasave V 7.23.2
* Temperature SN = 6083
* Conductivity SN = 4509
* Number of Bytes Per Scan = 34
* Number of Voltage Words = 3
* Number of Scans Averaged by the Deck Unit = 1
* NMEA Latitude = 01 30.17 N
* NMEA Longitude = 023 00.17 W
* NMEA UTC (Time) = Mar 12 2016  01:30:55
** Cruise: PIRATA-FR26
** Ship: THALASSA
** Station: 3
** Bottom Depth: 3651
** Pressure frequency switch pos 2 before station: 33113.16
** Pressure frequency switch pos 2 after station: 33092.5
** Operator: GH-JH
** Comments:
# nquan = 24
# nvalues = 4043                        
# units = specified
# name 0 = scan: Scan Count
# name 1 = timeJ: Julian Days
# name 2 = prDM: Pressure, Digiquartz [db]
# name 3 = depSM: Depth [salt water, m]
# name 4 = t090C: Temperature [ITS-90, deg C]
# name 5 = t190C: Temperature, 2 [ITS-90, deg C]
# name 6 = c0S/m: Conductivity [S/m]
# name 7 = c1S/m: Conductivity, 2 [S/m]
# name 8 = sbeox0V: Oxygen raw, SBE 43 [V]
# name 9 = sbeox1V: Oxygen raw, SBE 43, 2 [V]
# name 10 = sbeox1dOV/dT: Oxygen, SBE 43, 2 [dov/dt]
# name 11 = sbeox0dOV/dT: Oxygen, SBE 43 [dov/dt]
# name 12 = flECO-AFL: Fluorescence, WET Labs ECO-AFL/FL [mg/m^3]
# name 13 = CStarTr0: Beam Transmission, WET Labs C-Star [%]
# name 14 = sbeox0Mm/Kg: Oxygen, SBE 43 [umol/kg], WS = 2
# name 15 = sbeox1Mm/Kg: Oxygen, SBE 43, 2 [umol/kg], WS = 2
# name 16 = sal00: Salinity, Practical [PSU]
# name 17 = sal11: Salinity, Practical, 2 [PSU]
# name 18 = sigma-é00: Density [sigma-theta, kg/m^3]
# name 19 = sigma-é11: Density, 2 [sigma-theta, kg/m^3]
# name 20 = svCM: Sound Velocity [Chen-Millero, m/s]
# name 21 = svCM1: Sound Velocity, 2 [Chen-Millero, m/s]
# name 22 = nbin: number of scans per bin
# name 23 = flag: flag
# span 0 =         60,     140812       
# span 1 =  72.063165,  72.131043       
# span 2 =      1.000,   2023.000       
# span 3 =      0.983,   2002.206       
# span 4 =     3.5840,    29.2195       
# span 5 =     3.5842,    29.2199       
# span 6 =   3.302117,   5.893496       
# span 7 =   3.302223,   5.893611       
# span 8 =     1.2267,     2.7940       
# span 9 =     1.3798,     3.1813       
# span 10 =   -0.04440,    0.04292      
# span 11 =   -0.04251,    0.03907      
# span 12 =     0.5131,     2.1662      
# span 13 =    89.7660,   102.4977      
# span 14 =     91.395,    236.904      
# span 15 =     91.967,    236.769      
# span 16 =    34.5073,    36.1170      
# span 17 =    34.5077,    36.1174      
# span 18 =    22.6463,    27.8165      
# span 19 =    22.6447,    27.8166      
# span 20 =    1483.36,    1544.98      
# span 21 =    1483.36,    1544.99      
# span 22 =         12,        137      
# span 23 = 0.0000e+00, 0.0000e+00      
# interval = decibars: 1                
# start_time = Mar 12 2016 01:30:55 [System UTC, header]
# bad_flag = -9.990e-29
*END*
[from data line 3382]
     105659  72.114090    661.000    656.318     5.6817     5.6821   3.394977   3.395034     1.3896     1.5631   -0.00048   -0.00071     0.5389   102.3822    135.006    135.178    34.5208    34.5210    27.2209    27.2210    1483.73    1483.74         19 0.0000e+00
     105678  72.114098    660.000    655.321     5.6824     5.6828   3.395003   3.395069     1.3902     1.5635   -0.00011   -0.00036     0.5294   102.3685    135.089    135.215    34.5209    34.5212    27.2208    27.2211    1483.72    1483.72         21 0.0000e+00
     105701  72.114113    659.000    654.335     5.6833     5.6836   3.395050   3.395104     1.3910     1.5642    0.00003    0.00009     0.5481   102.3813    135.183    135.289    34.5210    34.5213    27.2208    27.2210    1483.71    1483.71         25 0.0000e+00
     105727  72.114120    658.000    653.350     5.6845     5.6848   3.395120   3.395171     1.3917     1.5652    0.00029    0.00044     0.5642   102.3867    135.275    135.391    34.5210    34.5213    27.2207    27.2209    1483.70    1483.70         24 0.0000e+00
     105749  72.114136    657.000    652.356     5.6860     5.6861   3.395213   3.395265     1.3922     1.5655    0.00069    0.00073     0.5405   102.3866    135.327    135.411    34.5211    34.5215    27.2205    27.2208    1483.69    1483.69         21 0.0000e+00
     105770  72.114143    656.000    651.359     5.6898     5.6901   3.395556   3.395629     1.3937     1.5666    0.00080    0.00082     0.5479   102.3866    135.522    135.521    34.5216    34.5220    27.2204    27.2208    1483.69    1483.69         21 0.0000e+00
     105794  72.114159    655.000    650.361     5.7034     5.7029   3.396812   3.396821     1.3970     1.5691    0.00069    0.00065     0.5458   102.3843    135.960    135.789    34.5224    34.5230    27.2195    27.2200    1483.72    1483.72         31 0.0000e+00
     105838  72.114174    654.000    649.384     5.7097     5.6992   3.397382   3.396439     1.4029     1.5740    0.00154    0.00210     0.5598   102.3779    136.808    136.417    34.5229    34.5230    27.2190    27.2204    1483.73    1483.69         49 0.0000e+00
     105874  72.114197    653.000    648.391     5.7336     5.7330   3.399607   3.399614     1.4060     1.5768    0.00294    0.00355     0.5637   102.3835    137.170    136.639    34.5242    34.5249    27.2171    27.2178    1483.82    1483.81         26 0.0000e+00
     105898  72.114204    652.000    647.398     5.7365     5.7377   3.399785   3.399918     1.4065     1.5791    0.00255    0.00304     0.5423   102.3854    137.229    136.908    34.5237    34.5241    27.2164    27.2165    1483.81    1483.81         23 0.0000e+00
     105920  72.114220    651.000    646.406     5.7381     5.7390   3.399898   3.399999     1.4075     1.5807    0.00165    0.00215     0.5628   102.3791    137.346    137.094    34.5239    34.5242    27.2163    27.2164    1483.80    1483.80         22 0.0000e+00
     105942  72.114227    650.000    645.415     5.7392     5.7400   3.399950   3.400053     1.4079     1.5822    0.00209    0.00142     0.5262   102.3716    137.384    137.275    34.5239    34.5243    27.2162    27.2164    1483.79    1483.79         22 0.0000e+00
     105964  72.114235    649.000    644.421     5.7525     5.7544   3.401163   3.401402     1.4079     1.5833    0.00216    0.00068     0.5610   102.3826    137.321    137.342    34.5245    34.5253    27.2150    27.2154    1483.83    1483.83         21 0.0000e+00
     105986  72.114250    648.000    643.429     5.7650     5.7663   3.402280   3.402467     1.4080     1.5837    0.00182    0.00082     0.5617   102.3765    137.284    137.335    34.5250    34.5257    27.2138    27.2142    1483.86    1483.87         22 0.0000e+00
     106009  72.114258    647.000    642.437     5.8060     5.8135   3.406153   3.406970     1.4072     1.5838    0.00147    0.00033     0.5607   102.3799    136.990    137.163    34.5274    34.5290    27.2107    27.2110    1484.01    1484.04         25 0.0000e+00
     106036  72.114273    646.000    641.448     5.8374     5.8407   3.408997   3.409366     1.4048     1.5818    0.00087    0.00012     0.5510   102.3799    136.507    136.788    34.5281    34.5289    27.2073    27.2075    1484.12    1484.13         29 0.0000e+00
     106064  72.114288    645.000    640.459     5.8613     5.8609   3.411303   3.411375     1.4023     1.5796    0.00009   -0.00061     0.5542   102.3781    136.017    136.405    34.5303    34.5315    27.2061    27.2071    1484.20    1484.20         26 0.0000e+00
     106088  72.114296    644.000    639.466     5.8952     5.8975   3.414402   3.414665     1.4008     1.5774   -0.00127   -0.00186     0.5526   102.3831    135.662    135.980    34.5312    34.5319    27.2026    27.2028    1484.32    1484.33         24 0.0000e+00
     106112  72.114311    643.000    638.474     5.8999     5.9020   3.414773   3.415011     1.4004     1.5763   -0.00187   -0.00221     0.5412   102.3786    135.574    135.801    34.5311    34.5317    27.2019    27.2021    1484.32    1484.33         24 0.0000e+00
     106138  72.114319    642.000    637.481     5.9040     5.9043   3.415095   3.415165     1.4001     1.5763   -0.00218   -0.00175     0.5548   102.3743    135.489    135.774    34.5311    34.5315    27.2013    27.2017    1484.32    1484.32         27 0.0000e+00
     106165  72.114334    641.000    636.491     5.9073     5.9078   3.415339   3.415436     1.4006     1.5763   -0.00143   -0.00077     0.5483   102.3802    135.535    135.744    34.5310    34.5316    27.2008    27.2013    1484.32    1484.32         26 0.0000e+00
     106191  72.114349    640.000    635.498     5.9147     5.9152   3.416012   3.416109     1.4010     1.5764   -0.00023   -0.00027     0.5572   102.3774    135.552    135.712    34.5315    34.5321    27.2004    27.2007    1484.33    1484.34         27 0.0000e+00
     106220  72.114365    639.000    634.505     5.9245     5.9254   3.416881   3.417014     1.4016     1.5772   -0.00001    0.00027     0.5614   102.3753    135.600    135.768    34.5318    34.5324    27.1993    27.1997    1484.36    1484.36         34 0.0000e+00
     106257  72.114380    638.000    633.521     5.9312     5.9317   3.417450   3.417541     1.4016     1.5775    0.00032    0.00055     0.5475   102.3665    135.558    135.761    34.5319    34.5324    27.1985    27.1989    1484.37    1484.37         35 0.0000e+00
     106286  72.114395    637.000    632.534     5.9343     5.9345   3.417688   3.417752     1.4019     1.5775    0.00054    0.00032     0.5627   102.3087    135.574    135.737    34.5319    34.5324    27.1982    27.1985    1484.36    1484.36         23 0.0000e+00
     106306  72.114403    636.000    631.540     5.9381     5.9391   3.418017   3.418162     1.4019     1.5775    0.00023   -0.00008     0.5606   102.3658    135.540    135.703    34.5323    34.5329    27.1980    27.1984    1484.36    1484.37         18 0.0000e+00
     106323  72.114410    635.000    630.545     5.9500     5.9524   3.419105   3.419387     1.4024     1.5775    0.00011    0.00004     0.5531   102.3553    135.554    135.638    34.5329    34.5337    27.1970    27.1973    1484.39    1484.40         16 0.0000e+00
     106339  72.114418    634.000    629.546     5.9629     5.9639   3.420248   3.420418     1.4026     1.5775    0.00002    0.00018     0.5599   102.3573    135.518    135.580    34.5332    34.5340    27.1955    27.1961    1484.43    1484.43         17 0.0000e+00
     106358  72.114426    633.000    628.551     5.9693     5.9705   3.420830   3.420984     1.4029     1.5779 4.3087e-07    0.00021     0.5639   102.3331    135.530    135.583    34.5337    34.5342    27.1951    27.1954    1484.44    1484.44         21 0.0000e+00
     106381  72.114441    632.000    627.562     5.9721     5.9724   3.421043   3.421106     1.4029     1.5780 -1.014e-12    0.00034     0.5640   102.3580    135.505    135.578    34.5337    34.5341    27.1948    27.1951    1484.43    1484.43         27 0.0000e+00
     106415  72.114456    631.000    626.576     5.9724     5.9703   3.421008   3.420856     1.4029     1.5783    0.00021    0.00034     0.5663   102.3572    135.487    135.605    34.5336    34.5339    27.1946    27.1952    1484.42    1484.41         39 0.0000e+00
     106456  72.114471    630.000    625.587     5.9740     5.9740   3.421112   3.421147     1.4038     1.5786    0.00019    0.00001     0.5500   102.3589    135.587    135.610    34.5336    34.5340    27.1944    27.1948    1484.41    1484.41         40 0.0000e+00
     106488  72.114487    629.000    624.601     5.9785     5.9783   3.421521   3.421522     1.4042     1.5797    0.00027    0.00020     0.5722   102.3589    135.622    135.723    34.5341    34.5344    27.1942    27.1945    1484.41    1484.41         25 0.0000e+00
     106510  72.114502    628.000    623.605     5.9819     5.9828   3.421792   3.421915     1.4048     1.5800    0.00005    0.00066     0.5664   102.3589    135.687    135.724    34.5342    34.5346    27.1939    27.1941    1484.41    1484.41         20 0.0000e+00
     106530  72.114510    627.000    622.610     5.9860     5.9869   3.422141   3.422272     1.4054     1.5805    0.00042    0.00049     0.5635   102.3589    135.736    135.755    34.5344    34.5350    27.1936    27.1939    1484.41    1484.41         20 0.0000e+00
     106551  72.114517    626.000    621.611     5.9942     5.9949   3.422908   3.423009     1.4056     1.5807    0.00087    0.00020     0.5627   102.3589    135.726    135.743    34.5353    34.5357    27.1932    27.1934    1484.42    1484.43         24 0.0000e+00
     106579  72.114532    625.000    620.627     6.0027     6.0028   3.423652   3.423721     1.4065     1.5814    0.00040    0.00072     0.5609   102.3589    135.813    135.788    34.5354    34.5361    27.1922    27.1927    1484.44    1484.44         30 0.0000e+00
     106607  72.114548    624.000    619.644     6.0131     6.0121   3.424652   3.424594     1.4075     1.5830    0.00039    0.00035     0.5409   102.3545    135.900    135.934    34.5366    34.5370    27.1918    27.1923    1484.47    1484.46         26 0.0000e+00
     106630  72.114563    623.000    618.642     6.0292     6.0323   3.426188   3.426606     1.4086     1.5846    0.00065    0.00077     0.5570   102.3509    136.003    136.052    34.5380    34.5395    27.1909    27.1917    1484.52    1484.53         21 0.0000e+00
     106651  72.114571    622.000    617.654     6.0574     6.0594   3.428744   3.429000     1.4100     1.5860    0.00081    0.00061     0.5596   102.3497    136.084    136.122    34.5386    34.5394    27.1878    27.1882    1484.61    1484.62         21 0.0000e+00
     106672  72.114578    621.000    616.658     6.0656     6.0673   3.429431   3.429638     1.4114     1.5875    0.00143    0.00098     0.5589   102.3489    136.251    136.266    34.5385    34.5391    27.1866    27.1869    1484.63    1484.64         22 0.0000e+00
     106696  72.114594    620.000    615.665     6.0689     6.0695   3.429672   3.429762     1.4125     1.5885    0.00169    0.00129     0.5617   102.3496    136.395    136.367    34.5383    34.5388    27.1861    27.1864    1484.63    1484.63         27 0.0000e+00
     106727  72.114609    619.000    614.679     6.0698     6.0702   3.429697   3.429757     1.4128     1.5886    0.00164    0.00163     0.5631   102.3488    136.416    136.361    34.5382    34.5385    27.1858    27.1861    1484.61    1484.61         33 0.0000e+00
     106758  72.114624    618.000    613.691     6.0721     6.0721   3.429851   3.429891     1.4127     1.5887    0.00086    0.00098     0.5467   102.3591    136.380    136.348    34.5381    34.5385    27.1855    27.1858    1484.60    1484.61         28 0.0000e+00
     106783  72.114632    617.000    612.696     6.0734     6.0737   3.429922   3.429987     1.4127     1.5885    0.00013    0.00026     0.5678   102.3577    136.352    136.308    34.5381    34.5385    27.1853    27.1855    1484.59    1484.59         24 0.0000e+00
     106807  72.114647    616.000    611.704     6.0747     6.0756   3.430012   3.430135     1.4115     1.5884    0.00005    0.00001     0.5678   102.3577    136.157    136.271    34.5382    34.5387    27.1852    27.1854    1484.58    1484.59         24 0.0000e+00
     106832  72.114655    615.000    610.711     6.0775     6.0780   3.430224   3.430297     1.4115     1.5879   -0.00006   -0.00009     0.5525   102.3450    136.120    136.179    34.5383    34.5386    27.1849    27.1851    1484.58    1484.58         24 0.0000e+00
     106856  72.114670    614.000    609.720     6.0796     6.0799   3.430384   3.430445     1.4110     1.5873   -0.00005   -0.00063     0.5473   102.3411    136.021    136.076    34.5384    34.5388    27.1847    27.1850    1484.57    1484.57         25 0.0000e+00
     106881  72.114677    613.000    608.728     6.0821     6.0825   3.430575   3.430650     1.4102     1.5867   -0.00035   -0.00057     0.5619   102.3412    135.879    135.968    34.5385    34.5390    27.1845    27.1848    1484.56    1484.56         25 0.0000e+00
     106907  72.114693    612.000    607.740     6.0834     6.0836   3.430664   3.430711     1.4100     1.5859   -0.00063   -0.00032     0.5600   102.3411    135.832    135.844    34.5386    34.5390    27.1844    27.1847    1484.55    1484.55         28 0.0000e+00
     106935  72.114708    611.000    606.745     6.0844     6.0847   3.430710   3.430761     1.4095     1.5854   -0.00052   -0.00058     0.5561   102.3465    135.729    135.758    34.5386    34.5389    27.1843    27.1845    1484.54    1484.54         27 0.0000e+00
     106960  72.114716    610.000    605.757     6.0848     6.0852   3.430700   3.430755     1.4090     1.5859   -0.00080   -0.00039     0.5627   102.3508    135.642    135.813    34.5386    34.5389    27.1842    27.1844    1484.52    1484.53         24 0.0000e+00
     106983  72.114731    609.000    604.766     6.0855     6.0857   3.430729   3.430780     1.4090     1.5861   -0.00052   -0.00026     0.5640   102.3405    135.622    135.811    34.5388    34.5391    27.1842    27.1844    1484.51    1484.51         21 0.0000e+00
     107003  72.114738    608.000    603.771     6.0862     6.0864   3.430740   3.430806     1.4090     1.5861   -0.00020   -0.00057     0.5529   102.3354    135.602    135.791    34.5387    34.5392    27.1840    27.1844    1484.50    1484.50         20 0.0000e+00
     107025  72.114746    607.000    602.774     6.0866     6.0871   3.430748   3.430807     1.4090     1.5861    0.00035   -0.00026     0.5620   102.3431    135.583    135.771    34.5388    34.5390    27.1841    27.1842    1484.48    1484.48         23 0.0000e+00
     107050  72.114761    606.000    601.784     6.0870     6.0872   3.430732   3.430770     1.4090     1.5861    0.00024   -0.00003     0.5547   102.3208    135.564    135.754    34.5388    34.5390    27.1840    27.1841    1484.47    1484.47         28 0.0000e+00
     107081  72.114777    605.000    600.796     6.0887     6.0886   3.430859   3.430878     1.4096     1.5861    0.00003    0.00019     0.5622   102.3329    135.630    135.731    34.5389    34.5393    27.1838    27.1842    1484.46    1484.46         33 0.0000e+00
     107112  72.114792    604.000    599.809     6.0958     6.0950   3.431555   3.431514     1.4093     1.5861 -5.055e-07   -0.00013     0.5525   102.3416    135.531    135.690    34.5400    34.5404    27.1838    27.1842    1484.47    1484.47         27 0.0000e+00
     107136  72.114799    603.000    598.815     6.1159     6.1172   3.433469   3.433663     1.4089     1.5861 1.3403e-11    0.00028     0.5529   102.3372    135.386    135.607    34.5416    34.5424    27.1825    27.1830    1484.54    1484.54         23 0.0000e+00
