data/fr26/fr26003.cnv
* Sea-Bird SBE 9 Data File:
* FileName = C:\SEASOFT\PIRATA-FR26\data\fr26003.hex
* Software Version Seasave V 7.23.2
* Temperature SN = 6083
* Conductivity SN = 4509
* Number of Bytes Per Scan = 34
* Number of Voltage Words = 3
* Number of Scans Averaged by the Deck Unit = 1
* NMEA Latitude = 01 30.17 N
* NMEA Longitude = 023 00.17 W
* NMEA UTC (Time) = Mar 12 2016  01:30:55
** Cruise: PIRATA-FR26
** Ship: THALASSA
** Station: 3
** Bottom Depth: 3651
** Pressure frequency switch pos 2 before station: 33113.16
** Pressure frequency switch pos 2 after station: 33092.5
** Operator: GH-JH
** Comments:
# nquan = 24
# nvalues = 4043                        
# units = specified
# name 0 = scan: Scan Count
# name 1 = timeJ: Julian Days
# name 2 = prDM: Pressure, Digiquartz [db]
# name 3 = depSM: Depth [salt water, m]
# name 4 = t090C: Temperature [ITS-90, deg C]
# name 5 = t190C: Temperature, 2 [ITS-90, deg C]
# name 6 = c0S/m: Conductivity [S/m]
# name 7 = c1S/m: Conductivity, 2 [S/m]
# name 8 = sbeox0V: Oxygen raw, SBE 43 [V]
# name 9 = sbeox1V: Oxygen raw, SBE 43, 2 [V]
# name 10 = sbeox1dOV/dT: Oxygen, SBE 43, 2 [dov/dt]
# name 11 = sbeox0dOV/dT: Oxygen, SBE 43 [dov/dt]
# name 12 = flECO-AFL: Fluorescence, WET Labs ECO-AFL/FL [mg/m^3]
# name 13 = CStarTr0: Beam Transmission, WET Labs C-Star [%]
# name 14 = sbeox0Mm/Kg: Oxygen, SBE 43 [umol/kg], WS = 2
# name 15 = sbeox1Mm/Kg: Oxygen, SBE 43, 2 [umol/kg], WS = 2
# name 16 = sal00: Salinity, Practical [PSU]
# name 17 = sal11: Salinity, Practical, 2 [PSU]
# name 18 = sigma-é00: Density [sigma-theta, kg/m^3]
# name 19 = sigma-é11: Density, 2 [sigma-theta, kg/m^3]
# name 20 = svCM: Sound Velocity [Chen-Millero, m/s]
# name 21 = svCM1: Sound Velocity, 2 [Chen-Millero, m/s]
# name 22 = nbin: number of scans per bin
# name 23 = flag: flag
# span 0 =         60,     140812       
# span 1 =  72.063165,  72.131043       
# span 2 =      1.000,   2023.000       
# span 3 =      0.983,   2002.206       
# span 4 =     3.5840,    29.2195       
# span 5 =     3.5842,    29.2199       
# span 6 =   3.302117,   5.893496       
# span 7 =   3.302223,   5.893611       
# span 8 =     1.2267,     2.7940       
# span 9 =     1.3798,     3.1813       
# span 10 =   -0.04440,    0.04292      
# span 11 =   -0.04251,    0.03907      
# span 12 =     0.5131,     2.1662      
# span 13 =    89.7660,   102.4977      
# span 14 =     91.395,    236.904      
# span 15 =     91.967,    236.769      
# span 16 =    34.5073,    36.1170      
# span 17 =    34.5077,    36.1174      
# span 18 =    22.6463,    27.8165      
# span 19 =    22.6447,    27.8166      
# span 20 =    1483.36,    1544.98      
# span 21 =    1483.36,    1544.99      
# span 22 =         12,        137      
# span 23 = 0.0000e+00, 0.0000e+00      
# interval = decibars: 1                
# start_time = Mar 12 2016 01:30:55 [System UTC, header]
# bad_flag = -9.990e-29
*END*
[from data line 1148]
      36357  72.080673   1151.000   1141.509     4.5619     4.5620   3.331746   3.331804     1.4565     1.6374    0.00065    0.00080     0.5643   102.3597    159.047    158.838    34.7056    34.7062    27.5019    27.5024    1487.53    1487.53         26 0.0000e+00
      36381  72.080681   1152.000   1142.495     4.5620     4.5621   3.331807   3.331863     1.4564     1.6374    0.00075    0.00024     0.5700   102.3534    159.036    158.854    34.7057    34.7062    27.5020    27.5024    1487.55    1487.55         21 0.0000e+00
      36400  72.080688   1153.000   1143.486     4.5628     4.5631   3.331923   3.332007     1.4559     1.6374    0.00081    0.00055     0.5435   102.3736    158.984    158.871    34.7057    34.7064    27.5019    27.5024    1487.57    1487.57         19 0.0000e+00
      36418  72.080696   1154.000   1144.484     4.5642     4.5644   3.332124   3.332175     1.4559     1.6374    0.00052    0.00062     0.5601   102.3668    158.993    158.886    34.7062    34.7065    27.5021    27.5024    1487.59    1487.59         18 0.0000e+00
      36437  72.080711   1155.000   1145.475     4.5648     4.5649   3.332225   3.332277     1.4560     1.6374    0.00010   -0.00005     0.5724   102.3630    159.028    158.904    34.7062    34.7067    27.5021    27.5025    1487.61    1487.61         21 0.0000e+00
      36463  72.080719   1156.000   1146.461     4.5648     4.5650   3.332268   3.332337     1.4556     1.6374    0.00004   -0.00032     0.5558   102.3625    158.980    158.924    34.7062    34.7068    27.5021    27.5025    1487.63    1487.63         31 0.0000e+00
      36496  72.080734   1157.000   1147.445     4.5653     4.5656   3.332364   3.332434     1.4557     1.6374   -0.00004   -0.00008     0.5408   102.3665    159.014    158.942    34.7063    34.7068    27.5021    27.5025    1487.65    1487.65         33 0.0000e+00
      36526  72.080750   1158.000   1148.433     4.5657     4.5659   3.332446   3.332515     1.4560     1.6374    0.00003   -0.00018     0.5480   102.3668    159.076    158.960    34.7063    34.7069    27.5021    27.5026    1487.66    1487.67         28 0.0000e+00
      36553  72.080765   1159.000   1149.422     4.5661     4.5659   3.332530   3.332560     1.4556     1.6374 -8.889e-09    0.00007     0.5693   102.3700    159.033    158.981    34.7064    34.7070    27.5022    27.5026    1487.68    1487.68         25 0.0000e+00
      36578  72.080772   1160.000   1150.414     4.5670     4.5673   3.332669   3.332754     1.4554     1.6374    0.00013    0.00015     0.5533   102.3711    159.025    158.996    34.7065    34.7072    27.5022    27.5027    1487.70    1487.71         25 0.0000e+00
      36603  72.080788   1161.000   1151.401     4.5682     4.5683   3.332833   3.332901     1.4554     1.6374 -7.830e-07   -0.00008     0.5546   102.3778    159.041    159.012    34.7068    34.7074    27.5022    27.5027    1487.72    1487.73         25 0.0000e+00
      36627  72.080803   1162.000   1152.390     4.5684     4.5686   3.332895   3.332948     1.4554     1.6374   -0.00011   -0.00026     0.5648   102.3746    159.060    159.031    34.7068    34.7072    27.5023    27.5026    1487.74    1487.74         23 0.0000e+00
      36649  72.080811   1163.000   1153.379     4.5685     4.5686   3.332950   3.333019     1.4554     1.6374 -7.252e-07    0.00009     0.5510   102.3787    159.070    159.051    34.7068    34.7075    27.5023    27.5028    1487.76    1487.76         21 0.0000e+00
      36670  72.080818   1164.000   1154.370     4.5686     4.5688   3.333003   3.333060     1.4550     1.6374   -0.00003   -0.00001     0.5538   102.3722    159.033    159.072    34.7068    34.7073    27.5023    27.5026    1487.78    1487.78         21 0.0000e+00
      36692  72.080833   1165.000   1155.366     4.5687     4.5689   3.333065   3.333120     1.4549     1.6374    0.00003   -0.00019     0.5576   102.3648    159.028    159.092    34.7069    34.7074    27.5023    27.5027    1487.79    1487.80         24 0.0000e+00
      36730  72.080849   1166.000   1156.351     4.5689     4.5691   3.333113   3.333160     1.4551     1.6366   -0.00003   -0.00019     0.5598   102.3676    159.086    159.008    34.7068    34.7072    27.5022    27.5025    1487.81    1487.81         56 0.0000e+00
      36781  72.080872   1167.000   1157.324     4.5692     4.5695   3.333182   3.333263     1.4553     1.6361   -0.00048   -0.00000     0.5431   102.3742    159.144    158.949    34.7068    34.7074    27.5022    27.5027    1487.83    1487.83         32 0.0000e+00
      36803  72.080887   1168.000   1158.314     4.5697     4.5698   3.333271   3.333341     1.4550     1.6361   -0.00020    0.00037     0.5387   102.3825    159.102    158.974    34.7068    34.7075    27.5022    27.5027    1487.85    1487.85         19 0.0000e+00
      36819  72.080894   1169.000   1159.306     4.5709     4.5711   3.333428   3.333492     1.4543     1.6361    0.00001    0.00019     0.5396   102.3683    159.005    158.989    34.7069    34.7075    27.5022    27.5026    1487.87    1487.87         15 0.0000e+00
      36833  72.080902   1170.000   1160.296     4.5727     4.5730   3.333667   3.333735     1.4542     1.6361   -0.00020    0.00001     0.5575   102.3780    159.003    159.001    34.7073    34.7078    27.5023    27.5027    1487.89    1487.90         13 0.0000e+00
      36846  72.080902   1171.000   1161.299     4.5737     4.5740   3.333816   3.333886     1.4541     1.6361   -0.00040   -0.00006     0.5649   102.3630    159.003    159.017    34.7075    34.7081    27.5024    27.5028    1487.91    1487.92         13 0.0000e+00
      36860  72.080910   1172.000   1162.292     4.5738     4.5741   3.333879   3.333948     1.4542     1.6358   -0.00016   -0.00032     0.5495   102.3589    159.037    158.983    34.7076    34.7081    27.5024    27.5028    1487.93    1487.93         16 0.0000e+00
      36879  72.080917   1173.000   1163.286     4.5737     4.5738   3.333926   3.333980     1.4542     1.6357   -0.00001   -0.00065     0.5547   102.3589    159.060    159.001    34.7078    34.7083    27.5026    27.5030    1487.95    1487.95         24 0.0000e+00
      36933  72.080948   1174.000   1164.255     4.5732     4.5738   3.333899   3.333991     1.4542     1.6360   -0.00012   -0.00008     0.5532   102.3589    159.086    159.056    34.7075    34.7080    27.5024    27.5028    1487.96    1487.97         69 0.0000e+00
      36974  72.080963   1175.000   1165.238     4.5738     4.5740   3.334011   3.334078     1.4544     1.6356    0.00021    0.00021     0.5543   102.3589    159.128    159.022    34.7078    34.7083    27.5026    27.5029    1487.98    1487.98         23 0.0000e+00
      36995  72.080978   1176.000   1166.237     4.5740     4.5742   3.334080   3.334151     1.4542     1.6350   -0.00009    0.00010     0.5669   102.3589    159.110    158.960    34.7078    34.7084    27.5026    27.5030    1488.00    1488.00         21 0.0000e+00
      37016  72.080986   1177.000   1167.227     4.5744     4.5746   3.334170   3.334219     1.4538     1.6350   -0.00023    0.00019     0.5569   102.3718    159.063    158.979    34.7079    34.7083    27.5026    27.5029    1488.02    1488.02         21 0.0000e+00
      37037  72.080994   1178.000   1168.216     4.5745     4.5747   3.334226   3.334276     1.4537     1.6349   -0.00030   -0.00012     0.5509   102.3655    159.072    158.974    34.7080    34.7083    27.5027    27.5030    1488.03    1488.04         21 0.0000e+00
      37058  72.081009   1179.000   1169.201     4.5756     4.5757   3.334379   3.334433     1.4533     1.6349   -0.00042   -0.00031     0.5612   102.3655    159.018    158.999    34.7081    34.7087    27.5027    27.5032    1488.06    1488.06         21 0.0000e+00
      37078  72.081017   1180.000   1170.188     4.5772     4.5773   3.334579   3.334640     1.4530     1.6349   -0.00012   -0.00032     0.5451   102.3750    158.986    159.012    34.7083    34.7089    27.5027    27.5032    1488.08    1488.08         19 0.0000e+00
      37098  72.081024   1181.000   1171.187     4.5774     4.5776   3.334649   3.334720     1.4530     1.6349   -0.00013   -0.00011     0.5437   102.3695    159.004    159.033    34.7084    34.7090    27.5027    27.5032    1488.10    1488.10         21 0.0000e+00
      37121  72.081039   1182.000   1172.179     4.5787     4.5788   3.334838   3.334900     1.4530     1.6349   -0.00008   -0.00019     0.5447   102.3633    159.019    159.047    34.7088    34.7094    27.5029    27.5034    1488.12    1488.12         27 0.0000e+00
      37159  72.081055   1183.000   1173.159     4.5811     4.5813   3.335135   3.335215     1.4532     1.6349   -0.00015   -0.00019     0.5541   102.3654    159.056    159.055    34.7092    34.7099    27.5030    27.5035    1488.15    1488.15         47 0.0000e+00
      37198  72.081078   1184.000   1174.142     4.5875     4.5875   3.335910   3.335966     1.4535     1.6349    0.00026    0.00003     0.5465   102.3715    159.107    159.047    34.7111    34.7117    27.5038    27.5043    1488.19    1488.19         29 0.0000e+00
      37223  72.081085   1185.000   1175.133     4.5960     4.5961   3.336921   3.337004     1.4535     1.6349    0.00009    0.00007     0.5636   102.3673    159.082    159.029    34.7135    34.7144    27.5048    27.5055    1488.25    1488.25         23 0.0000e+00
      37245  72.081100   1186.000   1176.125     4.6003     4.6005   3.337468   3.337550     1.4535     1.6351    0.00006    0.00020     0.5583   102.3797    159.090    159.048    34.7149    34.7156    27.5055    27.5060    1488.28    1488.28         21 0.0000e+00
      37266  72.081108   1187.000   1177.116     4.6111     4.6113   3.338736   3.338818     1.4531     1.6352    0.00014    0.00017     0.5454   102.3709    158.995    159.031    34.7179    34.7187    27.5066    27.5073    1488.35    1488.35         21 0.0000e+00
      37288  72.081116   1188.000   1178.104     4.6128     4.6130   3.338971   3.339044     1.4535     1.6355    0.00012   -0.00004     0.5609   102.3721    159.067    159.094    34.7183    34.7190    27.5068    27.5073    1488.37    1488.37         23 0.0000e+00
      37312  72.081131   1189.000   1179.093     4.6179     4.6181   3.339680   3.339762     1.4539     1.6358    0.00002   -0.00017     0.5423   102.3867    159.138    159.125    34.7208    34.7215    27.5082    27.5088    1488.41    1488.41         25 0.0000e+00
      37336  72.081139   1190.000   1180.081     4.6206     4.6210   3.340045   3.340139     1.4542     1.6359    0.00010   -0.00001     0.5450   102.3866    159.186    159.150    34.7218    34.7224    27.5087    27.5092    1488.44    1488.44         23 0.0000e+00
      37360  72.081154   1191.000   1181.070     4.6243     4.6245   3.340569   3.340650     1.4547     1.6361    0.00030    0.00037     0.5615   102.3866    159.283    159.184    34.7235    34.7242    27.5097    27.5103    1488.48    1488.48         24 0.0000e+00
      37384  72.081161   1192.000   1182.062     4.6280     4.6281   3.341061   3.341123     1.4553     1.6361    0.00024    0.00039     0.5601   102.3866    159.387    159.195    34.7248    34.7254    27.5104    27.5108    1488.51    1488.51         26 0.0000e+00
      37414  72.081177   1193.000   1183.050     4.6338     4.6339   3.341909   3.341965     1.4559     1.6373    0.00010    0.00044     0.5438   102.3833    159.483    159.356    34.7281    34.7287    27.5123    27.5128    1488.55    1488.55         33 0.0000e+00
      37447  72.081192   1194.000   1184.035     4.6420     4.6422   3.343051   3.343131     1.4572     1.6384    0.00033    0.00050     0.5437   102.3823    159.674    159.486    34.7324    34.7331    27.5149    27.5154    1488.61    1488.61         32 0.0000e+00
      37475  72.081207   1195.000   1185.021     4.6469     4.6472   3.343853   3.343929     1.4584     1.6391    0.00083    0.00062     0.5437   102.3664    159.867    159.586    34.7360    34.7367    27.5172    27.5177    1488.65    1488.65         26 0.0000e+00
      37499  72.081223   1196.000   1186.011     4.6476     4.6478   3.344011   3.344073     1.4594     1.6404    0.00074    0.00093     0.5422   102.3903    160.048    159.792    34.7367    34.7372    27.5177    27.5181    1488.67    1488.67         22 0.0000e+00
      37521  72.081230   1197.000   1187.002     4.6475     4.6477   3.344044   3.344107     1.4601     1.6412    0.00068    0.00090     0.5483   102.3866    160.197    159.920    34.7367    34.7372    27.5178    27.5181    1488.69    1488.69         20 0.0000e+00
      37541  72.081238   1198.000   1187.994     4.6467     4.6470   3.344064   3.344124     1.4606     1.6419    0.00082    0.00107     0.5700   102.3866    160.289    160.051    34.7372    34.7376    27.5182    27.5185    1488.70    1488.70         21 0.0000e+00
      37562  72.081253   1199.000   1188.982     4.6467     4.6469   3.344141   3.344206     1.4613     1.6424    0.00124    0.00100     0.5411   102.3866    160.427    160.144    34.7377    34.7382    27.5186    27.5190    1488.72    1488.72         22 0.0000e+00
      37586  72.081261   1200.000   1189.974     4.6466     4.6467   3.344196   3.344261     1.4618     1.6432    0.00086    0.00071     0.5401   102.3866    160.542    160.283    34.7380    34.7386    27.5189    27.5193    1488.74    1488.74         26 0.0000e+00
      37615  72.081276   1201.000   1190.960     4.6465     4.6466   3.344294   3.344360     1.4622     1.6437    0.00076    0.00066     0.5378   102.3866    160.634    160.377    34.7386    34.7393    27.5194    27.5199    1488.75    1488.75         31 0.0000e+00
      37645  72.081291   1202.000   1191.942     4.6467     4.6469   3.344419   3.344473     1.4627     1.6445    0.00071    0.00057     0.5584   102.3866    160.733    160.510    34.7394    34.7398    27.5200    27.5203    1488.77    1488.77         28 0.0000e+00
      37671  72.081306   1203.000   1192.933     4.6530     4.6534   3.345239   3.345342     1.4629     1.6456    0.00042    0.00041     0.5692   102.3866    160.756    160.648    34.7419    34.7427    27.5213    27.5219    1488.82    1488.82         24 0.0000e+00
      37693  72.081314   1204.000   1193.924     4.6597     4.6599   3.346104   3.346171     1.4634     1.6461    0.00055    0.00047     0.5645   102.3866    160.829    160.709    34.7444    34.7450    27.5226    27.5230    1488.86    1488.87         22 0.0000e+00
      37716  72.081322   1205.000   1194.918     4.6715     4.6716   3.347648   3.347753     1.4639     1.6470    0.00089    0.00014     0.5649   102.3866    160.877    160.800    34.7496    34.7507    27.5254    27.5263    1488.94    1488.94         23 0.0000e+00
      37743  72.081337   1206.000   1195.908     4.6874     4.6877   3.349658   3.349757     1.4651     1.6473    0.00074    0.00038     0.5676   102.3866    161.023    160.793    34.7558    34.7567    27.5286    27.5293    1489.03    1489.03         33 0.0000e+00
      37781  72.081352   1207.000   1196.886     4.6901     4.6903   3.350208   3.350266     1.4668     1.6491    0.00068    0.00072     0.5366   102.3866    161.312    161.056    34.7589    34.7594    27.5308    27.5312    1489.06    1489.06         37 0.0000e+00
      37810  72.081367   1208.000   1197.874     4.6883     4.6884   3.350407   3.350479     1.4684     1.6510    0.00046    0.00097     0.5631   102.3866    161.596    161.359    34.7626    34.7633    27.5339    27.5345    1489.07    1489.07         24 0.0000e+00
      37832  72.081383   1209.000   1198.868     4.6902     4.6905   3.350728   3.350790     1.4698     1.6520    0.00116    0.00109     0.5481   102.3919    161.853    161.503    34.7638    34.7643    27.5347    27.5350    1489.10    1489.10         21 0.0000e+00
