data/fr26/fr26002.cnv
* Sea-Bird SBE 9 Data File:
* FileName = C:\SEASOFT\PIRATA-FR26\data\fr26002.hex
* Software Version Seasave V 7.23.2
* Temperature SN = 6083
* Conductivity SN = 4509
* Number of Bytes Per Scan = 34
* Number of Voltage Words = 3
* Number of Scans Averaged by the Deck Unit = 1
* NMEA Latitude = 02 00.11 N
* NMEA Longitude = 023 00.14 W
* NMEA UTC (Time) = Mar 11 2016  20:11:45
** Cruise: PIRATA-FR26
** Ship: THALASSA
** Station: 2
** Bottom Depth: 4334
** Pressure frequency switch pos 2 before station: 33095.48
** Pressure frequency switch pos 2 after station: 33091.40
** Operator: JG-CB
** Comments:
# nquan = 24
# nvalues = 4043                        
# units = specified
# name 0 = scan: Scan Count
# name 1 = timeJ: Julian Days
# name 2 = prDM: Pressure, Digiquartz [db]
# name 3 = depSM: Depth [salt water, m]
# name 4 = t090C: Temperature [ITS-90, deg C]
# name 5 = t190C: Temperature, 2 [ITS-90, deg C]
# name 6 = c0S/m: Conductivity [S/m]
# name 7 = c1S/m: Conductivity, 2 [S/m]
# name 8 = sbeox0V: Oxygen raw, SBE 43 [V]
# name 9 = sbeox1V: Oxygen raw, SBE 43, 2 [V]
# name 10 = sbeox1dOV/dT: Oxygen, SBE 43, 2 [dov/dt]
# name 11 = sbeox0dOV/dT: Oxygen, SBE 43 [dov/dt]
# name 12 = flECO-AFL: Fluorescence, WET Labs ECO-AFL/FL [mg/m^3]
# name 13 = CStarTr0: Beam Transmission, WET Labs C-Star [%]
# name 14 = sbeox0Mm/Kg: Oxygen, SBE 43 [umol/kg], WS = 2
# name 15 = sbeox1Mm/Kg: Oxygen, SBE 43, 2 [umol/kg], WS = 2
# name 16 = sal00: Salinity, Practical [PSU]
# name 17 = sal11: Salinity, Practical, 2 [PSU]
# name 18 = sigma-é00: Density [sigma-theta, kg/m^3]
# name 19 = sigma-é11: Density, 2 [sigma-theta, kg/m^3]
# name 20 = svCM: Sound Velocity [Chen-Millero, m/s]
# name 21 = svCM1: Sound Velocity, 2 [Chen-Millero, m/s]
# name 22 = nbin: number of scans per bin
# name 23 = flag: flag
# span 0 =       -620,     142725       
# span 1 =  71.841193,  71.910322       
# span 2 =      0.000,   2022.000       
# span 3 =      0.010,   2001.220       
# span 4 =     3.5311,    29.5218       
# span 5 =     3.5310,    29.5215       
# span 6 =   3.297545,   5.882431       
# span 7 =   3.297566,   5.882493       
# span 8 =     1.2820,     2.8297       
# span 9 =     1.4408,     3.2112       
# span 10 =   -0.09972,    0.07686      
# span 11 =   -0.09113,    0.06978      
# span 12 =     0.5129,     2.8038      
# span 13 =    86.2970,   102.6018      
# span 14 =    101.379,    235.775      
# span 15 =    101.400,    235.551      
# span 16 =    34.5203,    36.0400      
# span 17 =    34.5206,    36.0595      
# span 18 =    22.2118,    27.8197      
# span 19 =    22.2124,    27.8200      
# span 20 =    1483.13,    1545.18      
# span 21 =    1483.14,    1545.18      
# span 22 =         13,        175      
# span 23 = 0.0000e+00, 0.0000e+00      
# interval = decibars: 1                
# start_time = Mar 11 2016 20:11:45 [System UTC, header]
# bad_flag = -9.990e-29
*END*
[from data line 3382]
     102053  71.890709    660.000    655.335     5.7060     5.6977   3.397659   3.396966     1.4067     1.5831   -0.00057   -0.00017     0.5674   102.4974    137.494    137.715    34.5269    34.5275    27.2227    27.2242    1483.82    1483.79         35 0.0000e+00
     102077  71.890717    659.000    654.341     5.7130     5.7145   3.398297   3.398501     1.4066     1.5831    0.00011   -0.00013     0.5610   102.4974    137.441    137.638    34.5274    34.5282    27.2223    27.2227    1483.84    1483.84         21 0.0000e+00
     102096  71.890732    658.000    653.349     5.7194     5.7221   3.398861   3.399176     1.4066     1.5831    0.00038   -0.00032     0.5688   102.4974    137.401    137.595    34.5278    34.5286    27.2218    27.2221    1483.85    1483.86         17 0.0000e+00
     102113  71.890739    657.000    652.351     5.7259     5.7273   3.399443   3.399611     1.4066     1.5831   -0.00004   -0.00019     0.5581   102.4974    137.356    137.549    34.5282    34.5287    27.2213    27.2215    1483.86    1483.86         17 0.0000e+00
     102130  71.890747    656.000    651.356     5.7308     5.7329   3.399879   3.400172     1.4066     1.5836   -0.00003    0.00008     0.5589   102.4974    137.323    137.574    34.5287    34.5299    27.2210    27.2217    1483.86    1483.87         18 0.0000e+00
     102149  71.890755    655.000    650.368     5.7483     5.7512   3.401585   3.401958     1.4066     1.5835    0.00015    0.00015     0.5441   102.4974    137.242    137.476    34.5307    34.5319    27.2205    27.2211    1483.92    1483.93         20 0.0000e+00
     102170  71.890762    654.000    649.372     5.7632     5.7657   3.403045   3.403378     1.4062     1.5827   -0.00005   -0.00011     0.5587   102.4974    137.104    137.306    34.5325    34.5337    27.2201    27.2207    1483.96    1483.97         22 0.0000e+00
     102195  71.890778    653.000    648.382     5.7718     5.7734   3.403858   3.404066     1.4053     1.5821    0.00033   -0.00023     0.5606   102.4974    136.925    137.183    34.5334    34.5341    27.2197    27.2201    1483.98    1483.99         27 0.0000e+00
     102224  71.890793    652.000    647.393     5.7751     5.7758   3.404154   3.404262     1.4044     1.5809   -0.00050   -0.00033     0.5450   102.4974    136.754    137.002    34.5338    34.5343    27.2196    27.2199    1483.98    1483.98         32 0.0000e+00
     102260  71.890808    651.000    646.403     5.7772     5.7774   3.404323   3.404370     1.4041     1.5799   -0.00076   -0.00079     0.5605   102.4974    136.682    136.847    34.5341    34.5345    27.2195    27.2198    1483.97    1483.97         38 0.0000e+00
     102295  71.890823    650.000    645.419     5.7779     5.7781   3.404337   3.404398     1.4034     1.5794   -0.00086   -0.00051     0.5604   102.4974    136.567    136.756    34.5340    34.5345    27.2194    27.2198    1483.96    1483.96         31 0.0000e+00
     102321  71.890839    649.000    644.426     5.7791     5.7794   3.404413   3.404467     1.4039     1.5788   -0.00061   -0.00018     0.5626   102.4974    136.613    136.659    34.5341    34.5345    27.2193    27.2196    1483.94    1483.95         21 0.0000e+00
     102340  71.890846    648.000    643.433     5.7811     5.7816   3.404575   3.404651     1.4037     1.5788   -0.00032   -0.00040     0.5613   102.4974    136.562    136.628    34.5344    34.5348    27.2193    27.2196    1483.94    1483.94         19 0.0000e+00
     102358  71.890854    647.000    642.433     5.7819     5.7820   3.404600   3.404619     1.4035     1.5788   -0.00052   -0.00025     0.5395   102.4974    136.504    136.609    34.5344    34.5346    27.2192    27.2193    1483.92    1483.92         19 0.0000e+00
     102380  71.890862    646.000    641.437     5.7802     5.7802   3.404361   3.404380     1.4030     1.5788   -0.00045    0.00019     0.5677   102.4974    136.418    136.599    34.5340    34.5342    27.2191    27.2192    1483.90    1483.90         25 0.0000e+00
     102412  71.890884    645.000    640.454     5.7781     5.7784   3.404084   3.404132     1.4031     1.5788   -0.00007   -0.00025     0.5610   102.4897    136.427    136.588    34.5335    34.5337    27.2189    27.2191    1483.87    1483.87         39 0.0000e+00
     102448  71.890900    644.000    639.472     5.7763     5.7765   3.403849   3.403885     1.4040     1.5788   -0.00006   -0.00033     0.5594   102.4947    136.558    136.588    34.5331    34.5333    27.2188    27.2189    1483.85    1483.85         29 0.0000e+00
     102472  71.890907    643.000    638.480     5.7762     5.7763   3.403770   3.403818     1.4042     1.5800    0.00007    0.00015     0.5317   102.4810    136.561    136.722    34.5329    34.5332    27.2186    27.2189    1483.83    1483.83         19 0.0000e+00
     102490  71.890915    642.000    637.482     5.7758     5.7759   3.403689   3.403713     1.4042     1.5800    0.00013    0.00049     0.5551   102.4928    136.556    136.702    34.5328    34.5330    27.2186    27.2187    1483.81    1483.81         17 0.0000e+00
     102506  71.890930    641.000    636.487     5.7744     5.7744   3.403486   3.403519     1.4047     1.5800    0.00018    0.00059     0.5691   102.4892    136.609    136.691    34.5325    34.5328    27.2185    27.2188    1483.79    1483.79         17 0.0000e+00
     102524  71.890938    640.000    635.492     5.7737     5.7737   3.403384   3.403404     1.4054     1.5800    0.00053    0.00035     0.5621   102.4755    136.699    136.676    34.5325    34.5327    27.2186    27.2188    1483.77    1483.77         20 0.0000e+00
     102547  71.890945    639.000    634.498     5.7786     5.7785   3.403841   3.403877     1.4061     1.5804    0.00045    0.00014     0.5635   102.4802    136.775    136.691    34.5332    34.5336    27.2186    27.2189    1483.78    1483.78         26 0.0000e+00
     102577  71.890961    638.000    633.515     5.7825     5.7832   3.404194   3.404295     1.4061     1.5812    0.00022    0.00079     0.5625   102.4851    136.737    136.759    34.5337    34.5341    27.2184    27.2187    1483.78    1483.78         34 0.0000e+00
     102612  71.890976    637.000    632.523     5.7851     5.7855   3.404420   3.404483     1.4058     1.5803    0.00046    0.00046     0.5631   102.4874    136.674    136.616    34.5341    34.5344    27.2184    27.2186    1483.77    1483.77         36 0.0000e+00
     102648  71.890991    636.000    631.535     5.7867     5.7870   3.404550   3.404601     1.4051     1.5800    0.00006    0.00002     0.5583   102.4950    136.540    136.561    34.5344    34.5347    27.2185    27.2187    1483.76    1483.76         33 0.0000e+00
     102677  71.891006    635.000    630.546     5.7901     5.7919   3.404891   3.405106     1.4041     1.5800   -0.00079   -0.00036     0.5458   102.4895    136.367    136.518    34.5352    34.5358    27.2187    27.2190    1483.76    1483.77         25 0.0000e+00
     102698  71.891022    634.000    629.554     5.7969     5.7976   3.405507   3.405605     1.4042     1.5800   -0.00017   -0.00050     0.5550   102.4931    136.327    136.481    34.5359    34.5363    27.2183    27.2186    1483.77    1483.77         19 0.0000e+00
     102717  71.891029    633.000    628.557     5.7975     5.7981   3.405537   3.405619     1.4042     1.5800    0.00014   -0.00049     0.5549   102.4901    136.307    136.462    34.5360    34.5364    27.2184    27.2186    1483.76    1483.76         19 0.0000e+00
     102737  71.891037    632.000    627.558     5.7971     5.7973   3.405436   3.405483     1.4042     1.5800    0.00015   -0.00049     0.5567   102.4869    136.291    136.448    34.5358    34.5361    27.2183    27.2184    1483.74    1483.74         21 0.0000e+00
     102762  71.891052    631.000    626.571     5.7960     5.7961   3.405275   3.405294     1.4042     1.5800   -0.00015   -0.00027     0.5573   102.4888    136.278    136.435    34.5356    34.5357    27.2182    27.2182    1483.72    1483.72         29 0.0000e+00
     102792  71.891068    630.000    625.586     5.7970     5.7972   3.405311   3.405373     1.4042     1.5800   -0.00011   -0.00005     0.5530   102.4947    136.256    136.412    34.5355    34.5359    27.2180    27.2183    1483.70    1483.71         29 0.0000e+00
     102818  71.891075    629.000    624.596     5.7992     5.7996   3.405495   3.405563     1.4042     1.5800   -0.00005   -0.00003     0.5584   102.4975    136.231    136.387    34.5358    34.5361    27.2180    27.2182    1483.70    1483.70         25 0.0000e+00
     102841  71.891090    628.000    623.605     5.8016     5.8021   3.405681   3.405767     1.4042     1.5800   -0.00012   -0.00003     0.5391   102.4974    136.205    136.362    34.5360    34.5364    27.2178    27.2181    1483.69    1483.69         20 0.0000e+00
     102860  71.891098    627.000    622.607     5.8027     5.8031   3.405736   3.405807     1.4044     1.5808    0.00007    0.00010     0.5631   102.4974    136.223    136.448    34.5359    34.5363    27.2176    27.2178    1483.68    1483.68         19 0.0000e+00
     102881  71.891106    626.000    621.610     5.8052     5.8059   3.405969   3.406079     1.4047     1.5807    0.00012    0.00004     0.5649   102.4974    136.244    136.400    34.5365    34.5370    27.2177    27.2180    1483.67    1483.68         23 0.0000e+00
     102909  71.891121    625.000    620.620     5.8137     5.8152   3.406787   3.406960     1.4042     1.5800    0.00049    0.00017     0.5431   102.4951    136.113    136.268    34.5376    34.5381    27.2175    27.2177    1483.69    1483.70         36 0.0000e+00
     102950  71.891144    624.000    619.639     5.8303     5.8261   3.408525   3.408183     1.4031     1.5799   -0.00035   -0.00006     0.5321   102.4809    135.875    136.195    34.5408    34.5412    27.2180    27.2188    1483.74    1483.73         39 0.0000e+00
     102980  71.891159    623.000    618.650     5.8878     5.8984   3.414436   3.415614     1.4010     1.5787   -0.00024   -0.00036     0.5583   102.4931    135.338    135.747    34.5494    34.5519    27.2176    27.2183    1483.97    1484.01         24 0.0000e+00
     103002  71.891167    622.000    617.651     5.9482     5.9533   3.420179   3.420821     1.3967     1.5751   -0.00006   -0.00069     0.5377   102.4961    134.454    135.074    34.5532    34.5552    27.2131    27.2140    1484.20    1484.22         21 0.0000e+00
     103024  71.891174    621.000    616.657     5.9735     5.9781   3.422670   3.423212     1.3919     1.5706   -0.00029   -0.00088     0.5479   102.4898    133.627    134.382    34.5560    34.5574    27.2121    27.2126    1484.29    1484.31         22 0.0000e+00
     103046  71.891190    620.000    615.669     6.0067     6.0098   3.425965   3.426426     1.3868     1.5656   -0.00198   -0.00282     0.5610   102.4926    132.727    133.602    34.5598    34.5618    27.2109    27.2121    1484.41    1484.42         23 0.0000e+00
     103068  71.891197    619.000    614.682     6.0366     6.0390   3.428807   3.429082     1.3828     1.5605   -0.00409   -0.00480     0.5666   102.4834    132.013    132.830    34.5619    34.5626    27.2088    27.2090    1484.51    1484.52         20 0.0000e+00
     103087  71.891205    618.000    613.686     6.0486     6.0509   3.429873   3.430147     1.3799     1.5565   -0.00510   -0.00538     0.5645   102.4724    131.531    132.262    34.5621    34.5628    27.2074    27.2077    1484.54    1484.55         19 0.0000e+00
     103106  71.891212    617.000    612.689     6.0530     6.0542   3.430179   3.430344     1.3784     1.5537   -0.00539   -0.00541     0.5635   102.4725    131.263    131.874    34.5616    34.5622    27.2065    27.2068    1484.54    1484.55         20 0.0000e+00
     103128  71.891228    616.000    611.693     6.0548     6.0554   3.430296   3.430385     1.3772     1.5517   -0.00549   -0.00450     0.5678   102.4814    131.075    131.589    34.5616    34.5620    27.2062    27.2064    1484.53    1484.54         25 0.0000e+00
     103162  71.891243    615.000    610.709     6.0561     6.0519   3.430361   3.429976     1.3767     1.5497   -0.00396   -0.00258     0.5609   102.4801    130.965    131.334    34.5615    34.5614    27.2060    27.2064    1484.52    1484.50         43 0.0000e+00
     103202  71.891258    614.000    609.727     6.0617     6.0574   3.430870   3.430496     1.3756     1.5482   -0.00194   -0.00085     0.5513   102.4735    130.766    131.102    34.5620    34.5621    27.2056    27.2063    1484.53    1484.51         30 0.0000e+00
     103225  71.891273    613.000    608.735     6.0720     6.0727   3.431898   3.432034     1.3750     1.5478   -0.00116   -0.00020     0.5513   102.4697    130.634    130.981    34.5636    34.5644    27.2056    27.2061    1484.55    1484.56         20 0.0000e+00
     103243  71.891281    612.000    607.734     6.0903     6.0937   3.433610   3.433990     1.3743     1.5469   -0.00101   -0.00054     0.5580   102.4697    130.453    130.781    34.5647    34.5655    27.2041    27.2043    1484.61    1484.63         17 0.0000e+00
     103261  71.891289    611.000    606.740     6.1009     6.1031   3.434612   3.434892     1.3728     1.5461   -0.00075   -0.00081     0.5332   102.4697    130.177    130.624    34.5657    34.5666    27.2036    27.2040    1484.64    1484.65         20 0.0000e+00
     103283  71.891304    610.000    605.746     6.1092     6.1106   3.435408   3.435595     1.3709     1.5443   -0.00056   -0.00059     0.5606   102.4697    129.847    130.352    34.5667    34.5673    27.2033    27.2036    1484.66    1484.66         25 0.0000e+00
     103314  71.891319    609.000    604.758     6.1123     6.1160   3.435672   3.436087     1.3686     1.5414   -0.00114   -0.00145     0.5546   102.4697    129.478    129.937    34.5670    34.5679    27.2031    27.2034    1484.65    1484.67         37 0.0000e+00
     103350  71.891335    608.000    603.775     6.1345     6.1347   3.437918   3.437993     1.3664     1.5386   -0.00199   -0.00198     0.5637   102.4697    129.058    129.499    34.5701    34.5707    27.2027    27.2032    1484.73    1484.73         31 0.0000e+00
     103377  71.891350    607.000    602.787     6.1616     6.1637   3.440507   3.440786     1.3640     1.5357   -0.00233   -0.00173     0.5622   102.4697    128.581    129.012    34.5721    34.5731    27.2008    27.2013    1484.82    1484.83         23 0.0000e+00
     103397  71.891357    606.000    601.783     6.1708     6.1739   3.441315   3.441684     1.3617     1.5333   -0.00181   -0.00140     0.5391   102.4697    128.192    128.653    34.5724    34.5733    27.1999    27.2002    1484.84    1484.85         20 0.0000e+00
     103417  71.891365    605.000    600.793     6.1755     6.1766   3.441768   3.441917     1.3599     1.5314   -0.00199   -0.00171     0.5585   102.4711    127.901    128.381    34.5731    34.5736    27.1998    27.2001    1484.84    1484.85         20 0.0000e+00
     103438  71.891373    604.000    599.802     6.1825     6.1846   3.442456   3.442725     1.3583     1.5294   -0.00270   -0.00231     0.5610   102.4620    127.613    128.091    34.5742    34.5751    27.1998    27.2003    1484.86    1484.87         21 0.0000e+00
     103459  71.891388    603.000    598.809     6.2030     6.2054   3.444423   3.444724     1.3557     1.5272   -0.00268   -0.00253     0.5644   102.4646    127.156    127.723    34.5759    34.5769    27.1985    27.1989    1484.92    1484.93         22 0.0000e+00
     103482  71.891396    602.000    597.820     6.2216     6.2248   3.446192   3.446598     1.3528     1.5245   -0.00238   -0.00214     0.5675   102.4673    126.642    127.297    34.5774    34.5786    27.1972    27.1978    1484.98    1485.00         23 0.0000e+00
