data/fr26/fr26001.cnv
* Sea-Bird SBE 9 Data File:
* FileName = C:\SEASOFT\PIRATA-FR26\data\fr26001.hex
* Software Version Seasave V 7.23.2
* Temperature SN = 6083
* Conductivity SN = 4509
* Number of Bytes Per Scan = 34
* Number of Voltage Words = 3
* Number of Scans Averaged by the Deck Unit = 1
* NMEA Latitude = 11 27.90 N
* NMEA Longitude = 023 00.01 W
* NMEA UTC (Time) = Mar 09 2016  17:28:55
** Cruise: PIRATA-FR26
** Ship: THALASSA
** Station: 1
** Bottom Depth: 5116
** Pressure frequency switch pos 2:
** Operator: PR-YG-JG
** Comments:
# nquan = 24
# nvalues = 4042                        
# units = specified
# name 0 = scan: Scan Count
# name 1 = timeJ: Julian Days
# name 2 = prDM: Pressure, Digiquartz [db]
# name 3 = depSM: Depth [salt water, m]
# name 4 = t090C: Temperature [ITS-90, deg C]
# name 5 = t190C: Temperature, 2 [ITS-90, deg C]
# name 6 = c0S/m: Conductivity [S/m]
# name 7 = c1S/m: Conductivity, 2 [S/m]
# name 8 = sbeox0V: Oxygen raw, SBE 43 [V]
# name 9 = sbeox1V: Oxygen raw, SBE 43, 2 [V]
# name 10 = sbeox1dOV/dT: Oxygen, SBE 43, 2 [dov/dt]
# name 11 = sbeox0dOV/dT: Oxygen, SBE 43 [dov/dt]
# name 12 = flECO-AFL: Fluorescence, WET Labs ECO-AFL/FL [mg/m^3]
# name 13 = CStarTr0: Beam Transmission, WET Labs C-Star [%]
# name 14 = sbeox0Mm/Kg: Oxygen, SBE 43 [umol/kg], WS = 2
# name 15 = sbeox1Mm/Kg: Oxygen, SBE 43, 2 [umol/kg], WS = 2
# name 16 = sal00: Salinity, Practical [PSU]
# name 17 = sal11: Salinity, Practical, 2 [PSU]
# name 18 = sigma-é00: Density [sigma-theta, kg/m^3]
# name 19 = sigma-é11: Density, 2 [sigma-theta, kg/m^3]
# name 20 = svCM: Sound Velocity [Chen-Millero, m/s]
# name 21 = svCM1: Sound Velocity, 2 [Chen-Millero, m/s]
# name 22 = nbin: number of scans per bin
# name 23 = flag: flag
# span 0 =       -120,     112471       
# span 1 =  69.728357,  69.782653       
# span 2 =      2.000,   2023.000       
# span 3 =      1.988,   2001.795       
# span 4 =     3.5045,    24.7310       
# span 5 =     3.5048,    24.7305       
# span 6 =   3.295349,   5.383031       
# span 7 =   3.295387,   5.383042       
# span 8 =     0.7863,     2.6805       
# span 9 =     0.8624,     3.0820       
# span 10 =   -0.11891,    0.32603      
# span 11 =   -0.10616,    0.31715      
# span 12 =     0.5175,     2.4359      
# span 13 =    73.4551,   102.6657      
# span 14 =     37.644,    223.784      
# span 15 =     37.818,    223.785      
# span 16 =    34.8032,    36.7552      
# span 17 =    34.8043,    36.1729      
# span 18 =    24.0065,    27.8238      
# span 19 =    24.0066,    27.8240      
# span 20 =    1489.17,    1534.94      
# span 21 =    1489.13,    1534.94      
# span 22 =         11,        131      
# span 23 = 0.0000e+00, 0.0000e+00      
# interval = decibars: 1                
# start_time = Mar 09 2016 17:28:55 [System UTC, header]
# bad_flag = -9.990e-29
*END*
[from data line 1268]
      35657  69.745613   1270.000   1258.908     4.7743     4.7745   3.376640   3.376687     1.5053     1.6911    0.00083    0.00084     0.5437   102.5805    168.501    167.852    34.9458    34.9462    27.6705    27.6708    1490.69    1490.69         21 0.0000e+00
      35676  69.745621   1271.000   1259.904     4.7712     4.7713   3.376403   3.376438     1.5060     1.6918    0.00095    0.00072     0.5437   102.5805    168.648    167.982    34.9458    34.9460    27.6708    27.6710    1490.69    1490.70         17 0.0000e+00
      35692  69.745628   1272.000   1260.891     4.7700     4.7701   3.376339   3.376384     1.5063     1.6921    0.00084    0.00067     0.5437   102.5805    168.732    168.061    34.9458    34.9462    27.6710    27.6713    1490.71    1490.71         16 0.0000e+00
      35708  69.745636   1273.000   1261.881     4.7694     4.7694   3.376327   3.376358     1.5067     1.6923    0.00033    0.00038     0.5418   102.5771    168.820    168.108    34.9458    34.9462    27.6711    27.6714    1490.72    1490.72         16 0.0000e+00
      35725  69.745644   1274.000   1262.877     4.7668     4.7668   3.376119   3.376155     1.5069     1.6922    0.00028    0.00035     0.5594   102.5788    168.879    168.132    34.9456    34.9460    27.6712    27.6716    1490.73    1490.73         17 0.0000e+00
      35744  69.745651   1275.000   1263.869     4.7616     4.7617   3.375659   3.375710     1.5073     1.6923    0.00065    0.00067     0.5532   102.5735    169.005    168.187    34.9453    34.9457    27.6715    27.6719    1490.72    1490.72         23 0.0000e+00
      35779  69.745667   1276.000   1264.850     4.7559     4.7560   3.375174   3.375209     1.5086     1.6938    0.00018    0.00044     0.5481   102.5726    169.264    168.448    34.9451    34.9454    27.6720    27.6723    1490.71    1490.72         49 0.0000e+00
      35826  69.745689   1277.000   1265.829     4.7543     4.7544   3.375067   3.375110     1.5099     1.6956    0.00074    0.00086     0.5434   102.5810    169.514    168.740    34.9450    34.9454    27.6722    27.6725    1490.72    1490.73         36 0.0000e+00
      35853  69.745705   1278.000   1266.815     4.7520     4.7520   3.374902   3.374949     1.5104     1.6964    0.00096    0.00073     0.5437   102.5805    169.626    168.893    34.9451    34.9455    27.6725    27.6728    1490.73    1490.73         22 0.0000e+00
      35872  69.745712   1279.000   1267.804     4.7486     4.7487   3.374667   3.374697     1.5104     1.6971    0.00097    0.00061     0.5437   102.5805    169.662    169.031    34.9454    34.9456    27.6731    27.6733    1490.73    1490.74         17 0.0000e+00
      35889  69.745720   1280.000   1268.802     4.7463     4.7463   3.374553   3.374589     1.5107     1.6972    0.00097    0.00069     0.5437   102.5805    169.755    169.073    34.9459    34.9463    27.6739    27.6742    1490.74    1490.74         17 0.0000e+00
      35907  69.745728   1281.000   1269.792     4.7424     4.7425   3.374252   3.374293     1.5110     1.6972    0.00084    0.00053     0.5437   102.5805    169.836    169.112    34.9460    34.9464    27.6744    27.6746    1490.74    1490.74         18 0.0000e+00
      35926  69.745743   1282.000   1270.779     4.7384     4.7385   3.373927   3.373959     1.5119     1.6978    0.00070    0.00012     0.5437   102.5805    170.036    169.236    34.9460    34.9462    27.6748    27.6749    1490.74    1490.74         21 0.0000e+00
      35947  69.745750   1283.000   1271.766     4.7375     4.7375   3.373885   3.373926     1.5129     1.6987    0.00038    0.00024     0.5437   102.5805    170.217    169.394    34.9459    34.9464    27.6749    27.6752    1490.76    1490.76         22 0.0000e+00
      35971  69.745758   1284.000   1272.757     4.7370     4.7370   3.373884   3.373927     1.5138     1.6997    0.00017    0.00063     0.5437   102.5805    170.396    169.568    34.9460    34.9464    27.6749    27.6753    1490.77    1490.77         25 0.0000e+00
      36000  69.745773   1285.000   1273.741     4.7367     4.7368   3.373902   3.373940     1.5146     1.7010    0.00091    0.00109     0.5415   102.5805    170.553    169.774    34.9460    34.9463    27.6750    27.6753    1490.79    1490.79         32 0.0000e+00
      36030  69.745789   1286.000   1274.724     4.7365     4.7366   3.373924   3.373975     1.5153     1.7021    0.00100    0.00090     0.5648   102.5805    170.696    169.955    34.9460    34.9465    27.6750    27.6754    1490.80    1490.80         27 0.0000e+00
      36054  69.745804   1287.000   1275.718     4.7354     4.7354   3.373863   3.373913     1.5154     1.7029    0.00105    0.00069     0.5438   102.5805    170.745    170.098    34.9459    34.9464    27.6751    27.6755    1490.81    1490.82         23 0.0000e+00
      36078  69.745811   1288.000   1276.712     4.7328     4.7329   3.373657   3.373699     1.5160     1.7032    0.00095    0.00065     0.5395   102.5805    170.873    170.186    34.9458    34.9461    27.6753    27.6755    1490.82    1490.82         28 0.0000e+00
      36113  69.745827   1289.000   1277.692     4.7294     4.7296   3.373414   3.373456     1.5164     1.7042    0.00074    0.00024     0.5516   102.5805    170.980    170.365    34.9460    34.9463    27.6758    27.6761    1490.82    1490.82         39 0.0000e+00
      36146  69.745850   1290.000   1278.671     4.7252     4.7250   3.373085   3.373113     1.5166     1.7045    0.00033    0.00049     0.5460   102.5805    171.055    170.454    34.9461    34.9466    27.6764    27.6768    1490.82    1490.82         24 0.0000e+00
      36166  69.745857   1291.000   1279.662     4.7172     4.7173   3.372433   3.372448     1.5169     1.7047    0.00072    0.00036     0.5385   102.5805    171.164    170.530    34.9464    34.9464    27.6776    27.6776    1490.81    1490.81         18 0.0000e+00
      36182  69.745865   1292.000   1280.657     4.7101     4.7103   3.371808   3.371859     1.5171     1.7055    0.00075    0.00023     0.5416   102.5805    171.259    170.705    34.9461    34.9465    27.6781    27.6784    1490.79    1490.80         15 0.0000e+00
      36197  69.745872   1293.000   1281.647     4.7072     4.7073   3.371573   3.371606     1.5176     1.7057    0.00023    0.00010     0.5416   102.5805    171.378    170.778    34.9459    34.9462    27.6783    27.6785    1490.80    1490.80         15 0.0000e+00
      36214  69.745880   1294.000   1282.643     4.7038     4.7038   3.371301   3.371345     1.5178     1.7059    0.00007    0.00020     0.5437   102.5805    171.452    170.846    34.9458    34.9462    27.6786    27.6789    1490.80    1490.80         18 0.0000e+00
      36234  69.745888   1295.000   1283.631     4.7030     4.7031   3.371319   3.371362     1.5188     1.7066    0.00052    0.00039     0.5437   102.5805    171.630    170.963    34.9463    34.9467    27.6791    27.6794    1490.82    1490.82         23 0.0000e+00
      36261  69.745903   1296.000   1284.611     4.7009     4.7010   3.371178   3.371210     1.5195     1.7076    0.00060    0.00053     0.5437   102.5805    171.796    171.140    34.9464    34.9467    27.6794    27.6796    1490.82    1490.82         32 0.0000e+00
      36295  69.745918   1297.000   1285.600     4.6975     4.6976   3.370898   3.370951     1.5210     1.7087    0.00064    0.00077     0.5474   102.5796    172.077    171.338    34.9463    34.9467    27.6797    27.6800    1490.83    1490.83         33 0.0000e+00
      36324  69.745934   1298.000   1286.578     4.6898     4.6900   3.370247   3.370286     1.5215     1.7094    0.00092    0.00082     0.5541   102.5504    172.220    171.505    34.9463    34.9464    27.6806    27.6807    1490.81    1490.81         24 0.0000e+00
      36344  69.745941   1299.000   1287.571     4.6840     4.6842   3.369781   3.369809     1.5221     1.7099    0.00075    0.00107     0.5420   102.5793    172.378    171.616    34.9464    34.9466    27.6813    27.6814    1490.80    1490.80         19 0.0000e+00
      36362  69.745949   1300.000   1288.564     4.6793     4.6793   3.369417   3.369453     1.5227     1.7109    0.00083    0.00086     0.5419   102.5805    172.520    171.812    34.9466    34.9469    27.6820    27.6823    1490.80    1490.80         17 0.0000e+00
      36381  69.745956   1301.000   1289.561     4.6773     4.6774   3.369281   3.369330     1.5237     1.7122    0.00061    0.00048     0.5422   102.5805    172.711    172.027    34.9466    34.9471    27.6822    27.6826    1490.81    1490.81         21 0.0000e+00
      36409  69.745972   1302.000   1290.544     4.6750     4.6752   3.369119   3.369157     1.5247     1.7140    0.00080    0.00069     0.5589   102.5688    172.925    172.333    34.9466    34.9469    27.6825    27.6827    1490.82    1490.82         37 0.0000e+00
      36445  69.745987   1303.000   1291.521     4.6727     4.6728   3.368953   3.368994     1.5266     1.7160    0.00160    0.00096     0.5407   102.5721    173.277    172.653    34.9467    34.9470    27.6828    27.6831    1490.82    1490.83         29 0.0000e+00
      36470  69.746002   1304.000   1292.515     4.6683     4.6684   3.368608   3.368636     1.5274     1.7167    0.00158    0.00108     0.5571   102.5805    173.454    172.800    34.9467    34.9469    27.6834    27.6835    1490.82    1490.82         25 0.0000e+00
      36495  69.746010   1305.000   1293.507     4.6670     4.6670   3.368530   3.368571     1.5281     1.7178    0.00136    0.00123     0.5438   102.5805    173.596    172.990    34.9467    34.9471    27.6835    27.6838    1490.83    1490.84         25 0.0000e+00
      36521  69.746025   1306.000   1294.488     4.6666     4.6667   3.368553   3.368587     1.5288     1.7189    0.00095    0.00094     0.5437   102.5805    173.740    173.172    34.9469    34.9472    27.6837    27.6839    1490.85    1490.85         26 0.0000e+00
      36544  69.746040   1307.000   1295.469     4.6665     4.6666   3.368590   3.368630     1.5289     1.7192    0.00075    0.00064     0.5437   102.5805    173.775    173.232    34.9470    34.9473    27.6838    27.6840    1490.87    1490.87         20 0.0000e+00
      36562  69.746048   1308.000   1296.466     4.6654     4.6654   3.368544   3.368594     1.5290     1.7192    0.00105    0.00078     0.5437   102.5805    173.823    173.258    34.9471    34.9477    27.6840    27.6845    1490.88    1490.88         16 0.0000e+00
      36578  69.746056   1309.000   1297.458     4.6659     4.6660   3.368683   3.368730     1.5292     1.7192    0.00104    0.00068     0.5437   102.5805    173.868    173.277    34.9477    34.9481    27.6845    27.6848    1490.90    1490.90         16 0.0000e+00
      36594  69.746063   1310.000   1298.453     4.6606     4.6607   3.368230   3.368263     1.5290     1.7192    0.00066    0.00018     0.5437   102.5805    173.895    173.325    34.9475    34.9478    27.6849    27.6851    1490.89    1490.89         18 0.0000e+00
      36620  69.746071   1311.000   1299.444     4.6557     4.6558   3.367832   3.367864     1.5296     1.7192    0.00010    0.00017     0.5437   102.5805    174.041    173.369    34.9474    34.9477    27.6854    27.6856    1490.89    1490.89         37 0.0000e+00
      36663  69.746094   1312.000   1300.410     4.6545     4.6547   3.367813   3.367849     1.5310     1.7203    0.00003    0.00012     0.5437   102.5805    174.299    173.570    34.9480    34.9482    27.6860    27.6861    1490.90    1490.90         37 0.0000e+00
      36689  69.746109   1313.000   1301.404     4.6510     4.6511   3.367572   3.367613     1.5311     1.7211    0.00035    0.00064     0.5437   102.5805    174.353    173.715    34.9484    34.9487    27.6867    27.6869    1490.90    1490.90         22 0.0000e+00
      36709  69.746117   1314.000   1302.392     4.6468     4.6469   3.367225   3.367257     1.5312     1.7216    0.00061    0.00081     0.5656   102.5805    174.416    173.837    34.9482    34.9485    27.6871    27.6873    1490.90    1490.90         18 0.0000e+00
      36726  69.746124   1315.000   1303.383     4.6443     4.6444   3.367034   3.367059     1.5316     1.7221    0.00049    0.00073     0.5414   102.5805    174.525    173.934    34.9481    34.9483    27.6872    27.6874    1490.91    1490.91         17 0.0000e+00
      36744  69.746132   1316.000   1304.378     4.6410     4.6411   3.366762   3.366794     1.5320     1.7228    0.00059    0.00019     0.5372   102.5805    174.618    174.077    34.9479    34.9482    27.6875    27.6877    1490.91    1490.91         19 0.0000e+00
      36765  69.746147   1317.000   1305.370     4.6382     4.6383   3.366591   3.366626     1.5324     1.7230    0.00076    0.00011     0.5564   102.5805    174.724    174.142    34.9484    34.9487    27.6881    27.6884    1490.92    1490.92         25 0.0000e+00
      36794  69.746155   1318.000   1306.349     4.6353     4.6355   3.366403   3.366444     1.5335     1.7239    0.00068    0.00048     0.5469   102.5805    174.946    174.305    34.9488    34.9490    27.6888    27.6889    1490.92    1490.92         31 0.0000e+00
      36823  69.746170   1319.000   1307.333     4.6283     4.6284   3.365811   3.365850     1.5343     1.7247    0.00046    0.00053     0.5436   102.5805    175.135    174.486    34.9487    34.9491    27.6895    27.6898    1490.91    1490.91         25 0.0000e+00
      36846  69.746185   1320.000   1308.325     4.6233     4.6234   3.365406   3.365456     1.5353     1.7256    0.00065    0.00081     0.5437   102.5805    175.355    174.666    34.9488    34.9492    27.6901    27.6905    1490.91    1490.91         22 0.0000e+00
      36868  69.746193   1321.000   1309.314     4.6199     4.6199   3.365143   3.365178     1.5362     1.7265    0.00068    0.00064     0.5437   102.5805    175.541    174.833    34.9488    34.9492    27.6905    27.6908    1490.91    1490.91         23 0.0000e+00
      36892  69.746208   1322.000   1310.302     4.6186     4.6187   3.365072   3.365120     1.5370     1.7274    0.00088    0.00094     0.5424   102.5805    175.717    174.997    34.9488    34.9493    27.6907    27.6910    1490.92    1490.92         26 0.0000e+00
      36918  69.746216   1323.000   1311.288     4.6178     4.6179   3.365049   3.365080     1.5378     1.7283    0.00096    0.00097     0.5398   102.5805    175.873    175.150    34.9489    34.9491    27.6909    27.6910    1490.93    1490.94         24 0.0000e+00
      36941  69.746231   1324.000   1312.277     4.6164     4.6165   3.364961   3.365006     1.5384     1.7290    0.00087    0.00096     0.5437   102.5805    175.997    175.283    34.9488    34.9492    27.6910    27.6913    1490.95    1490.95         23 0.0000e+00
      36964  69.746239   1325.000   1313.269     4.6121     4.6122   3.364604   3.364634     1.5385     1.7292    0.00090    0.00079     0.5474   102.5805    176.064    175.362    34.9487    34.9489    27.6913    27.6915    1490.94    1490.94         24 0.0000e+00
      36991  69.746254   1326.000   1314.258     4.6062     4.6063   3.364098   3.364130     1.5392     1.7303    0.00076    0.00058     0.5566   102.5805    176.230    175.571    34.9485    34.9488    27.6919    27.6921    1490.94    1490.94         31 0.0000e+00
      37025  69.746269   1327.000   1315.235     4.5962     4.5964   3.363225   3.363262     1.5409     1.7319    0.00046    0.00032     0.5431   102.5805    176.589    175.877    34.9483    34.9485    27.6928    27.6929    1490.91    1490.91         32 0.0000e+00
      37050  69.746284   1328.000   1316.220     4.5914     4.5914   3.362827   3.362867     1.5426     1.7328    0.00084    0.00051     0.5437   102.5805    176.930    176.049    34.9482    34.9487    27.6932    27.6936    1490.91    1490.91         20 0.0000e+00
      37068  69.746292   1329.000   1317.213     4.5896     4.5896   3.362721   3.362749     1.5434     1.7339    0.00098    0.00107     0.5437   102.5805    177.084    176.245    34.9483    34.9487    27.6936    27.6939    1490.92    1490.92         16 0.0000e+00
