data/fr26/fr26001.cnv
* Sea-Bird SBE 9 Data File:
* FileName = C:\SEASOFT\PIRATA-FR26\data\fr26001.hex
* Software Version Seasave V 7.23.2
* Temperature SN = 6083
* Conductivity SN = 4509
* Number of Bytes Per Scan = 34
* Number of Voltage Words = 3
* Number of Scans Averaged by the Deck Unit = 1
* NMEA Latitude = 11 27.90 N
* NMEA Longitude = 023 00.01 W
* NMEA UTC (Time) = Mar 09 2016  17:28:55
** Cruise: PIRATA-FR26
** Ship: THALASSA
** Station: 1
** Bottom Depth: 5116
** Pressure frequency switch pos 2:
** Operator: PR-YG-JG
** Comments:
# nquan = 24
# nvalues = 4042                        
# units = specified
# name 0 = scan: Scan Count
# name 1 = timeJ: Julian Days
# name 2 = prDM: Pressure, Digiquartz [db]
# name 3 = depSM: Depth [salt water, m]
# name 4 = t090C: Temperature [ITS-90, deg C]
# name 5 = t190C: Temperature, 2 [ITS-90, deg C]
# name 6 = c0S/m: Conductivity [S/m]
# name 7 = c1S/m: Conductivity, 2 [S/m]
# name 8 = sbeox0V: Oxygen raw, SBE 43 [V]
# name 9 = sbeox1V: Oxygen raw, SBE 43, 2 [V]
# name 10 = sbeox1dOV/dT: Oxygen, SBE 43, 2 [dov/dt]
# name 11 = sbeox0dOV/dT: Oxygen, SBE 43 [dov/dt]
# name 12 = flECO-AFL: Fluorescence, WET Labs ECO-AFL/FL [mg/m^3]
# name 13 = CStarTr0: Beam Transmission, WET Labs C-Star [%]
# name 14 = sbeox0Mm/Kg: Oxygen, SBE 43 [umol/kg], WS = 2
# name 15 = sbeox1Mm/Kg: Oxygen, SBE 43, 2 [umol/kg], WS = 2
# name 16 = sal00: Salinity, Practical [PSU]
# name 17 = sal11: Salinity, Practical, 2 [PSU]
# name 18 = sigma-é00: Density [sigma-theta, kg/m^3]
# name 19 = sigma-é11: Density, 2 [sigma-theta, kg/m^3]
# name 20 = svCM: Sound Velocity [Chen-Millero, m/s]
# name 21 = svCM1: Sound Velocity, 2 [Chen-Millero, m/s]
# name 22 = nbin: number of scans per bin
# name 23 = flag: flag
# span 0 =       -120,     112471       
# span 1 =  69.728357,  69.782653       
# span 2 =      2.000,   2023.000       
# span 3 =      1.988,   2001.795       
# span 4 =     3.5045,    24.7310       
# span 5 =     3.5048,    24.7305       
# span 6 =   3.295349,   5.383031       
# span 7 =   3.295387,   5.383042       
# span 8 =     0.7863,     2.6805       
# span 9 =     0.8624,     3.0820       
# span 10 =   -0.11891,    0.32603      
# span 11 =   -0.10616,    0.31715      
# span 12 =     0.5175,     2.4359      
# span 13 =    73.4551,   102.6657      
# span 14 =     37.644,    223.784      
# span 15 =     37.818,    223.785      
# span 16 =    34.8032,    36.7552      
# span 17 =    34.8043,    36.1729      
# span 18 =    24.0065,    27.8238      
# span 19 =    24.0066,    27.8240      
# span 20 =    1489.17,    1534.94      
# span 21 =    1489.13,    1534.94      
# span 22 =         11,        131      
# span 23 = 0.0000e+00, 0.0000e+00      
# interval = decibars: 1                
# start_time = Mar 09 2016 17:28:55 [System UTC, header]
# bad_flag = -9.990e-29
*END*
[from data line 2053]
      59185  69.756958   1991.000   1970.280     3.5373     3.5370   3.297187   3.297180     1.6716     1.8890    0.00009   -0.00009     0.5437   102.6338    222.972    223.210    34.9644    34.9646    27.8208    27.8211    1497.63    1497.62         24 0.0000e+00
      59205  69.756966   1990.000   1969.288     3.5394     3.5379   3.297311   3.297232     1.6716     1.8891    0.00004   -0.00002     0.5437   102.6359    222.934    223.189    34.9641    34.9647    27.8204    27.8210    1497.62    1497.61         19 0.0000e+00
      59223  69.756973   1989.000   1968.298     3.5420     3.5426   3.297503   3.297560     1.6716     1.8896    0.00004    0.00007     0.5640   102.6359    222.886    223.222    34.9641    34.9641    27.8202    27.8201    1497.61    1497.61         18 0.0000e+00
      59243  69.756981   1988.000   1967.308     3.5428     3.5428   3.297506   3.297528     1.6716     1.8893    0.00000    0.00001     0.5387   102.6359    222.853    223.135    34.9638    34.9640    27.8198    27.8200    1497.60    1497.60         22 0.0000e+00
      59273  69.756996   1987.000   1966.326     3.5418     3.5420   3.297395   3.297425     1.6716     1.8892    0.00025   -0.00002     0.5392   102.6359    222.830    223.099    34.9640    34.9641    27.8200    27.8201    1497.58    1497.58         42 0.0000e+00
      59311  69.757019   1986.000   1965.361     3.5416     3.5412   3.297335   3.297324     1.6716     1.8892   -0.00015    0.00005     0.5609   102.6300    222.799    223.070    34.9640    34.9643    27.8201    27.8204    1497.56    1497.56         25 0.0000e+00
      59331  69.757027   1985.000   1964.364     3.5438     3.5435   3.297491   3.297501     1.6716     1.8899   -0.00012   -0.00003     0.5402   102.6313    222.761    223.145    34.9640    34.9644    27.8199    27.8202    1497.55    1497.55         18 0.0000e+00
      59349  69.757034   1984.000   1963.365     3.5452     3.5462   3.297572   3.297679     1.6716     1.8900   -0.00000   -0.00008     0.5357   102.6215    222.722    223.110    34.9640    34.9642    27.8197    27.8197    1497.54    1497.54         19 0.0000e+00
      59379  69.757050   1983.000   1962.385     3.5465     3.5462   3.297664   3.297640     1.6712     1.8901    0.00028    0.00009     0.5486   102.6110    222.619    223.101    34.9641    34.9642    27.8197    27.8198    1497.53    1497.53         48 0.0000e+00
      59422  69.757072   1982.000   1961.427     3.5480     3.5451   3.297817   3.297520     1.6714     1.8901    0.00014   -0.00032     0.5331   102.6297    222.621    223.080    34.9648    34.9643    27.8201    27.8200    1497.52    1497.51         24 0.0000e+00
      59439  69.757080   1981.000   1960.431     3.5545     3.5490   3.298356   3.297871     1.6716     1.8901   -0.00006   -0.00007     0.5341   102.6116    222.576    223.026    34.9648    34.9649    27.8194    27.8200    1497.53    1497.51         16 0.0000e+00
      59453  69.757088   1980.000   1959.430     3.5608     3.5596   3.298927   3.298859     1.6718     1.8901   -0.00027    0.00016     0.5371   102.6180    222.557    222.928    34.9654    34.9659    27.8193    27.8198    1497.54    1497.54         14 0.0000e+00
      59469  69.757095   1979.000   1958.435     3.5629     3.5625   3.299085   3.299064     1.6718     1.8901    0.00007    0.00000     0.5568   102.6265    222.517    222.881    34.9656    34.9657    27.8192    27.8194    1497.53    1497.53         18 0.0000e+00
      59506  69.757111   1978.000   1957.459     3.5614     3.5618   3.298907   3.298964     1.6725     1.8901    0.00012    0.00024     0.5453   102.6246    222.619    222.859    34.9655    34.9658    27.8193    27.8195    1497.51    1497.51         53 0.0000e+00
      59554  69.757133   1977.000   1956.496     3.5615     3.5618   3.298875   3.298920     1.6727     1.8908    0.00004    0.00033     0.5559   102.6143    222.628    222.945    34.9655    34.9657    27.8193    27.8194    1497.49    1497.50         21 0.0000e+00
      59571  69.757141   1976.000   1955.497     3.5631     3.5622   3.298978   3.298914     1.6729     1.8913    0.00020    0.00026     0.5360   102.6081    222.638    222.998    34.9655    34.9657    27.8191    27.8194    1497.48    1497.48         17 0.0000e+00
      59588  69.757149   1975.000   1954.508     3.5637     3.5632   3.298960   3.298931     1.6732     1.8913    0.00023    0.00027     0.5656   102.6082    222.667    222.961    34.9652    34.9654    27.8188    27.8190    1497.47    1497.47         18 0.0000e+00
      59607  69.757156   1974.000   1953.517     3.5647     3.5646   3.298990   3.299005     1.6730     1.8913    0.00034    0.00008     0.5472   102.6111    222.580    222.923    34.9649    34.9652    27.8185    27.8187    1497.46    1497.46         19 0.0000e+00
      59630  69.757172   1973.000   1952.532     3.5649     3.5648   3.298955   3.298975     1.6733     1.8913    0.00050    0.00021     0.5532   102.6264    222.610    222.893    34.9648    34.9651    27.8183    27.8186    1497.44    1497.44         28 0.0000e+00
      59663  69.757187   1972.000   1951.556     3.5636     3.5628   3.298818   3.298786     1.6731     1.8913    0.00000    0.00004     0.5452   102.6269    222.553    222.876    34.9650    34.9655    27.8186    27.8191    1497.42    1497.42         37 0.0000e+00
      59696  69.757202   1971.000   1950.573     3.5637     3.5643   3.298779   3.298837     1.6732     1.8913   -0.00001    0.00020     0.5483   102.6383    222.549    222.839    34.9650    34.9650    27.8186    27.8185    1497.40    1497.40         27 0.0000e+00
      59721  69.757217   1970.000   1949.590     3.5647     3.5648   3.298780   3.298821     1.6732     1.8913 1.5243e-07   -0.00007     0.5371   102.6359    222.505    222.807    34.9644    34.9647    27.8180    27.8183    1497.39    1497.39         24 0.0000e+00
      59742  69.757225   1969.000   1948.604     3.5646     3.5647   3.298688   3.298750     1.6732     1.8913    0.00003    0.00004     0.5356   102.6359    222.474    222.780    34.9639    34.9645    27.8176    27.8181    1497.37    1497.37         19 0.0000e+00
      59761  69.757233   1968.000   1947.609     3.5641     3.5644   3.298606   3.298638     1.6728     1.8913    0.00001    0.00001     0.5372   102.6359    222.386    222.753    34.9639    34.9639    27.8176    27.8177    1497.35    1497.35         19 0.0000e+00
      59782  69.757240   1967.000   1946.621     3.5638     3.5641   3.298524   3.298568     1.6728     1.8913   -0.00003   -0.00013     0.5435   102.6359    222.347    222.727    34.9637    34.9639    27.8175    27.8177    1497.33    1497.33         25 0.0000e+00
      59822  69.757263   1966.000   1945.644     3.5637     3.5640   3.298483   3.298530     1.6728     1.8913   -0.00005   -0.00009     0.5442   102.6359    222.319    222.697    34.9638    34.9641    27.8176    27.8178    1497.32    1497.32         52 0.0000e+00
      59862  69.757286   1965.000   1944.671     3.5635     3.5638   3.298399   3.298462     1.6728     1.8913   -0.00013   -0.00007     0.5517   102.6359    222.302    222.670    34.9636    34.9639    27.8174    27.8177    1497.30    1497.30         24 0.0000e+00
      59881  69.757294   1964.000   1943.681     3.5634     3.5633   3.298347   3.298365     1.6731     1.8913   -0.00013   -0.00003     0.5401   102.6359    222.329    222.644    34.9635    34.9638    27.8174    27.8176    1497.28    1497.28         18 0.0000e+00
      59897  69.757301   1963.000   1942.691     3.5646     3.5641   3.298429   3.298414     1.6729     1.8913    0.00008   -0.00004     0.5396   102.6359    222.258    222.610    34.9637    34.9640    27.8174    27.8177    1497.27    1497.27         15 0.0000e+00
      59913  69.757309   1962.000   1941.698     3.5678     3.5680   3.298692   3.298741     1.6733     1.8913    0.00031    0.00004     0.5401   102.6359    222.273    222.557    34.9638    34.9642    27.8172    27.8175    1497.27    1497.27         17 0.0000e+00
      59932  69.757317   1961.000   1940.706     3.5690     3.5684   3.298759   3.298718     1.6733     1.8913    0.00008    0.00015     0.5355   102.6359    222.246    222.525    34.9638    34.9640    27.8171    27.8173    1497.25    1497.25         22 0.0000e+00
      59972  69.757332   1960.000   1939.733     3.5671     3.5674   3.298544   3.298602     1.6738     1.8913    0.00001    0.00012     0.5354   102.6359    222.323    222.502    34.9638    34.9641    27.8173    27.8175    1497.23    1497.23         59 0.0000e+00
      60017  69.757355   1959.000   1938.761     3.5675     3.5685   3.298556   3.298669     1.6740     1.8913   -0.00003    0.00027     0.5495   102.6359    222.323    222.469    34.9640    34.9643    27.8173    27.8175    1497.21    1497.22         24 0.0000e+00
      60037  69.757370   1958.000   1937.764     3.5719     3.5717   3.298913   3.298926     1.6740     1.8913 5.6614e-08    0.00017     0.5513   102.6359    222.268    222.416    34.9641    34.9644    27.8170    27.8173    1497.22    1497.22         20 0.0000e+00
      60056  69.757378   1957.000   1936.774     3.5753     3.5754   3.299165   3.299222     1.6740     1.8924 -2.440e-12    0.00005     0.5408   102.6359    222.218    222.529    34.9640    34.9645    27.8166    27.8169    1497.21    1497.22         20 0.0000e+00
      60077  69.757385   1956.000   1935.791     3.5767     3.5770   3.299245   3.299301     1.6740     1.8925    0.00008    0.00017     0.5410   102.6359    222.181    222.523    34.9639    34.9642    27.8164    27.8166    1497.20    1497.20         23 0.0000e+00
      60101  69.757401   1955.000   1934.809     3.5772     3.5776   3.299260   3.299310     1.6740     1.8926    0.00032    0.00020     0.5636   102.6359    222.149    222.492    34.9640    34.9642    27.8164    27.8165    1497.19    1497.19         23 0.0000e+00
      60124  69.757408   1954.000   1933.822     3.5780     3.5780   3.299293   3.299307     1.6740     1.8926    0.00062    0.00003     0.5409   102.6359    222.115    222.461    34.9641    34.9643    27.8163    27.8165    1497.17    1497.18         23 0.0000e+00
      60148  69.757423   1953.000   1932.838     3.5796     3.5792   3.299397   3.299377     1.6740     1.8926    0.00017    0.00002     0.5630   102.6359    222.077    222.424    34.9641    34.9643    27.8162    27.8164    1497.16    1497.16         26 0.0000e+00
      60181  69.757439   1952.000   1931.848     3.5813     3.5795   3.299530   3.299368     1.6740     1.8926   -0.00003   -0.00004     0.5562   102.6359    222.035    222.393    34.9643    34.9643    27.8162    27.8164    1497.16    1497.15         42 0.0000e+00
      60220  69.757454   1951.000   1930.878     3.5819     3.5800   3.299551   3.299396     1.6740     1.8926   -0.00011   -0.00007     0.5339   102.6359    222.003    222.360    34.9644    34.9646    27.8162    27.8165    1497.14    1497.13         29 0.0000e+00
      60242  69.757469   1950.000   1929.890     3.5842     3.5835   3.299721   3.299679     1.6740     1.8926    0.00016   -0.00003     0.5386   102.6359    221.963    222.309    34.9645    34.9647    27.8160    27.8163    1497.13    1497.13         18 0.0000e+00
      60259  69.757477   1949.000   1928.902     3.5866     3.5867   3.299904   3.299931     1.6740     1.8926    0.00015    0.00001     0.5401   102.6359    221.916    222.260    34.9646    34.9648    27.8159    27.8160    1497.13    1497.13         17 0.0000e+00
      60275  69.757484   1948.000   1927.909     3.5895     3.5895   3.300145   3.300186     1.6740     1.8926    0.00005   -0.00009     0.5455   102.6359    221.870    222.212    34.9649    34.9654    27.8158    27.8162    1497.12    1497.12         16 0.0000e+00
      60293  69.757492   1947.000   1926.918     3.5915     3.5918   3.300287   3.300349     1.6740     1.8926    0.00000    0.00006     0.5594   102.6359    221.829    222.169    34.9649    34.9653    27.8157    27.8159    1497.12    1497.12         19 0.0000e+00
      60320  69.757500   1946.000   1925.932     3.5905     3.5909   3.300151   3.300218     1.6740     1.8926 -3.421e-12    0.00004     0.5419   102.6359    221.806    222.146    34.9649    34.9652    27.8157    27.8160    1497.09    1497.10         43 0.0000e+00
      60378  69.757530   1945.000   1924.966     3.5905     3.5904   3.300121   3.300116     1.6744     1.8927    0.00002    0.00012     0.5531   102.6359    221.858    222.144    34.9650    34.9650    27.8158    27.8158    1497.08    1497.08         49 0.0000e+00
      60406  69.757545   1944.000   1923.977     3.5915     3.5915   3.300179   3.300182     1.6747     1.8932    0.00005    0.00019     0.5704   102.6359    221.879    222.186    34.9651    34.9652    27.8157    27.8158    1497.07    1497.07         22 0.0000e+00
      60426  69.757553   1943.000   1922.992     3.5935     3.5932   3.300310   3.300317     1.6745     1.8930    0.00004    0.00008     0.5657   102.6359    221.790    222.111    34.9650    34.9654    27.8155    27.8158    1497.06    1497.06         18 0.0000e+00
      60444  69.757561   1942.000   1922.004     3.5946     3.5944   3.300367   3.300388     1.6748     1.8934    0.00016   -0.00006     0.5301   102.6359    221.810    222.145    34.9651    34.9654    27.8154    27.8157    1497.04    1497.04         16 0.0000e+00
      60459  69.757568   1941.000   1921.015     3.5955     3.5957   3.300421   3.300463     1.6751     1.8938    0.00030    0.00026     0.5379   102.6359    221.837    222.170    34.9651    34.9655    27.8154    27.8156    1497.03    1497.03         16 0.0000e+00
      60476  69.757576   1940.000   1920.025     3.5970     3.5969   3.300521   3.300534     1.6752     1.8938    0.00010   -0.00003     0.5418   102.6359    221.822    222.134    34.9652    34.9655    27.8153    27.8155    1497.02    1497.02         17 0.0000e+00
      60497  69.757591   1939.000   1919.030     3.5977     3.5975   3.300548   3.300544     1.6752     1.8938    0.00024    0.00012     0.5542   102.6359    221.789    222.100    34.9653    34.9655    27.8153    27.8154    1497.01    1497.01         29 0.0000e+00
      60560  69.757622   1938.000   1918.075     3.5970     3.5955   3.300462   3.300333     1.6755     1.8940    0.00013    0.00023     0.5462   102.6359    221.817    222.126    34.9655    34.9656    27.8155    27.8157    1496.99    1496.98         57 0.0000e+00
      60585  69.757629   1937.000   1917.083     3.5992     3.5975   3.300610   3.300484     1.6762     1.8944    0.00001    0.00009     0.5343   102.6359    221.917    222.149    34.9654    34.9657    27.8152    27.8156    1496.98    1496.97         17 0.0000e+00
      60601  69.757637   1936.000   1916.089     3.6021     3.5999   3.300832   3.300667     1.6764     1.8948    0.00005    0.00003     0.5341   102.6359    221.892    222.160    34.9654    34.9658    27.8149    27.8155    1496.98    1496.97         16 0.0000e+00
      60617  69.757645   1935.000   1915.100     3.6056     3.6048   3.301129   3.301086     1.6764     1.8942    0.00027    0.00016     0.5494   102.6359    221.855    222.012    34.9657    34.9661    27.8148    27.8152    1496.97    1496.97         16 0.0000e+00
      60636  69.757652   1934.000   1914.106     3.6097     3.6089   3.301463   3.301424     1.6764     1.8943    0.00038    0.00057     0.5598   102.6359    221.801    221.965    34.9658    34.9663    27.8145    27.8149    1496.98    1496.97         24 0.0000e+00
      60670  69.757675   1933.000   1913.135     3.6095     3.6050   3.301408   3.300995     1.6764     1.8949   -0.00001    0.00023     0.5377   102.6359    221.773    222.067    34.9659    34.9658    27.8146    27.8149    1496.96    1496.94         43 0.0000e+00
      60704  69.757690   1932.000   1912.162     3.6108     3.6062   3.301504   3.301107     1.6764     1.8950   -0.00007   -0.00002     0.5410   102.6359    221.736    222.040    34.9661    34.9663    27.8146    27.8152    1496.95    1496.93         22 0.0000e+00
