data/fr26/fr26002.cnv
* Sea-Bird SBE 9 Data File:
* FileName = C:\SEASOFT\PIRATA-FR26\data\fr26002.hex
* Software Version Seasave V 7.23.2
* Temperature SN = 6083
* Conductivity SN = 4509
* Number of Bytes Per Scan = 34
* Number of Voltage Words = 3
* Number of Scans Averaged by the Deck Unit = 1
* NMEA Latitude = 02 00.11 N
* NMEA Longitude = 023 00.14 W
* NMEA UTC (Time) = Mar 11 2016  20:11:45
** Cruise: PIRATA-FR26
** Ship: THALASSA
** Station: 2
** Bottom Depth: 4334
** Pressure frequency switch pos 2 before station: 33095.48
** Pressure frequency switch pos 2 after station: 33091.40
** Operator: JG-CB
** Comments:
# nquan = 24
# nvalues = 4043                        
# units = specified
# name 0 = scan: Scan Count
# name 1 = timeJ: Julian Days
# name 2 = prDM: Pressure, Digiquartz [db]
# name 3 = depSM: Depth [salt water, m]
# name 4 = t090C: Temperature [ITS-90, deg C]
# name 5 = t190C: Temperature, 2 [ITS-90, deg C]
# name 6 = c0S/m: Conductivity [S/m]
# name 7 = c1S/m: Conductivity, 2 [S/m]
# name 8 = sbeox0V: Oxygen raw, SBE 43 [V]
# name 9 = sbeox1V: Oxygen raw, SBE 43, 2 [V]
# name 10 = sbeox1dOV/dT: Oxygen, SBE 43, 2 [dov/dt]
# name 11 = sbeox0dOV/dT: Oxygen, SBE 43 [dov/dt]
# name 12 = flECO-AFL: Fluorescence, WET Labs ECO-AFL/FL [mg/m^3]
# name 13 = CStarTr0: Beam Transmission, WET Labs C-Star [%]
# name 14 = sbeox0Mm/Kg: Oxygen, SBE 43 [umol/kg], WS = 2
# name 15 = sbeox1Mm/Kg: Oxygen, SBE 43, 2 [umol/kg], WS = 2
# name 16 = sal00: Salinity, Practical [PSU]
# name 17 = sal11: Salinity, Practical, 2 [PSU]
# name 18 = sigma-é00: Density [sigma-theta, kg/m^3]
# name 19 = sigma-é11: Density, 2 [sigma-theta, kg/m^3]
# name 20 = svCM: Sound Velocity [Chen-Millero, m/s]
# name 21 = svCM1: Sound Velocity, 2 [Chen-Millero, m/s]
# name 22 = nbin: number of scans per bin
# name 23 = flag: flag
# span 0 =       -620,     142725       
# span 1 =  71.841193,  71.910322       
# span 2 =      0.000,   2022.000       
# span 3 =      0.010,   2001.220       
# span 4 =     3.5311,    29.5218       
# span 5 =     3.5310,    29.5215       
# span 6 =   3.297545,   5.882431       
# span 7 =   3.297566,   5.882493       
# span 8 =     1.2820,     2.8297       
# span 9 =     1.4408,     3.2112       
# span 10 =   -0.09972,    0.07686      
# span 11 =   -0.09113,    0.06978      
# span 12 =     0.5129,     2.8038      
# span 13 =    86.2970,   102.6018      
# span 14 =    101.379,    235.775      
# span 15 =    101.400,    235.551      
# span 16 =    34.5203,    36.0400      
# span 17 =    34.5206,    36.0595      
# span 18 =    22.2118,    27.8197      
# span 19 =    22.2124,    27.8200      
# span 20 =    1483.13,    1545.18      
# span 21 =    1483.14,    1545.18      
# span 22 =         13,        175      
# span 23 = 0.0000e+00, 0.0000e+00      
# interval = decibars: 1                
# start_time = Mar 11 2016 20:11:45 [System UTC, header]
# bad_flag = -9.990e-29
*END*
[from data line 1450]
      40307  71.860931   1452.000   1438.993     4.4119     4.4122   3.352872   3.352912     1.7311     1.9541    0.00092    0.00074     0.5371   102.5321    213.324    212.813    34.9595    34.9597    27.7229    27.7231    1492.25    1492.25         26 0.0000e+00
      40330  71.860939   1453.000   1439.980     4.4100     4.4104   3.352773   3.352829     1.7317     1.9548    0.00097    0.00080     0.5378   102.5249    213.468    212.950    34.9599    34.9602    27.7234    27.7236    1492.26    1492.26         21 0.0000e+00
      40348  71.860954   1454.000   1440.972     4.4102     4.4103   3.352878   3.352920     1.7322     1.9550    0.00089    0.00077     0.5386   102.5251    213.579    213.004    34.9605    34.9608    27.7239    27.7241    1492.28    1492.28         18 0.0000e+00
      40366  71.860962   1455.000   1441.962     4.4099     4.4101   3.352943   3.352994     1.7326     1.9558    0.00081    0.00068     0.5383   102.5251    213.671    213.161    34.9610    34.9614    27.7244    27.7247    1492.29    1492.29         17 0.0000e+00
      40383  71.860970   1456.000   1442.953     4.4087     4.4089   3.352881   3.352930     1.7326     1.9560    0.00075    0.00062     0.5402   102.5251    213.705    213.228    34.9611    34.9614    27.7246    27.7248    1492.30    1492.31         18 0.0000e+00
      40404  71.860977   1457.000   1443.946     4.4070     4.4068   3.352771   3.352757     1.7326     1.9560    0.00044    0.00064     0.5398   102.5251    213.743    213.269    34.9611    34.9611    27.7248    27.7248    1492.31    1492.31         24 0.0000e+00
      40436  71.860992   1458.000   1444.928     4.4045     4.4044   3.352557   3.352562     1.7327     1.9567    0.00061    0.00030     0.5435   102.5251    213.804    213.405    34.9607    34.9609    27.7247    27.7249    1492.32    1492.32         41 0.0000e+00
      40477  71.861015   1459.000   1445.906     4.4020     4.4033   3.352336   3.352483     1.7331     1.9569    0.00014    0.00010     0.5437   102.5251    213.922    213.472    34.9602    34.9606    27.7246    27.7248    1492.33    1492.33         35 0.0000e+00
      40505  71.861023   1460.000   1446.893     4.4001     4.4004   3.352179   3.352210     1.7327     1.9561    0.00064    0.00032     0.5374   102.5322    213.884    213.405    34.9599    34.9600    27.7246    27.7246    1492.33    1492.33         23 0.0000e+00
      40526  71.861038   1461.000   1447.886     4.3989     4.3991   3.352103   3.352147     1.7322     1.9561    0.00017    0.00019     0.5375   102.5334    213.827    213.436    34.9598    34.9601    27.7247    27.7249    1492.35    1492.35         20 0.0000e+00
      40545  71.861046   1462.000   1448.875     4.3988     4.3991   3.352136   3.352181     1.7314     1.9557   -0.00043   -0.00028     0.5372   102.5382    213.719    213.397    34.9598    34.9601    27.7247    27.7249    1492.36    1492.36         19 0.0000e+00
      40564  71.861053   1463.000   1449.865     4.4001     4.4003   3.352336   3.352385     1.7314     1.9552   -0.00057   -0.00038     0.5406   102.5307    213.738    213.346    34.9603    34.9607    27.7249    27.7252    1492.38    1492.39         20 0.0000e+00
      40587  71.861069   1464.000   1450.857     4.4029     4.4030   3.352713   3.352756     1.7314     1.9551   -0.00020   -0.00063     0.5367   102.5367    213.756    213.337    34.9613    34.9616    27.7254    27.7257    1492.41    1492.41         26 0.0000e+00
      40617  71.861084   1465.000   1451.839     4.4033     4.4036   3.352838   3.352888     1.7322     1.9558   -0.00051   -0.00044     0.5435   102.5333    213.920    213.473    34.9619    34.9621    27.7259    27.7260    1492.43    1492.43         34 0.0000e+00
      40652  71.861099   1466.000   1452.823     4.3992     4.3997   3.352538   3.352589     1.7331     1.9571   -0.00001    0.00015     0.5437   102.5341    214.118    213.710    34.9622    34.9622    27.7265    27.7265    1492.43    1492.44         34 0.0000e+00
      40683  71.861115   1467.000   1453.810     4.3876     4.3879   3.351629   3.351668     1.7345     1.9581    0.00071    0.00074     0.5437   102.5360    214.462    213.960    34.9631    34.9633    27.7286    27.7287    1492.40    1492.40         28 0.0000e+00
      40709  71.861122   1468.000   1454.797     4.3869     4.3870   3.351626   3.351672     1.7360     1.9591    0.00086    0.00052     0.5359   102.5472    214.747    214.144    34.9634    34.9638    27.7289    27.7292    1492.42    1492.42         24 0.0000e+00
      40731  71.861137   1469.000   1455.785     4.3870     4.3872   3.351675   3.351721     1.7371     1.9605    0.00077    0.00097     0.5364   102.5382    214.968    214.386    34.9634    34.9637    27.7288    27.7291    1492.43    1492.44         21 0.0000e+00
      40752  71.861145   1470.000   1456.774     4.3871     4.3873   3.351731   3.351774     1.7378     1.9612    0.00080    0.00129     0.5391   102.5390    215.117    214.517    34.9635    34.9637    27.7289    27.7291    1492.45    1492.45         20 0.0000e+00
      40771  71.861153   1471.000   1457.763     4.3871     4.3873   3.351778   3.351825     1.7379     1.9621    0.00107    0.00138     0.5558   102.5445    215.165    214.680    34.9635    34.9638    27.7290    27.7292    1492.47    1492.47         20 0.0000e+00
      40793  71.861168   1472.000   1458.757     4.3866     4.3868   3.351776   3.351811     1.7386     1.9626    0.00137    0.00112     0.5493   102.5408    215.313    214.775    34.9635    34.9637    27.7290    27.7292    1492.48    1492.48         23 0.0000e+00
      40818  71.861176   1473.000   1459.741     4.3843     4.3845   3.351628   3.351671     1.7389     1.9635    0.00103    0.00061     0.5438   102.5390    215.404    214.952    34.9637    34.9640    27.7295    27.7296    1492.49    1492.49         28 0.0000e+00
      40851  71.861191   1474.000   1460.727     4.3836     4.3838   3.351614   3.351658     1.7396     1.9642    0.00073    0.00056     0.5437   102.5382    215.557    215.093    34.9638    34.9641    27.7296    27.7298    1492.50    1492.51         38 0.0000e+00
      40888  71.861214   1475.000   1461.709     4.3829     4.3832   3.351622   3.351666     1.7399     1.9650    0.00065    0.00029     0.5437   102.5452    215.646    215.237    34.9641    34.9644    27.7299    27.7301    1492.52    1492.52         32 0.0000e+00
      40915  71.861221   1476.000   1462.698     4.3817     4.3820   3.351578   3.351640     1.7407     1.9653    0.00062    0.00054     0.5437   102.5388    215.812    215.316    34.9644    34.9648    27.7303    27.7305    1492.53    1492.53         24 0.0000e+00
      40937  71.861237   1477.000   1463.684     4.3811     4.3813   3.351561   3.351612     1.7411     1.9656    0.00050    0.00023     0.5437   102.5383    215.921    215.406    34.9644    34.9647    27.7304    27.7306    1492.54    1492.55         21 0.0000e+00
      40957  71.861244   1478.000   1464.676     4.3809     4.3810   3.351578   3.351623     1.7411     1.9658    0.00032    0.00029     0.5437   102.5513    215.948    215.462    34.9643    34.9647    27.7303    27.7306    1492.56    1492.56         19 0.0000e+00
      40976  71.861252   1479.000   1465.665     4.3796     4.3798   3.351500   3.351541     1.7411     1.9658    0.00025    0.00064     0.5437   102.5105    215.994    215.497    34.9643    34.9644    27.7304    27.7306    1492.57    1492.57         20 0.0000e+00
      40997  71.861267   1480.000   1466.655     4.3779     4.3783   3.351383   3.351436     1.7411     1.9659    0.00040    0.00048     0.5437   102.5296    216.032    215.550    34.9641    34.9644    27.7305    27.7307    1492.58    1492.58         22 0.0000e+00
      41022  71.861275   1481.000   1467.642     4.3776     4.3779   3.351397   3.351447     1.7411     1.9661    0.00019    0.00009     0.5437   102.5355    216.062    215.614    34.9641    34.9644    27.7306    27.7308    1492.60    1492.60         29 0.0000e+00
      41055  71.861290   1482.000   1468.626     4.3779     4.3781   3.351485   3.351522     1.7411     1.9670    0.00006    0.00001     0.5437   102.5385    216.088    215.762    34.9643    34.9646    27.7307    27.7309    1492.61    1492.62         35 0.0000e+00
      41090  71.861305   1483.000   1469.612     4.3785     4.3788   3.351586   3.351630     1.7411     1.9670    0.00041    0.00002     0.5437   102.5437    216.112    215.798    34.9644    34.9647    27.7307    27.7309    1492.63    1492.64         33 0.0000e+00
      41120  71.861320   1484.000   1470.599     4.3791     4.3793   3.351701   3.351749     1.7411     1.9670    0.00044    0.00002     0.5437   102.5415    216.136    215.822    34.9646    34.9650    27.7309    27.7311    1492.65    1492.65         27 0.0000e+00
      41145  71.861336   1485.000   1471.585     4.3796     4.3798   3.351828   3.351877     1.7411     1.9670    0.00002    0.00008     0.5437   102.5365    216.162    215.846    34.9651    34.9655    27.7312    27.7315    1492.67    1492.67         24 0.0000e+00
      41168  71.861343   1486.000   1472.572     4.3794     4.3796   3.351889   3.351937     1.7413     1.9673    0.00003    0.00002     0.5437   102.5364    216.219    215.909    34.9656    34.9659    27.7316    27.7319    1492.69    1492.69         22 0.0000e+00
      41188  71.861359   1487.000   1473.561     4.3782     4.3784   3.351846   3.351884     1.7416     1.9675    0.00001   -0.00001     0.5437   102.5403    216.298    215.974    34.9658    34.9661    27.7319    27.7321    1492.70    1492.70         20 0.0000e+00
      41208  71.861366   1488.000   1474.553     4.3775     4.3778   3.351831   3.351889     1.7423     1.9681    0.00005   -0.00002     0.5437   102.5321    216.457    216.105    34.9659    34.9663    27.7320    27.7323    1492.71    1492.72         20 0.0000e+00
      41229  71.861374   1489.000   1475.539     4.3768     4.3770   3.351813   3.351869     1.7429     1.9683    0.00014    0.00010     0.5437   102.5434    216.591    216.157    34.9659    34.9664    27.7322    27.7325    1492.73    1492.73         21 0.0000e+00
      41250  71.861389   1490.000   1476.529     4.3763     4.3765   3.351812   3.351863     1.7433     1.9683    0.00042    0.00037     0.5437   102.5415    216.696    216.196    34.9660    34.9664    27.7323    27.7326    1492.74    1492.74         22 0.0000e+00
      41275  71.861397   1491.000   1477.520     4.3755     4.3757   3.351788   3.351835     1.7436     1.9686    0.00050    0.00072     0.5437   102.5381    216.776    216.272    34.9660    34.9663    27.7324    27.7326    1492.76    1492.76         28 0.0000e+00
      41312  71.861412   1492.000   1478.501     4.3716     4.3720   3.351527   3.351578     1.7442     1.9697    0.00016    0.00049     0.5437   102.5461    216.930    216.490    34.9666    34.9668    27.7333    27.7334    1492.76    1492.76         47 0.0000e+00
      41354  71.861435   1493.000   1479.482     4.3639     4.3643   3.350922   3.350976     1.7455     1.9708    0.00050    0.00016     0.5437   102.5531    217.226    216.730    34.9671    34.9674    27.7345    27.7347    1492.74    1492.75         31 0.0000e+00
      41380  71.861450   1494.000   1480.470     4.3597     4.3600   3.350600   3.350623     1.7463     1.9717    0.00082    0.00065     0.5437   102.5528    217.429    216.911    34.9673    34.9672    27.7351    27.7351    1492.74    1492.74         23 0.0000e+00
      41401  71.861458   1495.000   1481.463     4.3549     4.3551   3.350241   3.350265     1.7473     1.9724    0.00083    0.00071     0.5401   102.5420    217.647    217.078    34.9676    34.9676    27.7359    27.7359    1492.74    1492.74         20 0.0000e+00
      41421  71.861465   1496.000   1482.452     4.3536     4.3539   3.350149   3.350205     1.7479     1.9731    0.00042    0.00087     0.5391   102.5389    217.790    217.214    34.9674    34.9678    27.7359    27.7362    1492.75    1492.75         20 0.0000e+00
      41441  71.861481   1497.000   1483.438     4.3517     4.3519   3.350018   3.350072     1.7485     1.9737    0.00080    0.00086     0.5393   102.5383    217.947    217.351    34.9674    34.9678    27.7361    27.7364    1492.76    1492.76         21 0.0000e+00
      41463  71.861488   1498.000   1484.426     4.3491     4.3494   3.349856   3.349897     1.7495     1.9745    0.00090    0.00088     0.5353   102.5466    218.165    217.508    34.9677    34.9679    27.7366    27.7368    1492.77    1492.77         22 0.0000e+00
      41486  71.861496   1499.000   1485.414     4.3481     4.3483   3.349813   3.349860     1.7499     1.9753    0.00077    0.00082     0.5500   102.5355    218.262    217.670    34.9678    34.9681    27.7368    27.7370    1492.78    1492.78         24 0.0000e+00
      41511  71.861511   1500.000   1486.404     4.3449     4.3451   3.349595   3.349643     1.7505     1.9762    0.00083    0.00089     0.5482   102.5514    218.406    217.849    34.9681    34.9684    27.7374    27.7377    1492.78    1492.78         27 0.0000e+00
      41540  71.861526   1501.000   1487.389     4.3428     4.3430   3.349460   3.349504     1.7512     1.9773    0.00081    0.00062     0.5398   102.5528    218.581    218.055    34.9682    34.9686    27.7378    27.7380    1492.79    1492.79         31 0.0000e+00
      41572  71.861542   1502.000   1488.374     4.3421     4.3424   3.349443   3.349489     1.7521     1.9780    0.00087    0.00058     0.5549   102.5528    218.768    218.197    34.9683    34.9686    27.7379    27.7381    1492.81    1492.81         33 0.0000e+00
      41603  71.861557   1503.000   1489.360     4.3408     4.3410   3.349380   3.349418     1.7525     1.9783    0.00093    0.00067     0.5401   102.5528    218.868    218.270    34.9685    34.9687    27.7382    27.7383    1492.82    1492.82         29 0.0000e+00
      41630  71.861572   1504.000   1490.348     4.3397     4.3400   3.349342   3.349388     1.7531     1.9792    0.00049    0.00058     0.5437   102.5373    219.014    218.450    34.9686    34.9689    27.7384    27.7386    1492.83    1492.83         25 0.0000e+00
      41654  71.861580   1505.000   1491.335     4.3393     4.3395   3.349342   3.349389     1.7533     1.9798    0.00014    0.00030     0.5437   102.5468    219.077    218.559    34.9686    34.9689    27.7385    27.7387    1492.84    1492.85         23 0.0000e+00
      41676  71.861588   1506.000   1492.324     4.3390     4.3392   3.349364   3.349414     1.7534     1.9805    0.00057    0.00051     0.5437   102.5528    219.117    218.693    34.9687    34.9691    27.7385    27.7388    1492.86    1492.86         22 0.0000e+00
      41698  71.861603   1507.000   1493.312     4.3387     4.3390   3.349383   3.349432     1.7534     1.9805    0.00068    0.00035     0.5437   102.5448    219.147    218.725    34.9687    34.9690    27.7386    27.7388    1492.88    1492.88         21 0.0000e+00
      41720  71.861610   1508.000   1494.297     4.3381     4.3384   3.349377   3.349424     1.7534     1.9805    0.00060    0.00026     0.5437   102.5351    219.179    218.757    34.9688    34.9690    27.7388    27.7389    1492.89    1492.89         22 0.0000e+00
      41741  71.861626   1509.000   1495.291     4.3373     4.3375   3.349344   3.349397     1.7534     1.9805    0.00053    0.00010     0.5437   102.5426    219.213    218.790    34.9688    34.9691    27.7388    27.7391    1492.90    1492.90         22 0.0000e+00
      41765  71.861633   1510.000   1496.277     4.3353     4.3356   3.349216   3.349262     1.7535     1.9805    0.00011    0.00007     0.5437   102.5494    219.285    218.830    34.9689    34.9691    27.7392    27.7393    1492.91    1492.91         26 0.0000e+00
