data/fr26/fr26002.cnv
* Sea-Bird SBE 9 Data File:
* FileName = C:\SEASOFT\PIRATA-FR26\data\fr26002.hex
* Software Version Seasave V 7.23.2
* Temperature SN = 6083
* Conductivity SN = 4509
* Number of Bytes Per Scan = 34
* Number of Voltage Words = 3
* Number of Scans Averaged by the Deck Unit = 1
* NMEA Latitude = 02 00.11 N
* NMEA Longitude = 023 00.14 W
* NMEA UTC (Time) = Mar 11 2016  20:11:45
** Cruise: PIRATA-FR26
** Ship: THALASSA
** Station: 2
** Bottom Depth: 4334
** Pressure frequency switch pos 2 before station: 33095.48
** Pressure frequency switch pos 2 after station: 33091.40
** Operator: JG-CB
** Comments:
# nquan = 24
# nvalues = 4043                        
# units = specified
# name 0 = scan: Scan Count
# name 1 = timeJ: Julian Days
# name 2 = prDM: Pressure, Digiquartz [db]
# name 3 = depSM: Depth [salt water, m]
# name 4 = t090C: Temperature [ITS-90, deg C]
# name 5 = t190C: Temperature, 2 [ITS-90, deg C]
# name 6 = c0S/m: Conductivity [S/m]
# name 7 = c1S/m: Conductivity, 2 [S/m]
# name 8 = sbeox0V: Oxygen raw, SBE 43 [V]
# name 9 = sbeox1V: Oxygen raw, SBE 43, 2 [V]
# name 10 = sbeox1dOV/dT: Oxygen, SBE 43, 2 [dov/dt]
# name 11 = sbeox0dOV/dT: Oxygen, SBE 43 [dov/dt]
# name 12 = flECO-AFL: Fluorescence, WET Labs ECO-AFL/FL [mg/m^3]
# name 13 = CStarTr0: Beam Transmission, WET Labs C-Star [%]
# name 14 = sbeox0Mm/Kg: Oxygen, SBE 43 [umol/kg], WS = 2
# name 15 = sbeox1Mm/Kg: Oxygen, SBE 43, 2 [umol/kg], WS = 2
# name 16 = sal00: Salinity, Practical [PSU]
# name 17 = sal11: Salinity, Practical, 2 [PSU]
# name 18 = sigma-é00: Density [sigma-theta, kg/m^3]
# name 19 = sigma-é11: Density, 2 [sigma-theta, kg/m^3]
# name 20 = svCM: Sound Velocity [Chen-Millero, m/s]
# name 21 = svCM1: Sound Velocity, 2 [Chen-Millero, m/s]
# name 22 = nbin: number of scans per bin
# name 23 = flag: flag
# span 0 =       -620,     142725       
# span 1 =  71.841193,  71.910322       
# span 2 =      0.000,   2022.000       
# span 3 =      0.010,   2001.220       
# span 4 =     3.5311,    29.5218       
# span 5 =     3.5310,    29.5215       
# span 6 =   3.297545,   5.882431       
# span 7 =   3.297566,   5.882493       
# span 8 =     1.2820,     2.8297       
# span 9 =     1.4408,     3.2112       
# span 10 =   -0.09972,    0.07686      
# span 11 =   -0.09113,    0.06978      
# span 12 =     0.5129,     2.8038      
# span 13 =    86.2970,   102.6018      
# span 14 =    101.379,    235.775      
# span 15 =    101.400,    235.551      
# span 16 =    34.5203,    36.0400      
# span 17 =    34.5206,    36.0595      
# span 18 =    22.2118,    27.8197      
# span 19 =    22.2124,    27.8200      
# span 20 =    1483.13,    1545.18      
# span 21 =    1483.14,    1545.18      
# span 22 =         13,        175      
# span 23 = 0.0000e+00, 0.0000e+00      
# interval = decibars: 1                
# start_time = Mar 11 2016 20:11:45 [System UTC, header]
# bad_flag = -9.990e-29
*END*
[from data line 1329]
      37179  71.859421   1331.000   1319.462     4.5650     4.5652   3.358759   3.358808     1.6702     1.8833    0.00041    0.00011     0.5365   102.4974    198.837    198.314    34.9272    34.9275    27.6794    27.6797    1490.82    1490.82         30 0.0000e+00
      37208  71.859436   1332.000   1320.443     4.5637     4.5639   3.358706   3.358750     1.6706     1.8841    0.00054    0.00028     0.5363   102.4974    198.935    198.453    34.9274    34.9277    27.6798    27.6800    1490.83    1490.84         25 0.0000e+00
      37230  71.859444   1333.000   1321.430     4.5624     4.5626   3.358641   3.358698     1.6713     1.8847    0.00041    0.00084     0.5364   102.4974    199.084    198.579    34.9276    34.9280    27.6801    27.6804    1490.85    1490.85         21 0.0000e+00
      37250  71.859459   1334.000   1322.429     4.5614     4.5615   3.358626   3.358671     1.6716     1.8852    0.00078    0.00063     0.5500   102.4974    199.173    198.685    34.9279    34.9283    27.6805    27.6807    1490.86    1490.86         19 0.0000e+00
      37271  71.859467   1335.000   1323.418     4.5604     4.5607   3.358593   3.358635     1.6721     1.8852    0.00051    0.00044     0.5555   102.4974    199.282    198.715    34.9280    34.9283    27.6807    27.6808    1490.87    1490.87         23 0.0000e+00
      37298  71.859482   1336.000   1324.406     4.5587     4.5589   3.358491   3.358540     1.6724     1.8858    0.00073    0.00055     0.5404   102.4974    199.369    198.837    34.9282    34.9285    27.6810    27.6812    1490.88    1490.88         32 0.0000e+00
      37332  71.859497   1337.000   1325.386     4.5553     4.5556   3.358302   3.358348     1.6733     1.8865    0.00016    0.00040     0.5437   102.4974    199.564    198.974    34.9290    34.9293    27.6821    27.6822    1490.88    1490.89         33 0.0000e+00
      37361  71.859512   1338.000   1326.375     4.5476     4.5480   3.357759   3.357798     1.6743     1.8872    0.00054    0.00043     0.5437   102.4974    199.808    199.155    34.9302    34.9303    27.6838    27.6838    1490.87    1490.87         26 0.0000e+00
      37385  71.859520   1339.000   1327.365     4.5355     4.5358   3.356931   3.356968     1.6760     1.8883    0.00053    0.00058     0.5437   102.4974    200.180    199.392    34.9328    34.9329    27.6872    27.6873    1490.84    1490.84         24 0.0000e+00
      37410  71.859535   1340.000   1328.357     4.5342     4.5345   3.356851   3.356895     1.6781     1.8903    0.00044    0.00089     0.5437   102.4974    200.576    199.718    34.9327    34.9329    27.6873    27.6874    1490.85    1490.85         26 0.0000e+00
      37438  71.859550   1341.000   1329.340     4.5322     4.5325   3.356724   3.356771     1.6801     1.8923    0.00093    0.00129     0.5437   102.4974    200.955    200.047    34.9329    34.9331    27.6876    27.6878    1490.86    1490.86         28 0.0000e+00
      37464  71.859558   1342.000   1330.327     4.5255     4.5260   3.356194   3.356240     1.6815     1.8941    0.00175    0.00203     0.5437   102.4974    201.244    200.385    34.9332    34.9332    27.6886    27.6886    1490.85    1490.85         25 0.0000e+00
      37489  71.859573   1343.000   1331.320     4.5150     4.5152   3.355376   3.355416     1.6825     1.8955    0.00181    0.00187     0.5437   102.4974    201.507    200.670    34.9342    34.9344    27.6906    27.6908    1490.83    1490.83         24 0.0000e+00
      37513  71.859581   1344.000   1332.305     4.5142     4.5145   3.355382   3.355421     1.6839     1.8968    0.00168    0.00145     0.5437   102.4974    201.762    200.886    34.9346    34.9348    27.6910    27.6911    1490.84    1490.84         24 0.0000e+00
      37537  71.859596   1345.000   1333.294     4.5143     4.5144   3.355422   3.355474     1.6848     1.8977    0.00150    0.00102     0.5437   102.4974    201.945    201.054    34.9345    34.9349    27.6909    27.6912    1490.86    1490.86         24 0.0000e+00
      37560  71.859604   1346.000   1334.283     4.5147     4.5148   3.355519   3.355559     1.6850     1.8987    0.00134    0.00115     0.5437   102.4974    202.001    201.218    34.9347    34.9350    27.6910    27.6913    1490.87    1490.88         23 0.0000e+00
      37583  71.859619   1347.000   1335.274     4.5163     4.5167   3.355760   3.355841     1.6851     1.8996    0.00115    0.00121     0.5437   102.4974    202.044    201.365    34.9353    34.9359    27.6913    27.6918    1490.90    1490.90         24 0.0000e+00
      37611  71.859634   1348.000   1336.264     4.5192     4.5196   3.356159   3.356216     1.6861     1.9008    0.00098    0.00048     0.5400   102.5050    202.224    201.546    34.9364    34.9367    27.6919    27.6921    1490.93    1490.93         33 0.0000e+00
      37646  71.859650   1349.000   1337.242     4.5207     4.5209   3.356372   3.356432     1.6877     1.9024    0.00086    0.00025     0.5398   102.5052    202.502    201.804    34.9368    34.9373    27.6921    27.6925    1490.95    1490.95         32 0.0000e+00
      37673  71.859657   1350.000   1338.230     4.5241     4.5242   3.356850   3.356906     1.6888     1.9037    0.00112    0.00093     0.5528   102.5019    202.697    202.003    34.9384    34.9389    27.6930    27.6934    1490.98    1490.99         24 0.0000e+00
      37695  71.859673   1351.000   1339.222     4.5279     4.5282   3.357390   3.357448     1.6896     1.9046    0.00120    0.00097     0.5467   102.5099    202.834    202.139    34.9401    34.9405    27.6940    27.6943    1491.02    1491.02         20 0.0000e+00
      37715  71.859680   1352.000   1340.215     4.5256     4.5259   3.357257   3.357305     1.6907     1.9055    0.00113    0.00111     0.5437   102.5100    203.064    202.308    34.9406    34.9408    27.6946    27.6948    1491.03    1491.03         22 0.0000e+00
      37738  71.859695   1353.000   1341.201     4.5237     4.5240   3.357135   3.357185     1.6920     1.9072    0.00105    0.00094     0.5437   102.5112    203.330    202.593    34.9406    34.9408    27.6948    27.6950    1491.04    1491.04         24 0.0000e+00
      37764  71.859703   1354.000   1342.189     4.5198     4.5202   3.356802   3.356848     1.6937     1.9090    0.00103    0.00105     0.5437   102.5059    203.660    202.896    34.9403    34.9404    27.6951    27.6951    1491.04    1491.04         26 0.0000e+00
      37790  71.859718   1355.000   1343.175     4.5137     4.5141   3.356266   3.356311     1.6948     1.9101    0.00149    0.00140     0.5437   102.5211    203.906    203.123    34.9400    34.9401    27.6955    27.6955    1491.03    1491.03         26 0.0000e+00
      37816  71.859726   1356.000   1344.163     4.5054     4.5057   3.355529   3.355566     1.6955     1.9111    0.00165    0.00149     0.5625   102.5133    204.104    203.340    34.9396    34.9398    27.6961    27.6962    1491.01    1491.01         26 0.0000e+00
      37841  71.859741   1357.000   1345.155     4.5084     4.5085   3.356011   3.356066     1.6961     1.9121    0.00127    0.00114     0.5365   102.5129    204.206    203.504    34.9416    34.9422    27.6973    27.6978    1491.04    1491.04         25 0.0000e+00
      37872  71.859756   1358.000   1346.145     4.5127     4.5128   3.356576   3.356618     1.6977     1.9141    0.00096    0.00079     0.5411   102.5107    204.487    203.795    34.9432    34.9436    27.6981    27.6985    1491.08    1491.08         40 0.0000e+00
      37916  71.859779   1359.000   1347.119     4.5153     4.5155   3.356923   3.356978     1.7001     1.9167    0.00125    0.00077     0.5536   102.5161    204.912    204.183    34.9440    34.9444    27.6985    27.6988    1491.11    1491.11         38 0.0000e+00
      37943  71.859787   1360.000   1348.101     4.5163     4.5166   3.357089   3.357152     1.7014     1.9182    0.00164    0.00159     0.5398   102.5210    205.147    204.420    34.9444    34.9448    27.6987    27.6990    1491.13    1491.13         19 0.0000e+00
      37959  71.859795   1361.000   1349.096     4.5204     4.5206   3.357603   3.357679     1.7019     1.9190    0.00127    0.00151     0.5375   102.5100    205.243    204.553    34.9455    34.9463    27.6992    27.6998    1491.16    1491.16         15 0.0000e+00
      37972  71.859802   1362.000   1350.091     4.5201     4.5204   3.357645   3.357708     1.7020     1.9194    0.00136    0.00105     0.5393   102.5211    205.280    204.635    34.9459    34.9463    27.6995    27.6998    1491.18    1491.18         14 0.0000e+00
      37986  71.859810   1363.000   1351.088     4.5178     4.5180   3.357504   3.357545     1.7021     1.9196    0.00142    0.00104     0.5372   102.5078    205.334    204.700    34.9461    34.9464    27.7000    27.7002    1491.19    1491.19         14 0.0000e+00
      38002  71.859818   1364.000   1352.085     4.5147     4.5150   3.357256   3.357301     1.7023     1.9205    0.00138    0.00118     0.5369   102.5067    205.422    204.882    34.9461    34.9463    27.7003    27.7004    1491.19    1491.19         18 0.0000e+00
      38048  71.859840   1365.000   1353.061     4.5167     4.5166   3.357417   3.357448     1.7040     1.9228    0.00101    0.00059     0.5473   102.5147    205.719    205.241    34.9453    34.9458    27.6995    27.6999    1491.21    1491.21         74 0.0000e+00
      38103  71.859871   1366.000   1354.033     4.5151     4.5150   3.357325   3.357334     1.7045     1.9243    0.00147    0.00108     0.5362   102.5147    205.851    205.486    34.9454    34.9456    27.6997    27.6999    1491.22    1491.22         24 0.0000e+00
      38122  71.859879   1367.000   1355.025     4.5101     4.5104   3.356960   3.357007     1.7045     1.9235    0.00125    0.00060     0.5438   102.5143    205.901    205.433    34.9459    34.9462    27.7007    27.7009    1491.22    1491.22         18 0.0000e+00
      38138  71.859886   1368.000   1356.016     4.5093     4.5095   3.356929   3.356979     1.7045     1.9235    0.00073    0.00009     0.5437   102.5061    205.932    205.452    34.9459    34.9463    27.7008    27.7011    1491.23    1491.23         16 0.0000e+00
      38154  71.859894   1369.000   1357.013     4.5094     4.5096   3.357060   3.357116     1.7045     1.9235    0.00018    0.00000     0.5437   102.5213    205.957    205.476    34.9469    34.9473    27.7015    27.7018    1491.25    1491.25         16 0.0000e+00
      38171  71.859901   1370.000   1358.005     4.5094     4.5096   3.357127   3.357177     1.7049     1.9241   -0.00023 3.3726e-12     0.5437   102.5086    206.051    205.604    34.9472    34.9476    27.7018    27.7021    1491.27    1491.27         18 0.0000e+00
      38192  71.859909   1371.000   1358.992     4.5090     4.5093   3.357143   3.357211     1.7050     1.9245   -0.00043 3.8027e-12     0.5437   102.5141    206.099    205.680    34.9472    34.9477    27.7019    27.7022    1491.28    1491.29         26 0.0000e+00
      38227  71.859924   1372.000   1359.976     4.5089     4.5091   3.357173   3.357233     1.7061     1.9258    0.00036    0.00018     0.5437   102.5126    206.317    205.904    34.9472    34.9477    27.7019    27.7023    1491.30    1491.30         42 0.0000e+00
      38269  71.859947   1373.000   1360.957     4.5091     4.5093   3.357265   3.357311     1.7070     1.9269    0.00068    0.00062     0.5437   102.5202    206.482    206.089    34.9476    34.9480    27.7022    27.7025    1491.32    1491.32         37 0.0000e+00
      38300  71.859962   1374.000   1361.942     4.5095     4.5098   3.357376   3.357431     1.7070     1.9274    0.00106    0.00067     0.5409   102.5242    206.507    206.191    34.9480    34.9483    27.7024    27.7027    1491.34    1491.34         26 0.0000e+00
      38321  71.859970   1375.000   1362.928     4.5116     4.5119   3.357725   3.357780     1.7070     1.9272    0.00061    0.00048     0.5372   102.5236    206.519    206.170    34.9493    34.9497    27.7033    27.7035    1491.36    1491.37         19 0.0000e+00
      38338  71.859978   1376.000   1363.923     4.5090     4.5094   3.357588   3.357631     1.7070     1.9267    0.00028    0.00009     0.5322   102.5251    206.558    206.144    34.9500    34.9501    27.7041    27.7042    1491.37    1491.37         16 0.0000e+00
      38355  71.859993   1377.000   1364.916     4.4938     4.4941   3.356225   3.356240     1.7082     1.9267    0.00039    0.00001     0.5380   102.5251    206.893    206.246    34.9495    34.9494    27.7054    27.7053    1491.32    1491.33         16 0.0000e+00
      38372  71.860001   1378.000   1365.910     4.4874     4.4877   3.355658   3.355699     1.7086     1.9267    0.00009    0.00020     0.5388   102.5193    207.009    206.321    34.9491    34.9493    27.7058    27.7059    1491.31    1491.32         19 0.0000e+00
      38396  71.860008   1379.000   1366.898     4.4811     4.4811   3.355063   3.355077     1.7098     1.9279   -0.00037    0.00044     0.5353   102.5126    207.286    206.561    34.9483    34.9485    27.7059    27.7060    1491.30    1491.30         32 0.0000e+00
      38439  71.860031   1380.000   1367.875     4.4736     4.4746   3.354391   3.354491     1.7120     1.9308    0.00042    0.00090     0.5376   102.5219    207.738    207.051    34.9479    34.9480    27.7063    27.7063    1491.29    1491.29         50 0.0000e+00
      38480  71.860046   1381.000   1368.857     4.4672     4.4675   3.353771   3.353815     1.7131     1.9325    0.00169    0.00133     0.5407   102.5185    207.976    207.369    34.9469    34.9471    27.7062    27.7064    1491.28    1491.28         30 0.0000e+00
      38504  71.860062   1382.000   1369.848     4.4631     4.4633   3.353401   3.353434     1.7123     1.9324    0.00151    0.00115     0.5349   102.5066    207.897    207.412    34.9463    34.9465    27.7062    27.7063    1491.28    1491.28         21 0.0000e+00
      38524  71.860069   1383.000   1370.839     4.4568     4.4570   3.352810   3.352858     1.7118     1.9320    0.00116    0.00081     0.5420   102.5252    207.869    207.415    34.9455    34.9459    27.7063    27.7066    1491.27    1491.27         18 0.0000e+00
      38542  71.860077   1384.000   1371.831     4.4556     4.4559   3.352722   3.352775     1.7115     1.9317    0.00069    0.00016     0.5420   102.5251    207.848    207.398    34.9453    34.9457    27.7063    27.7065    1491.28    1491.28         19 0.0000e+00
      38562  71.860092   1385.000   1372.820     4.4555     4.4557   3.352760   3.352801     1.7105     1.9314    0.00005   -0.00058     0.5568   102.5251    207.712    207.383    34.9454    34.9456    27.7064    27.7065    1491.29    1491.30         21 0.0000e+00
      38584  71.860100   1386.000   1373.806     4.4567     4.4569   3.352950   3.352985     1.7099     1.9306   -0.00046   -0.00066     0.5435   102.5251    207.624    207.287    34.9458    34.9461    27.7066    27.7068    1491.32    1491.32         23 0.0000e+00
      38608  71.860115   1387.000   1374.791     4.4578     4.4581   3.353093   3.353159     1.7094     1.9303   -0.00042   -0.00074     0.5437   102.5202    207.563    207.260    34.9458    34.9463    27.7065    27.7068    1491.34    1491.34         24 0.0000e+00
      38633  71.860123   1388.000   1375.786     4.4565     4.4568   3.353016   3.353059     1.7089     1.9297   -0.00060   -0.00080     0.5437   102.5231    207.510    207.209    34.9458    34.9460    27.7066    27.7068    1491.35    1491.35         28 0.0000e+00
      38671  71.860146   1389.000   1376.770     4.4554     4.4559   3.352951   3.353007     1.7086     1.9299   -0.00050   -0.00052     0.5437   102.4165    207.501    207.267    34.9457    34.9459    27.7066    27.7068    1491.36    1491.36         51 0.0000e+00
