data/fr26/fr26003.cnv
* Sea-Bird SBE 9 Data File:
* FileName = C:\SEASOFT\PIRATA-FR26\data\fr26003.hex
* Software Version Seasave V 7.23.2
* Temperature SN = 6083
* Conductivity SN = 4509
* Number of Bytes Per Scan = 34
* Number of Voltage Words = 3
* Number of Scans Averaged by the Deck Unit = 1
* NMEA Latitude = 01 30.17 N
* NMEA Longitude = 023 00.17 W
* NMEA UTC (Time) = Mar 12 2016  01:30:55
** Cruise: PIRATA-FR26
** Ship: THALASSA
** Station: 3
** Bottom Depth: 3651
** Pressure frequency switch pos 2 before station: 33113.16
** Pressure frequency switch pos 2 after station: 33092.5
** Operator: GH-JH
** Comments:
# nquan = 24
# nvalues = 4043                        
# units = specified
# name 0 = scan: Scan Count
# name 1 = timeJ: Julian Days
# name 2 = prDM: Pressure, Digiquartz [db]
# name 3 = depSM: Depth [salt water, m]
# name 4 = t090C: Temperature [ITS-90, deg C]
# name 5 = t190C: Temperature, 2 [ITS-90, deg C]
# name 6 = c0S/m: Conductivity [S/m]
# name 7 = c1S/m: Conductivity, 2 [S/m]
# name 8 = sbeox0V: Oxygen raw, SBE 43 [V]
# name 9 = sbeox1V: Oxygen raw, SBE 43, 2 [V]
# name 10 = sbeox1dOV/dT: Oxygen, SBE 43, 2 [dov/dt]
# name 11 = sbeox0dOV/dT: Oxygen, SBE 43 [dov/dt]
# name 12 = flECO-AFL: Fluorescence, WET Labs ECO-AFL/FL [mg/m^3]
# name 13 = CStarTr0: Beam Transmission, WET Labs C-Star [%]
# name 14 = sbeox0Mm/Kg: Oxygen, SBE 43 [umol/kg], WS = 2
# name 15 = sbeox1Mm/Kg: Oxygen, SBE 43, 2 [umol/kg], WS = 2
# name 16 = sal00: Salinity, Practical [PSU]
# name 17 = sal11: Salinity, Practical, 2 [PSU]
# name 18 = sigma-é00: Density [sigma-theta, kg/m^3]
# name 19 = sigma-é11: Density, 2 [sigma-theta, kg/m^3]
# name 20 = svCM: Sound Velocity [Chen-Millero, m/s]
# name 21 = svCM1: Sound Velocity, 2 [Chen-Millero, m/s]
# name 22 = nbin: number of scans per bin
# name 23 = flag: flag
# span 0 =         60,     140812       
# span 1 =  72.063165,  72.131043       
# span 2 =      1.000,   2023.000       
# span 3 =      0.983,   2002.206       
# span 4 =     3.5840,    29.2195       
# span 5 =     3.5842,    29.2199       
# span 6 =   3.302117,   5.893496       
# span 7 =   3.302223,   5.893611       
# span 8 =     1.2267,     2.7940       
# span 9 =     1.3798,     3.1813       
# span 10 =   -0.04440,    0.04292      
# span 11 =   -0.04251,    0.03907      
# span 12 =     0.5131,     2.1662      
# span 13 =    89.7660,   102.4977      
# span 14 =     91.395,    236.904      
# span 15 =     91.967,    236.769      
# span 16 =    34.5073,    36.1170      
# span 17 =    34.5077,    36.1174      
# span 18 =    22.6463,    27.8165      
# span 19 =    22.6447,    27.8166      
# span 20 =    1483.36,    1544.98      
# span 21 =    1483.36,    1544.99      
# span 22 =         12,        137      
# span 23 = 0.0000e+00, 0.0000e+00      
# interval = decibars: 1                
# start_time = Mar 12 2016 01:30:55 [System UTC, header]
# bad_flag = -9.990e-29
*END*
[from data line 484]
      19435  72.072510    487.000    483.760     7.6862     7.6866   3.583828   3.583849     1.2987     1.4544    0.00199    0.00171     0.5437   102.1272    112.640    112.306    34.6753    34.6752    27.0724    27.0723    1488.90    1488.90         24 0.0000e+00
      19466  72.072525    488.000    484.749     7.6738     7.6740   3.582597   3.582667     1.3034     1.4597    0.00292    0.00288     0.5437   102.1370    113.346    113.007    34.6739    34.6744    27.0731    27.0735    1488.86    1488.86         39 0.0000e+00
      19504  72.072540    489.000    485.730     7.6711     7.6713   3.582374   3.582452     1.3070     1.4649    0.00410    0.00423     0.5437   102.1364    113.877    113.661    34.6737    34.6744    27.0734    27.0739    1488.87    1488.87         32 0.0000e+00
      19530  72.072556    490.000    486.725     7.6666     7.6668   3.581953   3.582012     1.3079     1.4668    0.00411    0.00337     0.5437   102.1576    114.037    113.911    34.6731    34.6736    27.0736    27.0739    1488.87    1488.87         22 0.0000e+00
      19550  72.072563    491.000    487.723     7.6505     7.6511   3.580351   3.580422     1.3088     1.4677    0.00358    0.00239     0.5437   102.1445    114.226    114.083    34.6714    34.6715    27.0746    27.0745    1488.82    1488.82         20 0.0000e+00
      19572  72.072571    492.000    488.723     7.6250     7.6253   3.577832   3.577888     1.3109     1.4699    0.00249    0.00163     0.5437   102.1464    114.599    114.439    34.6691    34.6693    27.0764    27.0766    1488.74    1488.74         24 0.0000e+00
      19603  72.072586    493.000    489.707     7.6088     7.6092   3.576257   3.576346     1.3142     1.4739    0.00147    0.00103     0.5445   102.1468    115.127    114.993    34.6677    34.6682    27.0777    27.0780    1488.69    1488.69         38 0.0000e+00
      19638  72.072609    494.000    490.690     7.6019     7.6021   3.575614   3.575699     1.3173     1.4778    0.00251    0.00225     0.5365   102.1530    115.605    115.495    34.6671    34.6679    27.0782    27.0788    1488.68    1488.68         27 0.0000e+00
      19659  72.072617    495.000    491.680     7.5995     7.5999   3.575413   3.575511     1.3188     1.4795    0.00313    0.00260     0.5283   102.1386    115.837    115.723    34.6669    34.6675    27.0784    27.0788    1488.69    1488.69         18 0.0000e+00
      19675  72.072624    496.000    492.681     7.5942     7.5944   3.574918   3.574994     1.3195     1.4803    0.00291    0.00245     0.5454   102.1613    115.972    115.855    34.6663    34.6669    27.0787    27.0791    1488.68    1488.68         16 0.0000e+00
      19691  72.072632    497.000    493.681     7.5899     7.5901   3.574520   3.574592     1.3208     1.4811    0.00266    0.00219     0.5477   102.1631    116.179    115.976    34.6658    34.6664    27.0790    27.0794    1488.68    1488.68         15 0.0000e+00
      19707  72.072639    498.000    494.675     7.5803     7.5805   3.573618   3.573692     1.3227     1.4830    0.00233    0.00191     0.5437   102.1527    116.489    116.250    34.6651    34.6656    27.0798    27.0802    1488.66    1488.66         18 0.0000e+00
      19728  72.072647    499.000    495.668     7.5738     7.5740   3.573018   3.573084     1.3258     1.4858    0.00163    0.00143     0.5437   102.1390    116.961    116.627    34.6646    34.6651    27.0804    27.0808    1488.65    1488.65         26 0.0000e+00
      19761  72.072662    500.000    496.650     7.5668     7.5669   3.572350   3.572409     1.3293     1.4899    0.00191    0.00227     0.5437   102.1463    117.503    117.167    34.6638    34.6644    27.0808    27.0812    1488.64    1488.64         37 0.0000e+00
      19794  72.072685    501.000    497.639     7.5457     7.5455   3.570266   3.570248     1.3323     1.4934    0.00321    0.00336     0.5375   102.1455    118.003    117.669    34.6617    34.6618    27.0822    27.0823    1488.57    1488.57         27 0.0000e+00
      19819  72.072693    502.000    498.637     7.5242     7.5243   3.568161   3.568178     1.3348     1.4965    0.00312    0.00256     0.5233   102.1546    118.435    118.134    34.6599    34.6600    27.0839    27.0840    1488.50    1488.50         24 0.0000e+00
      19847  72.072708    503.000    499.634     7.5044     7.5041   3.566214   3.566230     1.3393     1.5012    0.00255    0.00217     0.5422   102.1685    119.151    118.773    34.6580    34.6585    27.0852    27.0856    1488.44    1488.44         37 0.0000e+00
      19893  72.072731    504.000    500.613     7.4846     7.4825   3.564336   3.564178     1.3458     1.5086    0.00350    0.00315     0.5459   102.1707    120.140    119.761    34.6570    34.6573    27.0872    27.0878    1488.38    1488.37         44 0.0000e+00
      19923  72.072746    505.000    501.602     7.4543     7.4543   3.561345   3.561346     1.3490     1.5130    0.00410    0.00388     0.5436   102.1674    120.705    120.398    34.6541    34.6542    27.0894    27.0894    1488.28    1488.28         22 0.0000e+00
      19942  72.072754    506.000    502.597     7.4285     7.4288   3.558908   3.558907     1.3513     1.5148    0.00398    0.00334     0.5437   102.1796    121.122    120.718    34.6530    34.6526    27.0921    27.0918    1488.19    1488.20         17 0.0000e+00
      19958  72.072762    507.000    503.595     7.4066     7.4071   3.556783   3.556818     1.3534     1.5169    0.00372    0.00295     0.5437   102.1907    121.506    121.049    34.6512    34.6511    27.0938    27.0938    1488.13    1488.13         15 0.0000e+00
      19973  72.072769    508.000    504.589     7.3983     7.3985   3.555968   3.556033     1.3558     1.5193    0.00350    0.00275     0.5437   102.1790    121.890    121.386    34.6502    34.6507    27.0943    27.0946    1488.11    1488.11         16 0.0000e+00
      19990  72.072777    509.000    505.585     7.3959     7.3961   3.555750   3.555823     1.3579     1.5219    0.00308    0.00254     0.5437   102.1796    122.213    121.729    34.6497    34.6503    27.0942    27.0947    1488.12    1488.12         17 0.0000e+00
      20008  72.072784    510.000    506.577     7.3917     7.3920   3.555326   3.555410     1.3599     1.5245    0.00270    0.00290     0.5451   102.1829    122.527    122.085    34.6488    34.6494    27.0942    27.0946    1488.11    1488.12         20 0.0000e+00
      20030  72.072792    511.000    507.568     7.3823     7.3824   3.554394   3.554451     1.3620     1.5272    0.00333    0.00345     0.5437   102.1855    122.876    122.456    34.6476    34.6481    27.0946    27.0949    1488.09    1488.09         23 0.0000e+00
      20055  72.072807    512.000    508.558     7.3663     7.3663   3.552825   3.552833     1.3634     1.5294    0.00371    0.00314     0.5331   102.1884    123.140    122.793    34.6461    34.6461    27.0956    27.0957    1488.05    1488.05         26 0.0000e+00
      20085  72.072823    513.000    509.555     7.3520     7.3522   3.551489   3.551565     1.3649     1.5311    0.00308    0.00231     0.5362   102.1952    123.407    123.060    34.6452    34.6459    27.0970    27.0974    1488.01    1488.01         38 0.0000e+00
      20134  72.072845    514.000    510.534     7.3487     7.3486   3.551214   3.551327     1.3655     1.5337    0.00155    0.00125     0.5443   102.1906    123.517    123.408    34.6451    34.6464    27.0974    27.0984    1488.01    1488.01         49 0.0000e+00
      20167  72.072861    515.000    511.524     7.3444     7.3445   3.550844   3.550937     1.3651     1.5348    0.00155    0.00035     0.5437   102.1965    123.487    123.576    34.6449    34.6458    27.0978    27.0985    1488.01    1488.01         23 0.0000e+00
      20187  72.072868    516.000    512.523     7.3426     7.3428   3.550723   3.550802     1.3651     1.5348    0.00114    0.00030     0.5437   102.2083    123.510    123.591    34.6449    34.6455    27.0981    27.0986    1488.02    1488.02         18 0.0000e+00
      20205  72.072884    517.000    513.517     7.3277     7.3280   3.549285   3.549253     1.3651     1.5348    0.00084   -0.00000     0.5437   102.2034    123.572    123.664    34.6436    34.6429    27.0992    27.0986    1487.98    1487.98         18 0.0000e+00
      20224  72.072891    518.000    514.515     7.2936     7.2942   3.545948   3.546004     1.3651     1.5348    0.00076   -0.00006     0.5437   102.2003    123.693    123.776    34.6408    34.6409    27.1018    27.1018    1487.86    1487.86         22 0.0000e+00
      20249  72.072899    519.000    515.505     7.2791     7.2793   3.544535   3.544554     1.3653     1.5349   -0.00002   -0.00017     0.5437   102.1957    123.787    123.849    34.6395    34.6395    27.1028    27.1028    1487.82    1487.82         29 0.0000e+00
      20279  72.072914    520.000    516.487     7.2650     7.2651   3.543186   3.543252     1.3657     1.5348    0.00017   -0.00006     0.5437   102.2007    123.902    123.894    34.6383    34.6389    27.1039    27.1043    1487.78    1487.78         28 0.0000e+00
      20303  72.072929    521.000    517.479     7.2554     7.2556   3.542315   3.542379     1.3645     1.5347    0.00011    0.00020     0.5437   102.2139    123.782    123.931    34.6379    34.6385    27.1050    27.1053    1487.76    1487.76         21 0.0000e+00
      20323  72.072937    522.000    518.475     7.2504     7.2505   3.541864   3.541945     1.3638     1.5339    0.00003    0.00045     0.5437   102.2116    123.705    123.865    34.6376    34.6383    27.1054    27.1059    1487.75    1487.76         19 0.0000e+00
      20342  72.072945    523.000    519.471     7.2474     7.2477   3.541637   3.541720     1.3634     1.5333   -0.00011   -0.00009     0.5437   102.2073    123.676    123.819    34.6376    34.6382    27.1058    27.1062    1487.76    1487.76         19 0.0000e+00
      20363  72.072960    524.000    520.467     7.2458     7.2460   3.541504   3.541595     1.3626     1.5323   -0.00019   -0.00103     0.5437   102.2048    123.580    123.716    34.6373    34.6380    27.1058    27.1064    1487.77    1487.77         23 0.0000e+00
      20389  72.072968    525.000    521.455     7.2447     7.2448   3.541438   3.541519     1.3625     1.5316   -0.00075   -0.00082     0.5437   102.2074    123.583    123.648    34.6372    34.6379    27.1059    27.1065    1487.78    1487.78         30 0.0000e+00
      20421  72.072983    526.000    522.444     7.2410     7.2411   3.541107   3.541175     1.3624     1.5312   -0.00103   -0.00068     0.5437   102.2101    123.600    123.632    34.6368    34.6374    27.1061    27.1066    1487.78    1487.78         32 0.0000e+00
      20451  72.072998    527.000    523.435     7.2364     7.2366   3.540698   3.540781     1.3617     1.5311   -0.00062   -0.00017     0.5437   102.2045    123.525    123.643    34.6364    34.6371    27.1065    27.1071    1487.78    1487.78         28 0.0000e+00
      20477  72.073013    528.000    524.427     7.2295     7.2297   3.540056   3.540112     1.3614     1.5307   -0.00025   -0.00008     0.5437   102.2183    123.518    123.638    34.6358    34.6362    27.1070    27.1073    1487.77    1487.77         25 0.0000e+00
      20502  72.073021    529.000    525.420     7.2142     7.2145   3.538588   3.538658     1.3612     1.5304   -0.00014   -0.00043     0.5437   102.2159    123.553    123.666    34.6346    34.6351    27.1082    27.1086    1487.73    1487.73         25 0.0000e+00
      20526  72.073036    530.000    526.413     7.2094     7.2097   3.538146   3.538246     1.3606     1.5303   -0.00021   -0.00053     0.5437   102.2169    123.503    123.681    34.6342    34.6349    27.1086    27.1091    1487.72    1487.73         24 0.0000e+00
      20552  72.073044    531.000    527.406     7.2053     7.2056   3.537752   3.537853     1.3604     1.5300   -0.00038   -0.00016     0.5437   102.2115    123.498    123.665    34.6334    34.6342    27.1085    27.1091    1487.72    1487.73         28 0.0000e+00
      20582  72.073059    532.000    528.397     7.1988     7.1989   3.537128   3.537207     1.3605     1.5299   -0.00013   -0.00046     0.5437   102.1964    123.556    123.697    34.6327    34.6334    27.1089    27.1095    1487.71    1487.72         30 0.0000e+00
      20611  72.073074    533.000    529.386     7.1941     7.1944   3.536688   3.536783     1.3608     1.5295   -0.00028   -0.00021     0.5437   102.1956    123.622    123.678    34.6321    34.6328    27.1091    27.1096    1487.71    1487.71         28 0.0000e+00
      20637  72.073090    534.000    530.376     7.1850     7.1851   3.535753   3.535789     1.3604     1.5287   -0.00008    0.00004     0.5294   102.2185    123.613    123.621    34.6305    34.6307    27.1091    27.1093    1487.69    1487.69         24 0.0000e+00
      20660  72.073097    535.000    531.369     7.1212     7.1216   3.529473   3.529392     1.3607     1.5286   -0.00019    0.00028     0.5312   102.2192    123.871    123.834    34.6251    34.6239    27.1138    27.1128    1487.46    1487.45         22 0.0000e+00
      20681  72.073112    536.000    532.362     7.0893     7.0898   3.526366   3.526439     1.3614     1.5289   -0.00063   -0.00002     0.5455   102.2021    124.092    123.987    34.6226    34.6229    27.1163    27.1164    1487.34    1487.35         20 0.0000e+00
      20700  72.073120    537.000    533.353     7.0672     7.0675   3.524159   3.524167     1.3619     1.5300   -0.00058   -0.00034     0.5469   102.1985    124.241    124.205    34.6201    34.6198    27.1173    27.1171    1487.27    1487.27         19 0.0000e+00
      20718  72.073128    538.000    534.348     7.0410     7.0412   3.521581   3.521578     1.3627     1.5305   -0.00014    0.00025     0.5437   102.2004    124.458    124.371    34.6176    34.6174    27.1190    27.1188    1487.18    1487.19         18 0.0000e+00
      20736  72.073135    539.000    535.344     7.0257     7.0256   3.520039   3.520024     1.3636     1.5313    0.00025    0.00076     0.5437   102.2109    124.649    124.537    34.6155    34.6155    27.1195    27.1195    1487.14    1487.14         18 0.0000e+00
      20756  72.073143    540.000    536.338     6.9908     6.9916   3.516611   3.516628     1.3651     1.5330    0.00085    0.00063     0.5437   102.2086    124.997    124.866    34.6124    34.6118    27.1218    27.1213    1487.02    1487.02         21 0.0000e+00
      20781  72.073158    541.000    537.331     6.9632     6.9638   3.513900   3.513971     1.3677     1.5356    0.00098    0.00099     0.5437   102.2015    125.481    125.300    34.6098    34.6100    27.1236    27.1237    1486.92    1486.93         33 0.0000e+00
      20829  72.073181    542.000    538.313     6.9547     6.9538   3.513064   3.512985     1.3712     1.5400    0.00212    0.00209     0.5437   102.1987    126.032    125.891    34.6087    34.6088    27.1239    27.1241    1486.90    1486.90         54 0.0000e+00
      20868  72.073204    543.000    539.300     6.9362     6.9366   3.511283   3.511371     1.3729     1.5420    0.00257    0.00200     0.5437   102.2188    126.348    126.223    34.6072    34.6077    27.1252    27.1256    1486.85    1486.85         27 0.0000e+00
      20891  72.073212    544.000    540.298     6.9239     6.9240   3.510078   3.510068     1.3734     1.5430    0.00169    0.00146     0.5437   102.2166    126.477    126.395    34.6058    34.6056    27.1258    27.1257    1486.81    1486.81         22 0.0000e+00
      20913  72.073219    545.000    541.294     6.9046     6.9044   3.508179   3.508184     1.3738     1.5441    0.00134    0.00114     0.5437   102.2204    126.611    126.613    34.6039    34.6041    27.1270    27.1272    1486.75    1486.75         22 0.0000e+00
