data/fr26/fr26003.cnv
* Sea-Bird SBE 9 Data File:
* FileName = C:\SEASOFT\PIRATA-FR26\data\fr26003.hex
* Software Version Seasave V 7.23.2
* Temperature SN = 6083
* Conductivity SN = 4509
* Number of Bytes Per Scan = 34
* Number of Voltage Words = 3
* Number of Scans Averaged by the Deck Unit = 1
* NMEA Latitude = 01 30.17 N
* NMEA Longitude = 023 00.17 W
* NMEA UTC (Time) = Mar 12 2016  01:30:55
** Cruise: PIRATA-FR26
** Ship: THALASSA
** Station: 3
** Bottom Depth: 3651
** Pressure frequency switch pos 2 before station: 33113.16
** Pressure frequency switch pos 2 after station: 33092.5
** Operator: GH-JH
** Comments:
# nquan = 24
# nvalues = 4043                        
# units = specified
# name 0 = scan: Scan Count
# name 1 = timeJ: Julian Days
# name 2 = prDM: Pressure, Digiquartz [db]
# name 3 = depSM: Depth [salt water, m]
# name 4 = t090C: Temperature [ITS-90, deg C]
# name 5 = t190C: Temperature, 2 [ITS-90, deg C]
# name 6 = c0S/m: Conductivity [S/m]
# name 7 = c1S/m: Conductivity, 2 [S/m]
# name 8 = sbeox0V: Oxygen raw, SBE 43 [V]
# name 9 = sbeox1V: Oxygen raw, SBE 43, 2 [V]
# name 10 = sbeox1dOV/dT: Oxygen, SBE 43, 2 [dov/dt]
# name 11 = sbeox0dOV/dT: Oxygen, SBE 43 [dov/dt]
# name 12 = flECO-AFL: Fluorescence, WET Labs ECO-AFL/FL [mg/m^3]
# name 13 = CStarTr0: Beam Transmission, WET Labs C-Star [%]
# name 14 = sbeox0Mm/Kg: Oxygen, SBE 43 [umol/kg], WS = 2
# name 15 = sbeox1Mm/Kg: Oxygen, SBE 43, 2 [umol/kg], WS = 2
# name 16 = sal00: Salinity, Practical [PSU]
# name 17 = sal11: Salinity, Practical, 2 [PSU]
# name 18 = sigma-é00: Density [sigma-theta, kg/m^3]
# name 19 = sigma-é11: Density, 2 [sigma-theta, kg/m^3]
# name 20 = svCM: Sound Velocity [Chen-Millero, m/s]
# name 21 = svCM1: Sound Velocity, 2 [Chen-Millero, m/s]
# name 22 = nbin: number of scans per bin
# name 23 = flag: flag
# span 0 =         60,     140812       
# span 1 =  72.063165,  72.131043       
# span 2 =      1.000,   2023.000       
# span 3 =      0.983,   2002.206       
# span 4 =     3.5840,    29.2195       
# span 5 =     3.5842,    29.2199       
# span 6 =   3.302117,   5.893496       
# span 7 =   3.302223,   5.893611       
# span 8 =     1.2267,     2.7940       
# span 9 =     1.3798,     3.1813       
# span 10 =   -0.04440,    0.04292      
# span 11 =   -0.04251,    0.03907      
# span 12 =     0.5131,     2.1662      
# span 13 =    89.7660,   102.4977      
# span 14 =     91.395,    236.904      
# span 15 =     91.967,    236.769      
# span 16 =    34.5073,    36.1170      
# span 17 =    34.5077,    36.1174      
# span 18 =    22.6463,    27.8165      
# span 19 =    22.6447,    27.8166      
# span 20 =    1483.36,    1544.98      
# span 21 =    1483.36,    1544.99      
# span 22 =         12,        137      
# span 23 = 0.0000e+00, 0.0000e+00      
# interval = decibars: 1                
# start_time = Mar 12 2016 01:30:55 [System UTC, header]
# bad_flag = -9.990e-29
*END*
[from data line 1027]
      33250  72.079170   1030.000   1021.807     4.6424     4.6425   3.331128   3.331175     1.4493     1.6301   -0.00034    0.00006     0.5551   102.3866    155.094    155.041    34.6748    34.6753    27.4674    27.4678    1485.82    1485.82         24 0.0000e+00
      33275  72.079185   1031.000   1022.797     4.6417     4.6421   3.331100   3.331181     1.4492     1.6300   -0.00040   -0.00000     0.5459   102.3866    155.104    155.048    34.6747    34.6753    27.4674    27.4679    1485.83    1485.83         29 0.0000e+00
      33308  72.079201   1032.000   1023.782     4.6414     4.6416   3.331105   3.331175     1.4490     1.6300   -0.00010   -0.00007     0.5479   102.3752    155.078    155.071    34.6746    34.6752    27.4674    27.4679    1485.84    1485.85         36 0.0000e+00
      33342  72.079216   1033.000   1024.771     4.6413     4.6415   3.331147   3.331213     1.4488     1.6300    0.00004   -0.00007     0.5532   102.3722    155.066    155.078    34.6747    34.6752    27.4675    27.4679    1485.86    1485.86         29 0.0000e+00
      33368  72.079231   1034.000   1025.758     4.6406     4.6409   3.331120   3.331184     1.4481     1.6298   -0.00012   -0.00024     0.5434   102.3721    154.982    155.075    34.6746    34.6751    27.4675    27.4679    1485.87    1485.88         23 0.0000e+00
      33389  72.079239   1035.000   1026.750     4.6386     4.6389   3.330993   3.331050     1.4481     1.6289   -0.00006   -0.00022     0.5561   102.3742    155.011    154.976    34.6747    34.6751    27.4678    27.4681    1485.88    1485.88         20 0.0000e+00
      33408  72.079247   1036.000   1027.739     4.6370     4.6373   3.330899   3.330977     1.4481     1.6285   -0.00005   -0.00004     0.5647   102.3720    155.037    154.950    34.6747    34.6754    27.4680    27.4685    1485.89    1485.89         19 0.0000e+00
      33427  72.079254   1037.000   1028.735     4.6365     4.6367   3.330927   3.330997     1.4481     1.6284   -0.00034   -0.00040     0.5620   102.3714    155.059    154.958    34.6751    34.6757    27.4684    27.4689    1485.91    1485.91         20 0.0000e+00
      33448  72.079269   1038.000   1029.724     4.6379     4.6380   3.331127   3.331189     1.4481     1.6285   -0.00073   -0.00034     0.5427   102.3752    155.073    154.989    34.6755    34.6761    27.4686    27.4690    1485.93    1485.93         22 0.0000e+00
      33473  72.079277   1039.000   1030.715     4.6383     4.6386   3.331225   3.331286     1.4481     1.6288   -0.00049   -0.00002     0.5415   102.3660    155.091    155.049    34.6757    34.6762    27.4687    27.4690    1485.95    1485.95         28 0.0000e+00
      33504  72.079292   1040.000   1031.699     4.6381     4.6383   3.331265   3.331319     1.4481     1.6288    0.00005   -0.00011     0.5427   102.3720    155.111    155.071    34.6759    34.6763    27.4689    27.4692    1485.97    1485.97         32 0.0000e+00
      33534  72.079308   1041.000   1032.687     4.6360     4.6363   3.331105   3.331173     1.4481     1.6288    0.00024    0.00012     0.5608   102.3762    155.141    155.100    34.6757    34.6762    27.4690    27.4693    1485.97    1485.97         29 0.0000e+00
      33563  72.079323   1042.000   1033.679     4.6335     4.6337   3.330916   3.330982     1.4481     1.6288    0.00014    0.00014     0.5425   102.3757    155.171    155.131    34.6757    34.6762    27.4692    27.4697    1485.98    1485.98         28 0.0000e+00
      33592  72.079338   1043.000   1034.670     4.6324     4.6326   3.330860   3.330919     1.4481     1.6288   -0.00007   -0.00004     0.5506   102.3578    155.196    155.156    34.6757    34.6761    27.4694    27.4697    1485.99    1485.99         31 0.0000e+00
      33623  72.079353   1044.000   1035.656     4.6312     4.6314   3.330800   3.330867     1.4481     1.6288   -0.00003   -0.00004     0.5477   102.3870    155.221    155.181    34.6757    34.6763    27.4695    27.4699    1486.00    1486.00         30 0.0000e+00
      33651  72.079361   1045.000   1036.643     4.6292     4.6295   3.330655   3.330715     1.4481     1.6288 5.3311e-07    0.00006     0.5423   102.3866    155.250    155.210    34.6756    34.6760    27.4697    27.4700    1486.01    1486.01         25 0.0000e+00
      33673  72.079376   1046.000   1037.632     4.6194     4.6197   3.329765   3.329815     1.4480     1.6288 -5.475e-12    0.00004     0.5731   102.3866    155.301    155.263    34.6749    34.6752    27.4702    27.4704    1485.99    1485.99         21 0.0000e+00
      33693  72.079384   1047.000   1038.621     4.6130     4.6132   3.329187   3.329236     1.4480     1.6283 -6.084e-12   -0.00012     0.5725   102.3851    155.336    155.243    34.6744    34.6747    27.4705    27.4707    1485.98    1485.98         18 0.0000e+00
      33710  72.079391   1048.000   1039.619     4.6075     4.6077   3.328799   3.328862     1.4475     1.6277   -0.00003   -0.00007     0.5688   102.3769    155.306    155.200    34.6750    34.6756    27.4716    27.4720    1485.97    1485.97         17 0.0000e+00
      33728  72.079399   1049.000   1040.613     4.6012     4.6018   3.328320   3.328365     1.4471     1.6273   -0.00005   -0.00005     0.5566   102.3735    155.288    155.190    34.6755    34.6754    27.4727    27.4726    1485.96    1485.96         19 0.0000e+00
      33751  72.079414   1050.000   1041.604     4.5774     4.5778   3.326235   3.326281     1.4478     1.6273   -0.00044   -0.00018     0.5443   102.3631    155.518    155.310    34.6756    34.6757    27.4754    27.4754    1485.88    1485.88         30 0.0000e+00
      33790  72.079430   1051.000   1042.582     4.5681     4.5686   3.325466   3.325541     1.4487     1.6281   -0.00055   -0.00021     0.5634   102.3691    155.715    155.487    34.6758    34.6762    27.4766    27.4768    1485.86    1485.86         43 0.0000e+00
      33824  72.079445   1052.000   1043.566     4.5630     4.5633   3.325043   3.325092     1.4493     1.6288    0.00025    0.00057     0.5670   102.3585    155.852    155.634    34.6757    34.6760    27.4770    27.4772    1485.85    1485.86         25 0.0000e+00
      33846  72.079460   1053.000   1044.561     4.5591     4.5594   3.324721   3.324779     1.4490     1.6289    0.00054    0.00052     0.5523   102.3589    155.844    155.683    34.6755    34.6758    27.4773    27.4775    1485.85    1485.86         21 0.0000e+00
      33867  72.079468   1054.000   1045.559     4.5559     4.5561   3.324457   3.324502     1.4491     1.6290    0.00079    0.00066     0.5547   102.3589    155.898    155.725    34.6752    34.6756    27.4775    27.4777    1485.86    1485.86         22 0.0000e+00
      33893  72.079483   1055.000   1046.546     4.5536     4.5538   3.324277   3.324323     1.4491     1.6298    0.00019    0.00003     0.5640   102.3589    155.926    155.872    34.6751    34.6753    27.4776    27.4778    1485.86    1485.87         31 0.0000e+00
      33925  72.079498   1056.000   1047.528     4.5519     4.5521   3.324162   3.324217     1.4488     1.6293    0.00025   -0.00006     0.5682   102.3589    155.904    155.826    34.6749    34.6754    27.4777    27.4780    1485.87    1485.88         30 0.0000e+00
      33951  72.079506   1057.000   1048.516     4.5518     4.5519   3.324203   3.324262     1.4484     1.6289    0.00059    0.00007     0.5716   102.3589    155.866    155.786    34.6750    34.6756    27.4778    27.4782    1485.89    1485.89         23 0.0000e+00
      33972  72.079521   1058.000   1049.509     4.5520     4.5522   3.324264   3.324337     1.4481     1.6288   -0.00010   -0.00004     0.5440   102.3589    155.832    155.798    34.6751    34.6757    27.4778    27.4783    1485.91    1485.91         20 0.0000e+00
      33992  72.079529   1059.000   1050.505     4.5515     4.5517   3.324265   3.324321     1.4481     1.6288   -0.00049   -0.00040     0.5437   102.3589    155.854    155.821    34.6751    34.6756    27.4779    27.4783    1485.92    1485.92         21 0.0000e+00
      34016  72.079536   1060.000   1051.497     4.5504     4.5506   3.324204   3.324270     1.4481     1.6288   -0.00033   -0.00011     0.5391   102.3589    155.878    155.846    34.6750    34.6756    27.4780    27.4784    1485.93    1485.94         26 0.0000e+00
      34047  72.079552   1061.000   1052.479     4.5499     4.5501   3.324204   3.324266     1.4481     1.6288    0.00001   -0.00029     0.5473   102.3589    155.901    155.868    34.6751    34.6755    27.4781    27.4784    1485.95    1485.95         34 0.0000e+00
      34079  72.079575   1062.000   1053.466     4.5496     4.5498   3.324238   3.324301     1.4481     1.6288   -0.00006   -0.00004     0.5665   102.3589    155.922    155.889    34.6752    34.6757    27.4782    27.4786    1485.96    1485.97         30 0.0000e+00
      34106  72.079582   1063.000   1054.451     4.5497     4.5498   3.324295   3.324340     1.4481     1.6288   -0.00007   -0.00001     0.5513   102.3589    155.941    155.910    34.6753    34.6757    27.4783    27.4786    1485.98    1485.98         23 0.0000e+00
      34126  72.079590   1064.000   1055.444     4.5498     4.5500   3.324342   3.324403     1.4481     1.6288    0.00007   -0.00004     0.5470   102.3589    155.960    155.929    34.6752    34.6758    27.4782    27.4787    1486.00    1486.00         18 0.0000e+00
      34144  72.079605   1065.000   1056.440     4.5500     4.5501   3.324397   3.324460     1.4481     1.6288    0.00010 6.1561e-07     0.5626   102.3589    155.981    155.943    34.6752    34.6758    27.4782    27.4786    1486.02    1486.02         18 0.0000e+00
      34162  72.079613   1066.000   1057.430     4.5505     4.5506   3.324515   3.324561     1.4479     1.6277    0.00001   -0.00003     0.5695   102.3589    155.969    155.813    34.6756    34.6760    27.4785    27.4788    1486.04    1486.04         20 0.0000e+00
      34186  72.079620   1067.000   1058.426     4.5525     4.5527   3.324850   3.324910     1.4478     1.6277   -0.00027   -0.00011     0.5510   102.3589    155.955    155.815    34.6769    34.6774    27.4793    27.4797    1486.06    1486.06         29 0.0000e+00
      34224  72.079643   1068.000   1059.404     4.5528     4.5530   3.324925   3.324991     1.4477     1.6285   -0.00045   -0.00007     0.5532   102.3589    155.965    155.950    34.6769    34.6775    27.4793    27.4797    1486.08    1486.08         45 0.0000e+00
      34262  72.079659   1069.000   1060.388     4.5536     4.5538   3.325073   3.325141     1.4481     1.6288    0.00029    0.00000     0.5412   102.3589    156.046    156.006    34.6773    34.6779    27.4795    27.4800    1486.10    1486.10         29 0.0000e+00
      34286  72.079674   1070.000   1061.382     4.5550     4.5551   3.325265   3.325334     1.4481     1.6288    0.00061   -0.00014     0.5533   102.3589    156.057    156.026    34.6777    34.6783    27.4797    27.4802    1486.12    1486.12         22 0.0000e+00
      34308  72.079681   1071.000   1062.376     4.5552     4.5555   3.325340   3.325419     1.4481     1.6288    0.00019    0.00025     0.5553   102.3589    156.078    156.044    34.6778    34.6783    27.4797    27.4802    1486.14    1486.14         21 0.0000e+00
      34331  72.079689   1072.000   1063.366     4.5551     4.5554   3.325381   3.325446     1.4481     1.6288    0.00006   -0.00007     0.5438   102.3589    156.098    156.065    34.6778    34.6783    27.4798    27.4802    1486.16    1486.16         25 0.0000e+00
      34357  72.079704   1073.000   1064.352     4.5546     4.5550   3.325359   3.325439     1.4478     1.6286    0.00001   -0.00002     0.5571   102.3589    156.065    156.054    34.6776    34.6781    27.4797    27.4800    1486.17    1486.17         27 0.0000e+00
      34384  72.079720   1074.000   1065.338     4.5516     4.5519   3.325089   3.325158     1.4476     1.6286   -0.00008    0.00022     0.5533   102.3589    156.065    156.086    34.6771    34.6776    27.4797    27.4800    1486.17    1486.18         25 0.0000e+00
      34406  72.079727   1075.000   1066.328     4.5467     4.5469   3.324650   3.324728     1.4473     1.6282   -0.00007   -0.00023     0.5582   102.3589    156.061    156.080    34.6766    34.6773    27.4798    27.4803    1486.17    1486.17         21 0.0000e+00
      34425  72.079735   1076.000   1067.319     4.5465     4.5467   3.324675   3.324747     1.4472     1.6280   -0.00022   -0.00015     0.5555   102.3589    156.060    156.068    34.6766    34.6772    27.4798    27.4803    1486.19    1486.19         18 0.0000e+00
      34445  72.079750   1077.000   1068.317     4.5466     4.5468   3.324737   3.324806     1.4469     1.6278    0.00004   -0.00020     0.5423   102.3589    156.035    156.055    34.6768    34.6773    27.4799    27.4803    1486.20    1486.20         21 0.0000e+00
      34469  72.079758   1078.000   1069.307     4.5469     4.5471   3.324831   3.324898     1.4469     1.6276   -0.00025   -0.00024     0.5455   102.3589    156.054    156.050    34.6770    34.6775    27.4801    27.4805    1486.22    1486.22         30 0.0000e+00
      34503  72.079773   1079.000   1070.286     4.5469     4.5471   3.324878   3.324949     1.4469     1.6276   -0.00034   -0.00021     0.5604   102.3540    156.073    156.069    34.6770    34.6776    27.4801    27.4806    1486.24    1486.24         35 0.0000e+00
      34535  72.079788   1080.000   1071.276     4.5471     4.5473   3.324940   3.325000     1.4469     1.6276   -0.00009   -0.00003     0.5655   102.3629    156.093    156.088    34.6771    34.6776    27.4802    27.4805    1486.26    1486.26         28 0.0000e+00
      34562  72.079803   1081.000   1072.270     4.5472     4.5474   3.324991   3.325055     1.4469     1.6276   -0.00002   -0.00001     0.5612   102.3667    156.113    156.108    34.6771    34.6776    27.4802    27.4806    1486.27    1486.27         28 0.0000e+00
      34592  72.079819   1082.000   1073.257     4.5481     4.5483   3.325172   3.325235     1.4469     1.6276   -0.00031   -0.00002     0.5594   102.3625    156.128    156.124    34.6777    34.6782    27.4806    27.4809    1486.29    1486.30         31 0.0000e+00
      34622  72.079834   1083.000   1074.241     4.5482     4.5483   3.325214   3.325278     1.4469     1.6276   -0.00002    0.00001     0.5454   102.3608    156.148    156.144    34.6776    34.6782    27.4805    27.4810    1486.31    1486.31         28 0.0000e+00
      34646  72.079842   1084.000   1075.228     4.5475     4.5477   3.325203   3.325253     1.4469     1.6275    0.00026   -0.00001     0.5405   102.3687    156.171    156.158    34.6778    34.6781    27.4807    27.4810    1486.32    1486.33         20 0.0000e+00
      34664  72.079849   1085.000   1076.221     4.5475     4.5477   3.325246   3.325301     1.4464     1.6272    0.00023   -0.00000     0.5691   102.3605    156.108    156.136    34.6778    34.6781    27.4807    27.4810    1486.34    1486.34         17 0.0000e+00
      34681  72.079865   1086.000   1077.216     4.5473     4.5475   3.325264   3.325338     1.4461     1.6268    0.00008    0.00009     0.5665   102.3745    156.087    156.100    34.6777    34.6783    27.4807    27.4811    1486.36    1486.36         16 0.0000e+00
      34697  72.079872   1087.000   1078.210     4.5470     4.5474   3.325315   3.325388     1.4459     1.6265    0.00001   -0.00005     0.5708   102.3620    156.077    156.075    34.6780    34.6785    27.4810    27.4813    1486.37    1486.37         18 0.0000e+00
      34719  72.079880   1088.000   1079.203     4.5475     4.5478   3.325423   3.325511     1.4461     1.6264   -0.00026   -0.00038     0.5579   102.3591    156.123    156.080    34.6783    34.6790    27.4812    27.4817    1486.39    1486.39         27 0.0000e+00
