data/fr26/fr26001.cnv
* Sea-Bird SBE 9 Data File:
* FileName = C:\SEASOFT\PIRATA-FR26\data\fr26001.hex
* Software Version Seasave V 7.23.2
* Temperature SN = 6083
* Conductivity SN = 4509
* Number of Bytes Per Scan = 34
* Number of Voltage Words = 3
* Number of Scans Averaged by the Deck Unit = 1
* NMEA Latitude = 11 27.90 N
* NMEA Longitude = 023 00.01 W
* NMEA UTC (Time) = Mar 09 2016  17:28:55
** Cruise: PIRATA-FR26
** Ship: THALASSA
** Station: 1
** Bottom Depth: 5116
** Pressure frequency switch pos 2:
** Operator: PR-YG-JG
** Comments:
# nquan = 24
# nvalues = 4042                        
# units = specified
# name 0 = scan: Scan Count
# name 1 = timeJ: Julian Days
# name 2 = prDM: Pressure, Digiquartz [db]
# name 3 = depSM: Depth [salt water, m]
# name 4 = t090C: Temperature [ITS-90, deg C]
# name 5 = t190C: Temperature, 2 [ITS-90, deg C]
# name 6 = c0S/m: Conductivity [S/m]
# name 7 = c1S/m: Conductivity, 2 [S/m]
# name 8 = sbeox0V: Oxygen raw, SBE 43 [V]
# name 9 = sbeox1V: Oxygen raw, SBE 43, 2 [V]
# name 10 = sbeox1dOV/dT: Oxygen, SBE 43, 2 [dov/dt]
# name 11 = sbeox0dOV/dT: Oxygen, SBE 43 [dov/dt]
# name 12 = flECO-AFL: Fluorescence, WET Labs ECO-AFL/FL [mg/m^3]
# name 13 = CStarTr0: Beam Transmission, WET Labs C-Star [%]
# name 14 = sbeox0Mm/Kg: Oxygen, SBE 43 [umol/kg], WS = 2
# name 15 = sbeox1Mm/Kg: Oxygen, SBE 43, 2 [umol/kg], WS = 2
# name 16 = sal00: Salinity, Practical [PSU]
# name 17 = sal11: Salinity, Practical, 2 [PSU]
# name 18 = sigma-é00: Density [sigma-theta, kg/m^3]
# name 19 = sigma-é11: Density, 2 [sigma-theta, kg/m^3]
# name 20 = svCM: Sound Velocity [Chen-Millero, m/s]
# name 21 = svCM1: Sound Velocity, 2 [Chen-Millero, m/s]
# name 22 = nbin: number of scans per bin
# name 23 = flag: flag
# span 0 =       -120,     112471       
# span 1 =  69.728357,  69.782653       
# span 2 =      2.000,   2023.000       
# span 3 =      1.988,   2001.795       
# span 4 =     3.5045,    24.7310       
# span 5 =     3.5048,    24.7305       
# span 6 =   3.295349,   5.383031       
# span 7 =   3.295387,   5.383042       
# span 8 =     0.7863,     2.6805       
# span 9 =     0.8624,     3.0820       
# span 10 =   -0.11891,    0.32603      
# span 11 =   -0.10616,    0.31715      
# span 12 =     0.5175,     2.4359      
# span 13 =    73.4551,   102.6657      
# span 14 =     37.644,    223.784      
# span 15 =     37.818,    223.785      
# span 16 =    34.8032,    36.7552      
# span 17 =    34.8043,    36.1729      
# span 18 =    24.0065,    27.8238      
# span 19 =    24.0066,    27.8240      
# span 20 =    1489.17,    1534.94      
# span 21 =    1489.13,    1534.94      
# span 22 =         11,        131      
# span 23 = 0.0000e+00, 0.0000e+00      
# interval = decibars: 1                
# start_time = Mar 09 2016 17:28:55 [System UTC, header]
# bad_flag = -9.990e-29
*END*
[from data line 423]
      15667  69.735970    425.000    422.133    10.3708    10.3709   3.878102   3.878157     0.8016     0.8815   -0.00064    0.00004     0.5437   102.2885     39.469     39.711    35.1511    35.1516    27.0146    27.0150    1498.35    1498.35         13 0.0000e+00
      15679  69.735977    426.000    423.136    10.3632    10.3633   3.877409   3.877413     0.7999     0.8803   -0.00068   -0.00005     0.5437   102.3054     39.254     39.589    35.1509    35.1509    27.0158    27.0158    1498.34    1498.34         12 0.0000e+00
      15691  69.735977    427.000    424.135    10.3480    10.3482   3.875947   3.875994     0.7983     0.8787   -0.00076   -0.00057     0.5437   102.3058     39.069     39.434    35.1504    35.1507    27.0181    27.0183    1498.30    1498.30         12 0.0000e+00
      15705  69.735985    428.000    425.133    10.3452    10.3452   3.875673   3.875729     0.7966     0.8768   -0.00136   -0.00142     0.5437   102.3035     38.845     39.229    35.1499    35.1504    27.0182    27.0186    1498.30    1498.30         15 0.0000e+00
      15722  69.735992    429.000    426.122    10.3409    10.3411   3.875288   3.875339     0.7953     0.8751   -0.00235   -0.00240     0.5437   102.3035     38.690     39.039    35.1496    35.1500    27.0187    27.0190    1498.30    1498.31         20 0.0000e+00
      15746  69.736008    430.000    427.112    10.3364    10.3363   3.874820   3.874876     0.7938     0.8731   -0.00284   -0.00317     0.5437   102.3035     38.496     38.828    35.1488    35.1494    27.0190    27.0194    1498.30    1498.30         29 0.0000e+00
      15785  69.736023    431.000    428.097    10.3292    10.3292   3.874167   3.874236     0.7925     0.8709   -0.00253   -0.00214     0.5443   102.3004     38.341     38.585    35.1487    35.1494    27.0201    27.0207    1498.29    1498.30         48 0.0000e+00
      15826  69.736046    432.000    429.078    10.3213    10.3212   3.873352   3.873401     0.7915     0.8693   -0.00167   -0.00110     0.5471   102.3235     38.220     38.422    35.1476    35.1482    27.0207    27.0211    1498.28    1498.28         28 0.0000e+00
      15847  69.736053    433.000    430.072    10.3061    10.3063   3.871838   3.871906     0.7911     0.8692   -0.00117   -0.00056     0.5452   102.3225     38.190     38.422    35.1465    35.1469    27.0225    27.0228    1498.24    1498.24         19 0.0000e+00
      15864  69.736061    434.000    431.073    10.2935    10.2938   3.870569   3.870625     0.7908     0.8684   -0.00115   -0.00030     0.5456   102.3242     38.156     38.359    35.1453    35.1456    27.0238    27.0239    1498.21    1498.21         16 0.0000e+00
      15881  69.736069    435.000    432.071    10.2814    10.2813   3.869320   3.869332     0.7904     0.8678   -0.00081   -0.00066     0.5437   102.3279     38.119     38.300    35.1439    35.1441    27.0248    27.0249    1498.18    1498.18         17 0.0000e+00
      15900  69.736084    436.000    433.067    10.2745    10.2746   3.868606   3.868668     0.7903     0.8676   -0.00037   -0.00067     0.5743   102.3253     38.124     38.291    35.1429    35.1434    27.0252    27.0256    1498.18    1498.18         23 0.0000e+00
      15927  69.736092    437.000    434.052    10.2698    10.2697   3.868115   3.868159     0.7899     0.8672   -0.00083   -0.00043     0.5647   102.3283     38.085     38.250    35.1420    35.1425    27.0253    27.0257    1498.17    1498.17         29 0.0000e+00
      15956  69.736107    438.000    435.040    10.2543    10.2540   3.866555   3.866533     0.7897     0.8669   -0.00051   -0.00032     0.5433   102.3212     38.074     38.240    35.1407    35.1408    27.0270    27.0271    1498.13    1498.13         28 0.0000e+00
      15982  69.736122    439.000    436.033    10.2371    10.2369   3.864783   3.864796     0.7890     0.8663   -0.00040   -0.00027     0.5449   102.3335     37.995     38.197    35.1389    35.1391    27.0286    27.0288    1498.09    1498.09         24 0.0000e+00
      16006  69.736130    440.000    437.026    10.2275    10.2274   3.863831   3.863876     0.7887     0.8657   -0.00022   -0.00020     0.5437   102.3291     37.976     38.136    35.1380    35.1385    27.0296    27.0300    1498.07    1498.07         26 0.0000e+00
      16031  69.736145    441.000    438.013    10.2237    10.2238   3.863513   3.863585     0.7886     0.8657   -0.00033   -0.00049     0.5437   102.3228     37.962     38.144    35.1380    35.1386    27.0302    27.0308    1498.07    1498.07         23 0.0000e+00
      16052  69.736153    442.000    439.007    10.2309    10.2310   3.864516   3.864634     0.7881     0.8654   -0.00071   -0.00051     0.5437   102.3470     37.895     38.112    35.1408    35.1418    27.0312    27.0320    1498.12    1498.12         19 0.0000e+00
      16070  69.736160    443.000    440.003    10.2309    10.2309   3.864670   3.864715     0.7880     0.8648   -0.00049   -0.00023     0.5437   102.3524     37.898     38.049    35.1419    35.1424    27.0321    27.0325    1498.13    1498.13         17 0.0000e+00
      16088  69.736176    444.000    440.997    10.2032    10.2032   3.861819   3.861773     0.7883     0.8646   -0.00007   -0.00019     0.5437   102.3434     37.959     38.053    35.1392    35.1388    27.0348    27.0345    1498.05    1498.05         18 0.0000e+00
      16107  69.736183    445.000    441.996    10.1847    10.1847   3.859867   3.859877     0.7885     0.8653   -0.00023   -0.00038     0.5437   102.3425     38.006     38.153    35.1368    35.1369    27.0362    27.0363    1498.00    1498.00         22 0.0000e+00
      16132  69.736191    446.000    442.981    10.1789    10.1791   3.859232   3.859293     0.7888     0.8649   -0.00059   -0.00007     0.5437   102.3421     38.052     38.119    35.1355    35.1360    27.0362    27.0365    1497.99    1497.99         28 0.0000e+00
      16160  69.736206    447.000    443.971    10.1751    10.1755   3.858838   3.858941     0.7883     0.8646    0.00023    0.00022     0.5437   102.3431     37.999     38.090    35.1347    35.1354    27.0362    27.0367    1497.99    1497.99         28 0.0000e+00
      16187  69.736221    448.000    444.964    10.1732    10.1732   3.858678   3.858738     0.7880     0.8645   -0.00005    0.00024     0.5437   102.3576     37.963     38.084    35.1346    35.1351    27.0365    27.0369    1498.00    1498.00         26 0.0000e+00
      16213  69.736229    449.000    445.956    10.1691    10.1691   3.858274   3.858327     0.7877     0.8645   -0.00017   -0.00023     0.5437   102.3463     37.940     38.093    35.1339    35.1345    27.0367    27.0371    1498.00    1498.00         26 0.0000e+00
      16239  69.736244    450.000    446.943    10.1618    10.1619   3.857559   3.857612     0.7875     0.8645   -0.00028   -0.00033     0.5437   102.3555     37.926     38.104    35.1333    35.1337    27.0374    27.0378    1497.99    1497.99         23 0.0000e+00
      16260  69.736252    451.000    447.928    10.1507    10.1509   3.856461   3.856485     0.7873     0.8641   -0.00010   -0.00028     0.5437   102.3500     37.914     38.073    35.1323    35.1324    27.0386    27.0386    1497.97    1497.97         19 0.0000e+00
      16277  69.736267    452.000    448.935    10.1313    10.1315   3.854524   3.854529     0.7870     0.8642 9.6072e-07   -0.00023     0.5437   102.3606     37.896     38.108    35.1309    35.1308    27.0409    27.0408    1497.91    1497.91         17 0.0000e+00
      16294  69.736275    453.000    449.931    10.1164    10.1168   3.853061   3.853122     0.7872     0.8637   -0.00002   -0.00014     0.5437   102.3589     37.933     38.069    35.1300    35.1303    27.0428    27.0429    1497.88    1497.88         17 0.0000e+00
      16314  69.736282    454.000    450.928    10.1130    10.1132   3.852822   3.852896     0.7876     0.8642   -0.00020   -0.00022     0.5683   102.3589     37.998     38.132    35.1304    35.1310    27.0437    27.0442    1497.88    1497.88         26 0.0000e+00
      16350  69.736298    455.000    451.908    10.1133    10.1133   3.852906   3.852966     0.7886     0.8645   -0.00024   -0.00007     0.5442   102.3582     38.132     38.175    35.1306    35.1312    27.0438    27.0443    1497.90    1497.90         42 0.0000e+00
      16383  69.736313    456.000    452.890    10.1017    10.1014   3.851737   3.851736     0.7890     0.8650    0.00050    0.00067     0.5502   102.3589     38.205     38.246    35.1295    35.1297    27.0449    27.0451    1497.87    1497.87         24 0.0000e+00
      16404  69.736328    457.000    453.892    10.0883    10.0888   3.850384   3.850475     0.7893     0.8657    0.00026    0.00069     0.5420   102.3344     38.262     38.341    35.1282    35.1286    27.0463    27.0465    1497.84    1497.84         19 0.0000e+00
      16423  69.736336    458.000    454.890    10.0848    10.0848   3.850045   3.850103     0.7893     0.8657    0.00007    0.00031     0.5436   102.3580     38.267     38.350    35.1277    35.1282    27.0465    27.0469    1497.84    1497.84         20 0.0000e+00
      16446  69.736343    459.000    455.883    10.0813    10.0813   3.849693   3.849754     0.7894     0.8657    0.00056    0.00038     0.5437   102.3599     38.289     38.358    35.1270    35.1276    27.0466    27.0471    1497.84    1497.85         26 0.0000e+00
      16474  69.736359    460.000    456.866    10.0694    10.0692   3.848438   3.848454     0.7894     0.8657    0.00043    0.00015     0.5437   102.3670     38.299     38.374    35.1253    35.1257    27.0473    27.0476    1497.82    1497.82         28 0.0000e+00
      16499  69.736374    461.000    457.853    10.0578    10.0578   3.847246   3.847291     0.7890     0.8657   -0.00001    0.00011     0.5437   102.3651     38.261     38.390    35.1239    35.1243    27.0482    27.0486    1497.79    1497.79         22 0.0000e+00
      16519  69.736382    462.000    458.851    10.0512    10.0512   3.846590   3.846618     0.7889     0.8657 -1.027e-08    0.00004     0.5662   102.3691     38.261     38.400    35.1231    35.1234    27.0487    27.0490    1497.78    1497.78         19 0.0000e+00
      16537  69.736389    463.000    459.846    10.0409    10.0410   3.845531   3.845557     0.7888     0.8657 -2.133e-13   -0.00011     0.5624   102.3712     38.258     38.414    35.1219    35.1220    27.0496    27.0497    1497.76    1497.76         18 0.0000e+00
      16556  69.736397    464.000    460.845    10.0170    10.0167   3.842979   3.842885     0.7888     0.8657   -0.00001   -0.00036     0.5530   102.3646     38.284     38.441    35.1185    35.1178    27.0510    27.0505    1497.69    1497.68         20 0.0000e+00
      16579  69.736412    465.000    461.834     9.9567     9.9568   3.836676   3.836641     0.7888     0.8657   -0.00015   -0.00018     0.5714   102.3623     38.343     38.501    35.1121    35.1117    27.0563    27.0559    1497.48    1497.48         25 0.0000e+00
      16605  69.736420    466.000    462.821     9.9431     9.9434   3.835262   3.835318     0.7888     0.8657   -0.00011   -0.00010     0.5708   102.3661     38.361     38.519    35.1104    35.1108    27.0573    27.0576    1497.44    1497.45         27 0.0000e+00
      16632  69.736435    467.000    463.815     9.9403     9.9406   3.834985   3.835051     0.7888     0.8657   -0.00004    0.00002     0.5730   102.3815     38.368     38.526    35.1099    35.1103    27.0574    27.0577    1497.45    1497.45         27 0.0000e+00
      16658  69.736450    468.000    464.805     9.9342     9.9343   3.834364   3.834402     0.7899     0.8657    0.00021    0.00014     0.5531   102.3738     38.527     38.542    35.1089    35.1093    27.0577    27.0580    1497.44    1497.44         26 0.0000e+00
      16684  69.736458    469.000    465.795     9.9278     9.9279   3.833740   3.833796     0.7910     0.8666    0.00008    0.00007     0.5436   102.3822     38.690     38.655    35.1084    35.1088    27.0584    27.0587    1497.44    1497.44         25 0.0000e+00
      16707  69.736473    470.000    466.784     9.9266     9.9264   3.833659   3.833667     0.7919     0.8678   -0.00001    0.00042     0.5437   102.3629     38.819     38.793    35.1083    35.1085    27.0585    27.0587    1497.45    1497.45         20 0.0000e+00
      16726  69.736481    471.000    467.777     9.9179     9.9178   3.832790   3.832808     0.7924     0.8685    0.00028    0.00097     0.5437   102.3743     38.896     38.893    35.1073    35.1076    27.0593    27.0595    1497.43    1497.43         18 0.0000e+00
      16743  69.736488    472.000    468.772     9.9109     9.9109   3.832113   3.832155     0.7927     0.8693    0.00080    0.00099     0.5437   102.3816     38.945     38.988    35.1068    35.1071    27.0601    27.0603    1497.42    1497.42         17 0.0000e+00
      16760  69.736496    473.000    469.774     9.9060     9.9061   3.831614   3.831672     0.7926     0.8694    0.00114    0.00100     0.5437   102.3774     38.935     39.007    35.1060    35.1065    27.0603    27.0607    1497.42    1497.42         18 0.0000e+00
      16780  69.736504    474.000    470.766     9.8998     9.9000   3.830994   3.831041     0.7926     0.8694    0.00115    0.00085     0.5437   102.3688     38.955     39.018    35.1051    35.1055    27.0607    27.0610    1497.41    1497.41         23 0.0000e+00
      16811  69.736519    475.000    471.755     9.8918     9.8922   3.830190   3.830273     0.7928     0.8694    0.00059    0.00022     0.5437   102.3673     38.984     39.030    35.1043    35.1047    27.0614    27.0617    1497.40    1497.40         40 0.0000e+00
      16853  69.736542    476.000    472.738     9.8834     9.8838   3.829341   3.829437     0.7926     0.8694   -0.00001    0.00004     0.5437   102.3860     38.973     39.042    35.1033    35.1038    27.0621    27.0624    1497.39    1497.39         37 0.0000e+00
      16883  69.736557    477.000    473.729     9.8756     9.8758   3.828578   3.828636     0.7923     0.8693    0.00005    0.00001     0.5437   102.3718     38.944     39.049    35.1025    35.1030    27.0628    27.0631    1497.37    1497.37         25 0.0000e+00
      16906  69.736565    478.000    474.723     9.8727     9.8729   3.828317   3.828386     0.7919     0.8689   -0.00005   -0.00008     0.5437   102.3870     38.901     39.008    35.1022    35.1027    27.0631    27.0635    1497.38    1497.38         21 0.0000e+00
      16926  69.736580    479.000    475.714     9.8657     9.8658   3.827623   3.827682     0.7915     0.8684   -0.00003   -0.00017     0.5486   102.3866     38.862     38.969    35.1015    35.1020    27.0637    27.0641    1497.37    1497.37         19 0.0000e+00
      16944  69.736588    480.000    476.708     9.8642     9.8645   3.827686   3.827772     0.7922     0.8690   -0.00005   -0.00031     0.5730   102.3866     38.964     39.042    35.1031    35.1037    27.0652    27.0657    1497.38    1497.38         18 0.0000e+00
      16961  69.736595    481.000    477.705     9.8570     9.8572   3.826987   3.827052     0.7937     0.8698   -0.00038   -0.00043     0.5472   102.3866     39.172     39.146    35.1025    35.1030    27.0660    27.0664    1497.37    1497.37         18 0.0000e+00
      16979  69.736603    482.000    478.698     9.8459     9.8458   3.825828   3.825852     0.7950     0.8712   -0.00054   -0.00039     0.5603   102.3866     39.357     39.322    35.1009    35.1013    27.0667    27.0670    1497.35    1497.35         18 0.0000e+00
      16999  69.736610    483.000    479.690     9.8383     9.8386   3.825047   3.825131     0.7964     0.8726    0.00018    0.00043     0.5568   102.3866     39.554     39.497    35.0999    35.1004    27.0672    27.0675    1497.33    1497.34         21 0.0000e+00
      17024  69.736626    484.000    480.685     9.8343     9.8347   3.824644   3.824744     0.7978     0.8740    0.00122    0.00161     0.5429   102.3866     39.752     39.663    35.0992    35.0998    27.0673    27.0677    1497.34    1497.34         30 0.0000e+00
