data/fr26/fr26001.cnv
* Sea-Bird SBE 9 Data File:
* FileName = C:\SEASOFT\PIRATA-FR26\data\fr26001.hex
* Software Version Seasave V 7.23.2
* Temperature SN = 6083
* Conductivity SN = 4509
* Number of Bytes Per Scan = 34
* Number of Voltage Words = 3
* Number of Scans Averaged by the Deck Unit = 1
* NMEA Latitude = 11 27.90 N
* NMEA Longitude = 023 00.01 W
* NMEA UTC (Time) = Mar 09 2016  17:28:55
** Cruise: PIRATA-FR26
** Ship: THALASSA
** Station: 1
** Bottom Depth: 5116
** Pressure frequency switch pos 2:
** Operator: PR-YG-JG
** Comments:
# nquan = 24
# nvalues = 4042                        
# units = specified
# name 0 = scan: Scan Count
# name 1 = timeJ: Julian Days
# name 2 = prDM: Pressure, Digiquartz [db]
# name 3 = depSM: Depth [salt water, m]
# name 4 = t090C: Temperature [ITS-90, deg C]
# name 5 = t190C: Temperature, 2 [ITS-90, deg C]
# name 6 = c0S/m: Conductivity [S/m]
# name 7 = c1S/m: Conductivity, 2 [S/m]
# name 8 = sbeox0V: Oxygen raw, SBE 43 [V]
# name 9 = sbeox1V: Oxygen raw, SBE 43, 2 [V]
# name 10 = sbeox1dOV/dT: Oxygen, SBE 43, 2 [dov/dt]
# name 11 = sbeox0dOV/dT: Oxygen, SBE 43 [dov/dt]
# name 12 = flECO-AFL: Fluorescence, WET Labs ECO-AFL/FL [mg/m^3]
# name 13 = CStarTr0: Beam Transmission, WET Labs C-Star [%]
# name 14 = sbeox0Mm/Kg: Oxygen, SBE 43 [umol/kg], WS = 2
# name 15 = sbeox1Mm/Kg: Oxygen, SBE 43, 2 [umol/kg], WS = 2
# name 16 = sal00: Salinity, Practical [PSU]
# name 17 = sal11: Salinity, Practical, 2 [PSU]
# name 18 = sigma-é00: Density [sigma-theta, kg/m^3]
# name 19 = sigma-é11: Density, 2 [sigma-theta, kg/m^3]
# name 20 = svCM: Sound Velocity [Chen-Millero, m/s]
# name 21 = svCM1: Sound Velocity, 2 [Chen-Millero, m/s]
# name 22 = nbin: number of scans per bin
# name 23 = flag: flag
# span 0 =       -120,     112471       
# span 1 =  69.728357,  69.782653       
# span 2 =      2.000,   2023.000       
# span 3 =      1.988,   2001.795       
# span 4 =     3.5045,    24.7310       
# span 5 =     3.5048,    24.7305       
# span 6 =   3.295349,   5.383031       
# span 7 =   3.295387,   5.383042       
# span 8 =     0.7863,     2.6805       
# span 9 =     0.8624,     3.0820       
# span 10 =   -0.11891,    0.32603      
# span 11 =   -0.10616,    0.31715      
# span 12 =     0.5175,     2.4359      
# span 13 =    73.4551,   102.6657      
# span 14 =     37.644,    223.784      
# span 15 =     37.818,    223.785      
# span 16 =    34.8032,    36.7552      
# span 17 =    34.8043,    36.1729      
# span 18 =    24.0065,    27.8238      
# span 19 =    24.0066,    27.8240      
# span 20 =    1489.17,    1534.94      
# span 21 =    1489.13,    1534.94      
# span 22 =         11,        131      
# span 23 = 0.0000e+00, 0.0000e+00      
# interval = decibars: 1                
# start_time = Mar 09 2016 17:28:55 [System UTC, header]
# bad_flag = -9.990e-29
*END*
[from data line 1027]
      29878  69.742821   1029.000   1020.602     5.6568     5.6569   3.441587   3.441640     1.2926     1.4430    0.00151    0.00156     0.5558   102.4974    125.863    125.039    34.8929    34.8934    27.5227    27.5231    1490.20    1490.20         42 0.0000e+00
      29911  69.742836   1030.000   1021.583     5.6626     5.6627   3.442386   3.442471     1.2943     1.4454    0.00201    0.00216     0.5406   102.4974    126.136    125.364    34.8956    34.8965    27.5241    27.5248    1490.24    1490.24         24 0.0000e+00
      29930  69.742851   1031.000   1022.576     5.6729     5.6731   3.443594   3.443687     1.2954     1.4462    0.00201    0.00175     0.5437   102.4974    126.282    125.444    34.8982    34.8990    27.5250    27.5256    1490.30    1490.30         17 0.0000e+00
      29946  69.742859   1032.000   1023.571     5.6773     5.6768   3.444094   3.444141     1.2957     1.4472    0.00191    0.00146     0.5437   102.4974    126.342    125.580    34.8989    34.8999    27.5249    27.5258    1490.34    1490.33         15 0.0000e+00
      29962  69.742867   1033.000   1024.570     5.6924     5.6917   3.445776   3.445811     1.2966     1.4479    0.00183    0.00130     0.5437   102.4974    126.437    125.644    34.9019    34.9030    27.5255    27.5264    1490.42    1490.42         16 0.0000e+00
      29980  69.742874   1034.000   1025.566     5.6922     5.6929   3.445807   3.445925     1.2966     1.4484    0.00134    0.00125     0.5437   102.4974    126.468    125.723    34.9019    34.9025    27.5256    27.5260    1490.43    1490.44         22 0.0000e+00
      30016  69.742889   1035.000   1026.545     5.6821     5.6821   3.444813   3.444860     1.2979     1.4500    0.00111    0.00084     0.5514   102.4974    126.721    125.999    34.9006    34.9011    27.5258    27.5261    1490.41    1490.41         53 0.0000e+00
      30064  69.742912   1036.000   1027.524     5.6804     5.6804   3.444685   3.444736     1.2986     1.4517    0.00093    0.00069     0.5469   102.4974    126.854    126.250    34.9004    34.9009    27.5258    27.5263    1490.42    1490.42         35 0.0000e+00
      30091  69.742928   1037.000   1028.514     5.6796     5.6800   3.444645   3.444743     1.2989     1.4519    0.00112    0.00073     0.5692   102.4990    126.923    126.305    34.9003    34.9010    27.5259    27.5263    1490.43    1490.43         22 0.0000e+00
      30111  69.742935   1038.000   1029.502     5.6856     5.6854   3.445414   3.445440     1.2991     1.4524    0.00087    0.00031     0.5638   102.5180    126.942    126.363    34.9023    34.9028    27.5267    27.5272    1490.47    1490.47         18 0.0000e+00
      30128  69.742943   1039.000   1030.497     5.7108     5.7101   3.448571   3.448683     1.2993     1.4530    0.00054    0.00016     0.5450   102.5146    126.902    126.371    34.9117    34.9136    27.5311    27.5327    1490.60    1490.60         16 0.0000e+00
      30144  69.742950   1040.000   1031.488     5.7360     5.7361   3.451486   3.451624     1.3005     1.4533    0.00026    0.00025     0.5397   102.4935    127.015    126.336    34.9182    34.9196    27.5331    27.5342    1490.73    1490.73         16 0.0000e+00
      30160  69.742958   1041.000   1032.486     5.7443     5.7441   3.452497   3.452569     1.3021     1.4544    0.00038    0.00024     0.5419   102.4959    127.265    126.475    34.9206    34.9216    27.5340    27.5348    1490.78    1490.78         18 0.0000e+00
      30180  69.742966   1042.000   1033.472     5.7494     5.7493   3.453148   3.453214     1.3043     1.4561    0.00067    0.00028     0.5423   102.4875    127.604    126.707    34.9222    34.9231    27.5347    27.5354    1490.82    1490.82         22 0.0000e+00
      30204  69.742981   1043.000   1034.456     5.7525     5.7527   3.453563   3.453639     1.3070     1.4587    0.00075    0.00131     0.5659   102.4917    128.049    127.061    34.9232    34.9239    27.5351    27.5357    1490.85    1490.85         25 0.0000e+00
      30229  69.742989   1044.000   1035.444     5.7515     5.7512   3.453490   3.453506     1.3090     1.4611    0.00165    0.00241     0.5411   102.4974    128.384    127.414    34.9229    34.9234    27.5350    27.5355    1490.86    1490.86         25 0.0000e+00
      30253  69.743004   1045.000   1036.438     5.7429     5.7425   3.452507   3.452485     1.3101     1.4625    0.00231    0.00269     0.5424   102.4974    128.596    127.656    34.9202    34.9203    27.5339    27.5341    1490.84    1490.84         25 0.0000e+00
      30281  69.743019   1046.000   1037.428     5.6655     5.6649   3.444535   3.444407     1.3115     1.4640    0.00240    0.00222     0.5503   102.4974    129.103    128.148    34.9091    34.9083    27.5347    27.5341    1490.53    1490.53         31 0.0000e+00
      30314  69.743034   1047.000   1038.411     5.6248     5.6274   3.440437   3.440708     1.3135     1.4658    0.00150    0.00107     0.5455   102.4974    129.590    128.546    34.9041    34.9046    27.5356    27.5357    1490.38    1490.39         31 0.0000e+00
      30341  69.743050   1048.000   1039.395     5.6114     5.6116   3.439061   3.439063     1.3138     1.4673    0.00129    0.00130     0.5383   102.4974    129.698    128.818    34.9018    34.9017    27.5355    27.5354    1490.34    1490.34         24 0.0000e+00
      30362  69.743057   1049.000   1040.386     5.5626     5.5623   3.434093   3.433924     1.3146     1.4680    0.00132    0.00148     0.5420   102.4974    130.015    129.107    34.8953    34.8937    27.5362    27.5350    1490.15    1490.15         18 0.0000e+00
      30379  69.743065   1050.000   1041.377     5.5409     5.5405   3.431952   3.431918     1.3155     1.4691    0.00130    0.00134     0.5591   102.4974    130.245    129.352    34.8928    34.8929    27.5370    27.5370    1490.08    1490.08         16 0.0000e+00
      30394  69.743073   1051.000   1042.376     5.5366     5.5367   3.431528   3.431572     1.3163     1.4697    0.00134    0.00053     0.5684   102.4974    130.409    129.464    34.8919    34.8923    27.5368    27.5370    1490.08    1490.08         16 0.0000e+00
      30413  69.743080   1052.000   1043.374     5.5361     5.5361   3.431508   3.431520     1.3173     1.4711    0.00108    0.00041     0.5646   102.4974    130.579    129.681    34.8917    34.8919    27.5367    27.5368    1490.09    1490.09         22 0.0000e+00
      30449  69.743095   1053.000   1044.351     5.5485     5.5395   3.432721   3.431960     1.3188     1.4737    0.00127    0.00122     0.5415   102.4974    130.797    130.043    34.8922    34.8928    27.5356    27.5372    1490.16    1490.12         50 0.0000e+00
      30489  69.743118   1054.000   1045.323     5.5730     5.5756   3.436218   3.436561     1.3192     1.4752    0.00184    0.00133     0.5580   102.4974    130.782    130.118    34.9062    34.9074    27.5437    27.5443    1490.29    1490.30         23 0.0000e+00
      30506  69.743126   1055.000   1046.316     5.5792     5.5792   3.436842   3.436936     1.3199     1.4757    0.00174    0.00087     0.5433   102.4974    130.895    130.191    34.9064    34.9075    27.5431    27.5440    1490.33    1490.33         16 0.0000e+00
      30520  69.743134   1056.000   1047.318     5.5994     5.5999   3.439286   3.439447     1.3202     1.4762    0.00157    0.00050     0.5437   102.4974    130.875    130.200    34.9128    34.9141    27.5457    27.5467    1490.44    1490.44         14 0.0000e+00
      30534  69.743141   1057.000   1048.321     5.5898     5.5919   3.438402   3.438643     1.3214     1.4767    0.00101    0.00028     0.5437   102.4974    131.124    130.323    34.9122    34.9128    27.5465    27.5467    1490.42    1490.43         15 0.0000e+00
      30559  69.743149   1058.000   1049.309     5.5871     5.5880   3.438153   3.438301     1.3241     1.4794    0.00068    0.00050     0.5437   102.4974    131.581    130.719    34.9116    34.9125    27.5463    27.5469    1490.42    1490.43         42 0.0000e+00
      30610  69.743179   1059.000   1050.266     5.5876     5.5861   3.438020   3.437979     1.3272     1.4837    0.00181    0.00223     0.5415   102.5046    132.089    131.333    34.9092    34.9102    27.5443    27.5454    1490.44    1490.43         37 0.0000e+00
      30630  69.743187   1060.000   1051.264     5.5725     5.5736   3.436732   3.436873     1.3274     1.4847    0.00255    0.00258     0.5437   102.5079    132.193    131.533    34.9096    34.9101    27.5466    27.5468    1490.39    1490.40         16 0.0000e+00
      30645  69.743195   1061.000   1052.254     5.5615     5.5614   3.435637   3.435643     1.3278     1.4849    0.00226    0.00180     0.5415   102.5053    132.321    131.625    34.9080    34.9082    27.5466    27.5468    1490.36    1490.36         14 0.0000e+00
      30658  69.743202   1062.000   1053.256     5.5555     5.5552   3.435046   3.435054     1.3284     1.4859    0.00189    0.00108     0.5415   102.4957    132.454    131.804    34.9070    34.9074    27.5466    27.5469    1490.35    1490.35         14 0.0000e+00
      30673  69.743202   1063.000   1054.261     5.5542     5.5543   3.434952   3.435011     1.3290     1.4865    0.00149    0.00075     0.5527   102.4957    132.561    131.899    34.9068    34.9074    27.5466    27.5470    1490.37    1490.37         16 0.0000e+00
      30700  69.743217   1064.000   1055.242     5.5566     5.5553   3.435214   3.435147     1.3300     1.4877    0.00117    0.00070     0.5502   102.4988    132.728    132.082    34.9068    34.9073    27.5463    27.5469    1490.39    1490.39         45 0.0000e+00
      30751  69.743240   1065.000   1056.211     5.5632     5.5609   3.435935   3.435776     1.3309     1.4895    0.00114    0.00092     0.5543   102.5114    132.876    132.327    34.9077    34.9083    27.5462    27.5469    1490.44    1490.43         39 0.0000e+00
      30776  69.743256   1066.000   1057.199     5.5935     5.5932   3.439499   3.439628     1.3316     1.4903    0.00101    0.00070     0.5434   102.5241    132.898    132.326    34.9164    34.9182    27.5494    27.5509    1490.59    1490.59         20 0.0000e+00
      30794  69.743263   1067.000   1058.191     5.6372     5.6377   3.444290   3.444586     1.3324     1.4911    0.00079    0.00060     0.5358   102.5216    132.883    132.292    34.9252    34.9280    27.5511    27.5533    1490.79    1490.79         16 0.0000e+00
      30809  69.743271   1068.000   1059.187     5.6869     5.6882   3.450393   3.450766     1.3333     1.4919    0.00073    0.00020     0.5437   102.5066    132.843    132.228    34.9426    34.9456    27.5588    27.5610    1491.03    1491.04         15 0.0000e+00
      30824  69.743279   1069.000   1060.182     5.6969     5.6970   3.451682   3.451779     1.3345     1.4926    0.00061    0.00044     0.5437   102.5102    133.024    132.310    34.9465    34.9474    27.5607    27.5614    1491.09    1491.09         15 0.0000e+00
      30839  69.743286   1070.000   1061.177     5.6977     5.6974   3.451869   3.451915     1.3361     1.4943    0.00093    0.00078     0.5437   102.5136    133.287    132.557    34.9473    34.9480    27.5612    27.5619    1491.11    1491.11         17 0.0000e+00
      30860  69.743294   1071.000   1062.168     5.6983     5.6984   3.452032   3.452109     1.3382     1.4960    0.00110    0.00115     0.5437   102.5043    133.644    132.798    34.9480    34.9487    27.5617    27.5623    1491.13    1491.13         27 0.0000e+00
      30905  69.743317   1072.000   1063.143     5.6874     5.6997   3.450837   3.452269     1.3412     1.4996    0.00190    0.00222     0.5401   102.5064    134.175    133.311    34.9452    34.9487    27.5609    27.5622    1491.10    1491.15         56 0.0000e+00
      30946  69.743340   1073.000   1064.127     5.7094     5.7092   3.453377   3.453473     1.3430     1.5023    0.00204    0.00182     0.5345   102.5161    134.393    133.656    34.9509    34.9521    27.5627    27.5637    1491.21    1491.21         27 0.0000e+00
      30968  69.743347   1074.000   1065.120     5.7247     5.7254   3.455093   3.455242     1.3438     1.5035    0.00176    0.00148     0.5405   102.5086    134.481    133.787    34.9540    34.9549    27.5633    27.5639    1491.29    1491.30         20 0.0000e+00
      30987  69.743355   1075.000   1066.109     5.7219     5.7219   3.454887   3.454931     1.3455     1.5046    0.00168    0.00112     0.5651   102.5104    134.780    133.969    34.9540    34.9546    27.5637    27.5641    1491.30    1491.30         17 0.0000e+00
      31004  69.743362   1076.000   1067.098     5.7146     5.7145   3.454224   3.454260     1.3468     1.5060    0.00153    0.00079     0.5452   102.4884    135.034    134.197    34.9536    34.9541    27.5642    27.5646    1491.28    1491.28         16 0.0000e+00
      31020  69.743370   1077.000   1068.092     5.7086     5.7092   3.453640   3.453709     1.3482     1.5069    0.00130    0.00078     0.5379   102.5131    135.303    134.358    34.9527    34.9528    27.5642    27.5643    1491.28    1491.28         16 0.0000e+00
      31035  69.743378   1078.000   1069.083     5.6905     5.6907   3.451901   3.451921     1.3492     1.5080    0.00139    0.00140     0.5417   102.5113    135.541    134.598    34.9512    34.9511    27.5653    27.5652    1491.22    1491.22         16 0.0000e+00
      31053  69.743393   1079.000   1070.079     5.6850     5.6855   3.451374   3.451448     1.3503     1.5093    0.00163    0.00197     0.5611   102.5048    135.751    134.817    34.9504    34.9507    27.5653    27.5656    1491.21    1491.21         19 0.0000e+00
      31078  69.743401   1080.000   1071.067     5.6685     5.6673   3.449749   3.449613     1.3519     1.5110    0.00163    0.00196     0.5630   102.4994    136.080    135.134    34.9485    34.9482    27.5659    27.5658    1491.16    1491.15         33 0.0000e+00
      31116  69.743416   1081.000   1072.044     5.6406     5.6406   3.446937   3.446955     1.3543     1.5137    0.00174    0.00145     0.5436   102.4950    136.593    135.618    34.9449    34.9451    27.5664    27.5666    1491.06    1491.06         38 0.0000e+00
      31147  69.743431   1082.000   1073.034     5.6323     5.6321   3.446068   3.446083     1.3556     1.5156    0.00163    0.00170     0.5602   102.5156    136.852    135.923    34.9431    34.9435    27.5661    27.5664    1491.04    1491.04         26 0.0000e+00
      31170  69.743446   1083.000   1074.020     5.6310     5.6316   3.445985   3.446081     1.3565     1.5169    0.00160    0.00148     0.5465   102.5145    137.019    136.128    34.9430    34.9435    27.5661    27.5665    1491.05    1491.06         21 0.0000e+00
      31190  69.743454   1084.000   1075.010     5.6295     5.6299   3.445860   3.445945     1.3565     1.5172    0.00166    0.00131     0.5592   102.5190    137.041    136.198    34.9427    34.9432    27.5661    27.5664    1491.06    1491.06         18 0.0000e+00
      31207  69.743462   1085.000   1076.003     5.6175     5.6189   3.444615   3.444684     1.3565     1.5167    0.00144    0.00091     0.5480   102.5205    137.109    136.183    34.9404    34.9398    27.5657    27.5651    1491.03    1491.03         18 0.0000e+00
      31225  69.743469   1086.000   1076.994     5.5689     5.5696   3.439692   3.439686     1.3565     1.5173    0.00138    0.00075     0.5437   102.5202    137.299    136.464    34.9342    34.9334    27.5667    27.5661    1490.84    1490.84         17 0.0000e+00
      31245  69.743484   1087.000   1077.998     5.5644     5.5646   3.439251   3.439296     1.3568     1.5179    0.00067    0.00040     0.5437   102.5185    137.380    136.585    34.9334    34.9337    27.5667    27.5669    1490.84    1490.84         25 0.0000e+00
