data/fr26/fr26002.cnv
* Sea-Bird SBE 9 Data File:
* FileName = C:\SEASOFT\PIRATA-FR26\data\fr26002.hex
* Software Version Seasave V 7.23.2
* Temperature SN = 6083
* Conductivity SN = 4509
* Number of Bytes Per Scan = 34
* Number of Voltage Words = 3
* Number of Scans Averaged by the Deck Unit = 1
* NMEA Latitude = 02 00.11 N
* NMEA Longitude = 023 00.14 W
* NMEA UTC (Time) = Mar 11 2016  20:11:45
** Cruise: PIRATA-FR26
** Ship: THALASSA
** Station: 2
** Bottom Depth: 4334
** Pressure frequency switch pos 2 before station: 33095.48
** Pressure frequency switch pos 2 after station: 33091.40
** Operator: JG-CB
** Comments:
# nquan = 24
# nvalues = 4043                        
# units = specified
# name 0 = scan: Scan Count
# name 1 = timeJ: Julian Days
# name 2 = prDM: Pressure, Digiquartz [db]
# name 3 = depSM: Depth [salt water, m]
# name 4 = t090C: Temperature [ITS-90, deg C]
# name 5 = t190C: Temperature, 2 [ITS-90, deg C]
# name 6 = c0S/m: Conductivity [S/m]
# name 7 = c1S/m: Conductivity, 2 [S/m]
# name 8 = sbeox0V: Oxygen raw, SBE 43 [V]
# name 9 = sbeox1V: Oxygen raw, SBE 43, 2 [V]
# name 10 = sbeox1dOV/dT: Oxygen, SBE 43, 2 [dov/dt]
# name 11 = sbeox0dOV/dT: Oxygen, SBE 43 [dov/dt]
# name 12 = flECO-AFL: Fluorescence, WET Labs ECO-AFL/FL [mg/m^3]
# name 13 = CStarTr0: Beam Transmission, WET Labs C-Star [%]
# name 14 = sbeox0Mm/Kg: Oxygen, SBE 43 [umol/kg], WS = 2
# name 15 = sbeox1Mm/Kg: Oxygen, SBE 43, 2 [umol/kg], WS = 2
# name 16 = sal00: Salinity, Practical [PSU]
# name 17 = sal11: Salinity, Practical, 2 [PSU]
# name 18 = sigma-é00: Density [sigma-theta, kg/m^3]
# name 19 = sigma-é11: Density, 2 [sigma-theta, kg/m^3]
# name 20 = svCM: Sound Velocity [Chen-Millero, m/s]
# name 21 = svCM1: Sound Velocity, 2 [Chen-Millero, m/s]
# name 22 = nbin: number of scans per bin
# name 23 = flag: flag
# span 0 =       -620,     142725       
# span 1 =  71.841193,  71.910322       
# span 2 =      0.000,   2022.000       
# span 3 =      0.010,   2001.220       
# span 4 =     3.5311,    29.5218       
# span 5 =     3.5310,    29.5215       
# span 6 =   3.297545,   5.882431       
# span 7 =   3.297566,   5.882493       
# span 8 =     1.2820,     2.8297       
# span 9 =     1.4408,     3.2112       
# span 10 =   -0.09972,    0.07686      
# span 11 =   -0.09113,    0.06978      
# span 12 =     0.5129,     2.8038      
# span 13 =    86.2970,   102.6018      
# span 14 =    101.379,    235.775      
# span 15 =    101.400,    235.551      
# span 16 =    34.5203,    36.0400      
# span 17 =    34.5206,    36.0595      
# span 18 =    22.2118,    27.8197      
# span 19 =    22.2124,    27.8200      
# span 20 =    1483.13,    1545.18      
# span 21 =    1483.14,    1545.18      
# span 22 =         13,        175      
# span 23 = 0.0000e+00, 0.0000e+00      
# interval = decibars: 1                
# start_time = Mar 11 2016 20:11:45 [System UTC, header]
# bad_flag = -9.990e-29
*END*
       -620  71.841194      2.000      1.987    29.5177    29.5172   5.848494   5.848593     2.7619     3.1435    0.00073    0.00178     0.7150   100.3472    197.586    197.637    35.4386    35.4397    22.2193    22.2203    1545.09    1545.09         65 0.0000e+00
       1409  71.842171      3.000      2.988    29.5203    29.5203   5.847513   5.847620     2.7618     3.1328   -0.00218   -0.00099     0.6759   100.1705    197.609    196.858    35.4297    35.4304    22.2118    22.2124    1545.11    1545.11         86 0.0000e+00
       2046  71.842476      4.000      3.974    29.5212    29.5211   5.847982   5.848095     2.7632     3.1331   -0.00060    0.00065     0.7048   100.2751    197.746    196.893    35.4320    35.4328    22.2133    22.2140    1545.13    1545.13         75 0.0000e+00
       1985  71.842453      5.000      4.969    29.5218    29.5215   5.848174   5.848350     2.7604     3.1318    0.00100   -0.00068     0.6824   100.2825    197.521    196.818    35.4325    35.4340    22.2136    22.2148    1545.15    1545.15         29 0.0000e+00
       2013  71.842461      6.000      5.968    29.5214    29.5209   5.848271   5.848432     2.7630     3.1321   -0.00271   -0.00231     0.6898   100.2785    197.776    196.862    35.4332    35.4347    22.2144    22.2157    1545.16    1545.16         29 0.0000e+00
       2044  71.842476      7.000      6.963    29.5168    29.5174   5.848258   5.848400     2.7638     3.1339    0.00051   -0.00024     0.6989   100.2958    197.880    197.034    35.4362    35.4367    22.2182    22.2184    1545.17    1545.18         34 0.0000e+00
       2082  71.842499      8.000      7.958    29.4992    29.4947   5.848073   5.848097     2.7645     3.1309    0.00112    0.00189     0.7004   100.2848    198.007    196.875    35.4476    35.4511    22.2328    22.2370    1545.17    1545.16         44 0.0000e+00
       2127  71.842522      9.000      8.945    29.4712    29.4704   5.847543   5.847623     2.7635     3.1309   -0.00284   -0.00033     0.6985   100.3134    198.005    196.958    35.4644    35.4655    22.2550    22.2561    1545.14    1545.14         39 0.0000e+00
       2159  71.842537     10.000      9.944    29.3655    29.3593   5.850961   5.851234     2.7663     3.1323    0.00233    0.00111     0.6973   100.2947    198.488    197.279    35.5657    35.5722    22.3668    22.3738    1545.04    1545.03         28 0.0000e+00
       2186  71.842545     11.000     10.940    29.2960    29.2968   5.851689   5.851994     2.7675     3.1391   -0.00157   -0.00163     0.6883   100.3338    198.761    197.942    35.6221    35.6235    22.4327    22.4335    1544.97    1544.97         27 0.0000e+00
