data/fr26/fr26002.cnv
* Sea-Bird SBE 9 Data File:
* FileName = C:\SEASOFT\PIRATA-FR26\data\fr26002.hex
* Software Version Seasave V 7.23.2
* Temperature SN = 6083
* Conductivity SN = 4509
* Number of Bytes Per Scan = 34
* Number of Voltage Words = 3
* Number of Scans Averaged by the Deck Unit = 1
* NMEA Latitude = 02 00.11 N
* NMEA Longitude = 023 00.14 W
* NMEA UTC (Time) = Mar 11 2016  20:11:45
** Cruise: PIRATA-FR26
** Ship: THALASSA
** Station: 2
** Bottom Depth: 4334
** Pressure frequency switch pos 2 before station: 33095.48
** Pressure frequency switch pos 2 after station: 33091.40
** Operator: JG-CB
** Comments:
# nquan = 24
# nvalues = 4043                        
# units = specified
# name 0 = scan: Scan Count
# name 1 = timeJ: Julian Days
# name 2 = prDM: Pressure, Digiquartz [db]
# name 3 = depSM: Depth [salt water, m]
# name 4 = t090C: Temperature [ITS-90, deg C]
# name 5 = t190C: Temperature, 2 [ITS-90, deg C]
# name 6 = c0S/m: Conductivity [S/m]
# name 7 = c1S/m: Conductivity, 2 [S/m]
# name 8 = sbeox0V: Oxygen raw, SBE 43 [V]
# name 9 = sbeox1V: Oxygen raw, SBE 43, 2 [V]
# name 10 = sbeox1dOV/dT: Oxygen, SBE 43, 2 [dov/dt]
# name 11 = sbeox0dOV/dT: Oxygen, SBE 43 [dov/dt]
# name 12 = flECO-AFL: Fluorescence, WET Labs ECO-AFL/FL [mg/m^3]
# name 13 = CStarTr0: Beam Transmission, WET Labs C-Star [%]
# name 14 = sbeox0Mm/Kg: Oxygen, SBE 43 [umol/kg], WS = 2
# name 15 = sbeox1Mm/Kg: Oxygen, SBE 43, 2 [umol/kg], WS = 2
# name 16 = sal00: Salinity, Practical [PSU]
# name 17 = sal11: Salinity, Practical, 2 [PSU]
# name 18 = sigma-é00: Density [sigma-theta, kg/m^3]
# name 19 = sigma-é11: Density, 2 [sigma-theta, kg/m^3]
# name 20 = svCM: Sound Velocity [Chen-Millero, m/s]
# name 21 = svCM1: Sound Velocity, 2 [Chen-Millero, m/s]
# name 22 = nbin: number of scans per bin
# name 23 = flag: flag
# span 0 =       -620,     142725       
# span 1 =  71.841193,  71.910322       
# span 2 =      0.000,   2022.000       
# span 3 =      0.010,   2001.220       
# span 4 =     3.5311,    29.5218       
# span 5 =     3.5310,    29.5215       
# span 6 =   3.297545,   5.882431       
# span 7 =   3.297566,   5.882493       
# span 8 =     1.2820,     2.8297       
# span 9 =     1.4408,     3.2112       
# span 10 =   -0.09972,    0.07686      
# span 11 =   -0.09113,    0.06978      
# span 12 =     0.5129,     2.8038      
# span 13 =    86.2970,   102.6018      
# span 14 =    101.379,    235.775      
# span 15 =    101.400,    235.551      
# span 16 =    34.5203,    36.0400      
# span 17 =    34.5206,    36.0595      
# span 18 =    22.2118,    27.8197      
# span 19 =    22.2124,    27.8200      
# span 20 =    1483.13,    1545.18      
# span 21 =    1483.14,    1545.18      
# span 22 =         13,        175      
# span 23 = 0.0000e+00, 0.0000e+00      
# interval = decibars: 1                
# start_time = Mar 11 2016 20:11:45 [System UTC, header]
# bad_flag = -9.990e-29
*END*
[from data line 3442]
     103532  71.891418    600.000    595.832     6.2500     6.2509   3.448885   3.449034     1.3472     1.5179   -0.00266   -0.00294     0.5572   102.4695    125.685    126.330    34.5796    34.5804    27.1954    27.1958    1485.06    1485.07         32 0.0000e+00
     103571  71.891441    599.000    594.847     6.2582     6.2514   3.449623   3.448978     1.3449     1.5143   -0.00319   -0.00283     0.5456   102.4697    125.300    125.857    34.5801    34.5798    27.1947    27.1953    1485.08    1485.05         40 0.0000e+00
     103603  71.891457    598.000    593.862     6.2561     6.2561   3.449229   3.449236     1.3447     1.5128   -0.00286   -0.00209     0.5563   102.4697    125.263    125.630    34.5783    34.5784    27.1935    27.1936    1485.05    1485.05         25 0.0000e+00
     103625  71.891464    597.000    592.868     6.2490     6.2484   3.448205   3.448095     1.3468     1.5139   -0.00225   -0.00138     0.5565   102.4697    125.587    125.780    34.5746    34.5739    27.1915    27.1910    1485.00    1485.00         19 0.0000e+00
     103643  71.891472    596.000    591.871     6.2450     6.2448   3.447630   3.447622     1.3503     1.5162   -0.00154   -0.00097     0.5607   102.4697    126.106    126.078    34.5727    34.5728    27.1905    27.1906    1484.97    1484.97         18 0.0000e+00
     103661  71.891487    595.000    590.874     6.2419     6.2414   3.447175   3.447112     1.3545     1.5192   -0.00093    0.00004     0.5566   102.4697    126.717    126.453    34.5712    34.5710    27.1897    27.1896    1484.94    1484.94         19 0.0000e+00
     103680  71.891495    594.000    589.881     6.2397     6.2401   3.446852   3.446923     1.3586     1.5235    0.00058    0.00196     0.5624   102.4697    127.315    126.992    34.5704    34.5708    27.1893    27.1895    1484.91    1484.92         21 0.0000e+00
     103704  71.891502    593.000    588.891     6.2437     6.2444   3.447062   3.447149     1.3635     1.5289    0.00273    0.00422     0.5659   102.4687    128.025    127.654    34.5692    34.5694    27.1878    27.1879    1484.91    1484.91         26 0.0000e+00
     103733  71.891518    592.000    587.902     6.2404     6.2409   3.446432   3.446507     1.3713     1.5368    0.00465    0.00519     0.5665   102.4628    129.170    128.652    34.5660    34.5663    27.1857    27.1859    1484.88    1484.88         32 0.0000e+00
     103766  71.891533    591.000    586.914     6.2421     6.2425   3.446450   3.446507     1.3800     1.5455    0.00567    0.00522     0.5552   102.4552    130.447    129.751    34.5649    34.5652    27.1847    27.1848    1484.87    1484.87         31 0.0000e+00
     103793  71.891548    590.000    585.923     6.2422     6.2427   3.446318   3.446370     1.3853     1.5518    0.00638    0.00635     0.5534   102.4643    131.211    130.528    34.5638    34.5639    27.1837    27.1837    1484.85    1484.85         25 0.0000e+00
     103817  71.891556    589.000    584.928     6.2255     6.2252   3.444068   3.444016     1.3901     1.5575    0.00647    0.00660     0.5583   102.4686    131.972    131.313    34.5560    34.5558    27.1797    27.1795    1484.76    1484.76         23 0.0000e+00
     103840  71.891571    588.000    583.938     6.2170     6.2168   3.443010   3.442975     1.3972     1.5645    0.00594    0.00533     0.5434   102.4648    133.033    132.219    34.5534    34.5531    27.1787    27.1786    1484.70    1484.70         23 0.0000e+00
     103863  71.891579    587.000    582.948     6.2147     6.2144   3.442670   3.442636     1.4037     1.5718    0.00531    0.00442     0.5620   102.4608    133.996    133.148    34.5524    34.5523    27.1782    27.1782    1484.68    1484.67         22 0.0000e+00
     103885  71.891594    586.000    581.951     6.2138     6.2139   3.442513   3.442532     1.4088     1.5781    0.00629    0.00576     0.5659   102.4495    134.742    133.928    34.5520    34.5521    27.1780    27.1781    1484.66    1484.66         22 0.0000e+00
     103907  71.891602    585.000    580.959     6.2131     6.2133   3.442388   3.442429     1.4118     1.5831    0.00746    0.00710     0.5427   102.4433    135.158    134.559    34.5518    34.5521    27.1779    27.1781    1484.64    1484.64         23 0.0000e+00
     103932  71.891617    584.000    579.965     6.2129     6.2132   3.442329   3.442369     1.4148     1.5876    0.00745    0.00655     0.5640   102.4449    135.590    135.113    34.5518    34.5520    27.1779    27.1781    1484.62    1484.62         28 0.0000e+00
     103964  71.891632    583.000    578.980     6.2133     6.2135   3.442315   3.442361     1.4169     1.5913    0.00584    0.00384     0.5414   102.4539    135.889    135.568    34.5518    34.5521    27.1779    27.1781    1484.60    1484.61         33 0.0000e+00
     103993  71.891640    582.000    577.992     6.2156     6.2160   3.442509   3.442579     1.4181     1.5936    0.00412    0.00272     0.5549   102.4519    136.045    135.832    34.5521    34.5524    27.1778    27.1780    1484.60    1484.60         25 0.0000e+00
     104015  71.891655    581.000    576.998     6.2207     6.2213   3.442980   3.443073     1.4190     1.5949    0.00299    0.00179     0.5451   102.4552    136.142    135.957    34.5527    34.5532    27.1776    27.1779    1484.60    1484.60         21 0.0000e+00
     104036  71.891663    580.000    575.999     6.2307     6.2322   3.443964   3.444162     1.4200     1.5958    0.00235    0.00117     0.5508   102.4422    136.233    136.016    34.5541    34.5547    27.1774    27.1777    1484.63    1484.63         21 0.0000e+00
     104058  71.891678    579.000    575.007     6.2433     6.2446   3.445148   3.445327     1.4200     1.5966    0.00170    0.00105     0.5522   102.4452    136.173    136.060    34.5550    34.5557    27.1765    27.1769    1484.66    1484.67         25 0.0000e+00
     104085  71.891685    578.000    574.022     6.2535     6.2536   3.446155   3.446199     1.4194     1.5967    0.00122    0.00104     0.5650   102.4485    136.027    136.027    34.5564    34.5568    27.1763    27.1766    1484.69    1484.69         26 0.0000e+00
     104109  71.891701    577.000    573.034     6.2635     6.2639   3.447107   3.447211     1.4187     1.5961    0.00093    0.00049     0.5559   102.4522    135.866    135.891    34.5574    34.5582    27.1758    27.1764    1484.71    1484.71         22 0.0000e+00
     104130  71.891708    576.000    572.035     6.2757     6.2784   3.448250   3.448554     1.4178     1.5957    0.00060   -0.00017     0.5650   102.4531    135.681    135.774    34.5583    34.5590    27.1749    27.1751    1484.74    1484.76         20 0.0000e+00
     104150  71.891716    575.000    571.036     6.2848     6.2878   3.449079   3.449430     1.4173     1.5949   -0.00010   -0.00064     0.5649   102.4563    135.560    135.620    34.5589    34.5598    27.1742    27.1745    1484.76    1484.78         23 0.0000e+00
     104183  71.891731    574.000    570.048     6.2917     6.2870   3.449605   3.449228     1.4154     1.5932   -0.00055   -0.00080     0.5515   102.4539    135.236    135.392    34.5582    34.5588    27.1727    27.1738    1484.77    1484.76         45 0.0000e+00
     104226  71.891754    573.000    569.071     6.2950     6.2910   3.449697   3.449404     1.4127     1.5913   -0.00123   -0.00098     0.5636   102.4551    134.809    135.116    34.5565    34.5572    27.1709    27.1720    1484.77    1484.75         32 0.0000e+00
     104249  71.891769    572.000    568.078     6.2981     6.2983   3.449932   3.449981     1.4119     1.5897   -0.00106   -0.00156     0.5417   102.4536    134.663    134.876    34.5564    34.5568    27.1705    27.1707    1484.76    1484.76         19 0.0000e+00
     104267  71.891777    571.000    567.082     6.2978     6.2987   3.449875   3.449958     1.4115     1.5885   -0.00101   -0.00167     0.5419   102.4502    134.583    134.699    34.5566    34.5566    27.1706    27.1705    1484.75    1484.75         17 0.0000e+00
     104283  71.891785    570.000    566.081     6.2985     6.2991   3.449893   3.449971     1.4115     1.5885   -0.00123   -0.00141     0.5417   102.4456    134.563    134.683    34.5566    34.5568    27.1705    27.1706    1484.73    1484.74         16 0.0000e+00
     104300  71.891792    569.000    565.087     6.3021     6.3022   3.450228   3.450279     1.4115     1.5885   -0.00140   -0.00101     0.5386   102.4496    134.534    134.654    34.5572    34.5576    27.1705    27.1709    1484.73    1484.73         18 0.0000e+00
     104321  71.891800    568.000    564.096     6.3215     6.3211   3.452103   3.452150     1.4115     1.5885   -0.00117   -0.00071     0.5624   102.4467    134.450    134.570    34.5590    34.5598    27.1694    27.1701    1484.79    1484.79         24 0.0000e+00
     104351  71.891815    567.000    563.107     6.3318     6.3322   3.453046   3.453129     1.4114     1.5885   -0.00054   -0.00006     0.5465   102.4436    134.385    134.514    34.5596    34.5601    27.1685    27.1689    1484.82    1484.82         35 0.0000e+00
     104387  71.891830    566.000    562.123     6.3379     6.3386   3.453519   3.453606     1.4092     1.5873   -0.00003   -0.00011     0.5566   102.4352    134.024    134.315    34.5591    34.5594    27.1674    27.1675    1484.83    1484.83         34 0.0000e+00
     104415  71.891846    565.000    561.132     6.3461     6.3471   3.454259   3.454411     1.4063     1.5844    0.00000   -0.00007     0.5638   102.4422    133.554    133.904    34.5596    34.5602    27.1666    27.1670    1484.84    1484.85         23 0.0000e+00
     104435  71.891853    564.000    560.141     6.3542     6.3555   3.454996   3.455152     1.4040     1.5819   -0.00057   -0.00116     0.5351   102.4420    133.162    133.545    34.5601    34.5605    27.1660    27.1661    1484.86    1484.86         19 0.0000e+00
     104453  71.891869    563.000    559.143     6.3603     6.3615   3.455529   3.455682     1.4024     1.5801   -0.00159   -0.00216     0.5569   102.4420    132.893    133.280    34.5603    34.5609    27.1654    27.1657    1484.87    1484.87         18 0.0000e+00
     104472  71.891876    562.000    558.144     6.3624     6.3632   3.455697   3.455791     1.4017     1.5787   -0.00233   -0.00244     0.5660   102.4420    132.768    133.069    34.5606    34.5608    27.1653    27.1654    1484.86    1484.86         19 0.0000e+00
     104496  71.891884    561.000    557.150     6.3655     6.3656   3.455964   3.455999     1.4006     1.5774   -0.00275   -0.00254     0.5621   102.4420    132.576    132.882    34.5609    34.5612    27.1651    27.1653    1484.85    1484.85         30 0.0000e+00
     104534  71.891907    560.000    556.169     6.3726     6.3719   3.456631   3.456577     1.3993     1.5760   -0.00193   -0.00128     0.5650   102.4420    132.337    132.672    34.5616    34.5618    27.1648    27.1649    1484.87    1484.86         43 0.0000e+00
     104569  71.891922    559.000    555.183     6.3883     6.3883   3.458134   3.458185     1.3993     1.5751   -0.00108   -0.00137     0.5632   102.4420    132.266    132.482    34.5630    34.5636    27.1638    27.1643    1484.91    1484.91         28 0.0000e+00
     104593  71.891930    558.000    554.190     6.3976     6.3981   3.458992   3.459080     1.3993     1.5751   -0.00078   -0.00052     0.5510   102.4420    132.218    132.428    34.5637    34.5641    27.1631    27.1634    1484.93    1484.94         20 0.0000e+00
     104612  71.891945    557.000    553.196     6.4043     6.4062   3.459631   3.459856     1.3993     1.5750   -0.00063   -0.00003     0.5607   102.4420    132.181    132.365    34.5645    34.5651    27.1629    27.1631    1484.95    1484.95         18 0.0000e+00
     104628  71.891953    556.000    552.200     6.4170     6.4183   3.460816   3.460990     1.3993     1.5743   -0.00051 -4.182e-07     0.5589   102.4420    132.122    132.228    34.5653    34.5660    27.1618    27.1622    1484.98    1484.99         16 0.0000e+00
     104645  71.891960    555.000    551.202     6.4252     6.4264   3.461580   3.461739     1.3991     1.5740   -0.00023 -9.946e-12     0.5606   102.4329    132.050    132.142    34.5661    34.5666    27.1613    27.1616    1485.00    1485.00         18 0.0000e+00
     104666  71.891968    554.000    550.208     6.4319     6.4318   3.462185   3.462200     1.3981     1.5735   -0.00014   -0.00007     0.5444   102.4394    131.869    132.047    34.5666    34.5669    27.1608    27.1611    1485.01    1485.01         24 0.0000e+00
     104699  71.891983    553.000    549.222     6.4406     6.4298   3.463001   3.461921     1.3971     1.5727   -0.00060   -0.00040     0.5616   102.3564    131.672    131.933    34.5673    34.5662    27.1602    27.1608    1485.03    1484.98         44 0.0000e+00
     104742  71.892006    552.000    548.238     6.4609     6.4610   3.464866   3.464977     1.3968     1.5727   -0.00070   -0.00064     0.5629   102.4441    131.542    131.805    34.5680    34.5692    27.1582    27.1591    1485.09    1485.09         35 0.0000e+00
     104770  71.892021    551.000    547.247     6.4690     6.4700   3.465602   3.465720     1.3968     1.5726   -0.00016   -0.00068     0.5640   102.4316    131.500    131.747    34.5685    34.5688    27.1575    27.1576    1485.11    1485.11         24 0.0000e+00
     104791  71.892029    550.000    546.253     6.4743     6.4757   3.466067   3.466230     1.3968     1.5724    0.00004   -0.00001     0.5645   102.4347    131.465    131.684    34.5688    34.5693    27.1570    27.1572    1485.11    1485.12         19 0.0000e+00
     104810  71.892036    549.000    545.264     6.4800     6.4811   3.466569   3.466707     1.3968     1.5716   -0.00003 3.7116e-09     0.5623   102.4251    131.430    131.544    34.5692    34.5696    27.1565    27.1567    1485.12    1485.12         18 0.0000e+00
     104827  71.892044    548.000    544.258     6.4867     6.4879   3.467153   3.467320     1.3963     1.5712   -0.00008 -6.329e-12     0.5563   102.4417    131.318    131.461    34.5694    34.5701    27.1558    27.1562    1485.13    1485.13         17 0.0000e+00
     104845  71.892052    547.000    543.268     6.4975     6.4987   3.468229   3.468387     1.3953     1.5703   -0.00023 -6.148e-12     0.5648   102.4325    131.107    131.289    34.5709    34.5714    27.1556    27.1558    1485.15    1485.16         20 0.0000e+00
     104868  71.892067    546.000    542.274     6.5101     6.5110   3.469420   3.469563     1.3942     1.5692   -0.00066   -0.00006     0.5651   102.4366    130.888    131.096    34.5719    34.5726    27.1547    27.1551    1485.19    1485.19         27 0.0000e+00
     104909  71.892082    545.000    541.285     6.5258     6.5191   3.470969   3.470355     1.3924     1.5674   -0.00100   -0.00100     0.5543   102.4391    130.566    130.824    34.5738    34.5737    27.1541    27.1549    1485.24    1485.21         60 0.0000e+00
     104975  71.892120    544.000    540.305     6.5469     6.5486   3.472983   3.473173     1.3921     1.5668   -0.00102   -0.00090     0.5491   102.4424    130.434    130.626    34.5754    34.5758    27.1525    27.1526    1485.30    1485.31         51 0.0000e+00
     105006  71.892136    543.000    539.312     6.5485     6.5491   3.473133   3.473234     1.3931     1.5670   -0.00013   -0.00009     0.5617   102.4349    130.557    130.629    34.5759    34.5764    27.1527    27.1530    1485.29    1485.30         24 0.0000e+00
     105028  71.892143    542.000    538.317     6.5530     6.5544   3.473541   3.473717     1.3937     1.5677    0.00005    0.00007     0.5527   102.4351    130.602    130.690    34.5764    34.5769    27.1525    27.1527    1485.30    1485.30         20 0.0000e+00
