data/csp/csp00201.cnv
* Sea-Bird SBE 9 Data File:
* FileName = C:\SEASOFT\CASSIOPEE\data\csp00201.hex
* Software Version Seasave V 7.23.1
* Temperature SN = 1328
* Conductivity SN = 1075
* Number of Bytes Per Scan = 40
* Number of Voltage Words = 5
* Number of Scans Averaged by the Deck Unit = 1
* NMEA Latitude = 10 59.65 S
* NMEA Longitude = 164 34.91 E
* NMEA UTC (Time) = Jul 24 2015 06:10:13
* NMEA baud rate = 4800
** Cruise : CASSIOPEE
** Station : 00201
** Type: PHY
** Bottom Depth: 6127
** Operator:  ESL, GE
** Comments:
# nquan = 28                                
# nvalues = 4002                        
# units = specified
# name 0 = scan: Scan Count
# name 1 = timeJ: Julian Days
# name 2 = prDM: Pressure, Digiquartz [db]
# name 3 = depSM: Depth [salt water, m]
# name 4 = t090C: Temperature [ITS-90, deg C]
# name 5 = t190C: Temperature, 2 [ITS-90, deg C]
# name 6 = c0S/m: Conductivity [S/m]
# name 7 = c1S/m: Conductivity, 2 [S/m]
# name 8 = sbeox0V: Oxygen raw, SBE 43 [V]
# name 9 = sbeox0dOV/dT: Oxygen, SBE 43 [dov/dt]
# name 10 = sbeox1V: Oxygen raw, SBE 43, 2 [V]
# name 11 = sbeox1dOV/dT: Oxygen, SBE 43, 2 [dov/dt]
# name 12 = CStarTr0: Beam Transmission, WET Labs C-Star [%]
# name 13 = flC: Fluorescence, Chelsea Aqua 3 Chl Con [ug/l]
# name 14 = par: PAR/Irradiance, Biospherical/Licor
# name 15 = spar: SPAR/Surface Irradiance
# name 16 = cpar: CPAR/Corrected Irradiance [%]
# name 17 = upoly0: Upoly 0, UVP5
# name 18 = sbeox0Mm/Kg: Oxygen, SBE 43 [umol/kg], WS = 2
# name 19 = sbeox1Mm/Kg: Oxygen, SBE 43, 2 [umol/kg], WS = 2
# name 20 = nbin: number of scans per bin
# name 21 = sal00: Salinity, Practical [PSU]
# name 22 = sal11: Salinity, Practical, 2 [PSU]
# name 23 = sigma-é00: Density [sigma-theta, kg/m^3]
# name 24 = sigma-é11: Density, 2 [sigma-theta, kg/m^3]
# name 25 = svCM: Sound Velocity [Chen-Millero, m/s]
# name 26 = svCM1: Sound Velocity, 2 [Chen-Millero, m/s]
# name 27 = flag: flag
# span 0 =        -20,     167599       
# span 1 = 205.257034, 205.337875       
# span 2 =      4.000,   2006.000       
# span 3 =      3.977,   1985.077       
# span 4 =     2.3465,    28.1733       
# span 5 =     2.3456,    28.1725       
# span 6 =   3.164987,   5.613231       
# span 7 =   3.164366,   5.612145       
# span 8 =     1.1067,     2.4405       
# span 9 =   -0.05630,    0.07549       
# span 10 =     1.1648,     2.6083      
# span 11 =   -0.06376,    0.07126      
# span 12 =    88.0248,    90.8708      
# span 13 =    -0.0056,     0.4997      
# span 14 = -3.890e-05, 3.7860e+01      
# span 15 = 1.1025e+00, 2.2719e+02      
# span 16 = -1.412e+03, 3.4911e+04      
# span 17 =  2.6336904,  71.509819      
# span 18 =    105.419,    184.436      
# span 19 =    108.710,    192.132      
# span 20 =          6,         73      
# span 21 =    34.4860,    35.8078      
# span 22 =    34.4805,    35.7943      
# span 23 =    22.0526,    27.6596      
# span 24 =    22.0489,    27.6543      
# span 25 =    1483.37,    1542.41      
# span 26 =    1483.38,    1542.41      
# span 27 = 0.0000e+00, 0.0000e+00      
# interval = decibars: 1                
# start_time = Jul 24 2015 06:10:09 [System UTC, header]
# bad_flag = -9.990e-29
*END*
[from data line 1399]
      48623 205.280502   1406.000   1393.304     3.3444     3.3424   3.222792   3.222161     1.1639    0.00008     1.2259   -0.00007    90.7909     0.0097 1.0000e-12 6.1030e+01 1.6270e-12  12.892215    125.722    128.923         21    34.5687    34.5632    27.5184    27.5142    1486.50    1486.49 0.0000e+00
      48645 205.280502   1407.000   1394.292     3.3317     3.3299   3.221799   3.221159     1.1639    0.00003     1.2257   -0.00008    90.7911     0.0144 1.0000e-12 6.0981e+01 1.6398e-12  12.940470    125.763    129.026         24    34.5697    34.5639    27.5204    27.5159    1486.47    1486.45 0.0000e+00
      48672 205.280518   1408.000   1395.279     3.3252     3.3239   3.221324   3.220692     1.1639   -0.00014     1.2257   -0.00038    90.7986     0.0082 1.0000e-12 6.0980e+01 1.6399e-12  12.587417    125.911    129.310         30    34.5704    34.5642    27.5215    27.5167    1486.46    1486.44 0.0000e+00
      48703 205.280533   1409.000   1396.267     3.3184     3.3170   3.220782   3.220152     1.1641   -0.00017     1.2262   -0.00024    90.7987     0.0074 1.0000e-12 6.0980e+01 1.6399e-12  11.586818    126.083    129.553         30    34.5705    34.5645    27.5223    27.5176    1486.45    1486.43 0.0000e+00
      48728 205.280548   1410.000   1397.255     3.3118     3.3104   3.220263   3.219635     1.1644    0.00046     1.2262   -0.00011    90.7927     0.0147 1.0000e-12 6.0980e+01 1.6399e-12  14.890184    126.051    129.336         21    34.5707    34.5647    27.5231    27.5184    1486.43    1486.42 0.0000e+00
      48747 205.280563   1411.000   1398.242     3.3022     3.2998   3.219410   3.218767     1.1642    0.00006     1.2265    0.00029    90.7932     0.0185 1.0000e-12 6.0980e+01 1.6399e-12  11.051212    125.956    129.554         17    34.5701    34.5650    27.5235    27.5197    1486.41    1486.39 0.0000e+00
      48764 205.280563   1412.000   1399.230     3.2889     3.2867   3.218368   3.217717     1.1643   -0.00019     1.2265    0.00060    90.7933     0.0171 1.0000e-12 6.0980e+01 1.6399e-12  12.773608    126.257    129.570         16    34.5712    34.5657    27.5256    27.5214    1486.37    1486.36 0.0000e+00
      48780 205.280579   1413.000   1400.217     3.2799     3.2786   3.217714   3.217099     1.1646    0.00029     1.2264    0.00023    90.8015     0.0187 1.0000e-12 6.0980e+01 1.6399e-12  11.704649    126.399    129.792         17    34.5724    34.5663    27.5274    27.5227    1486.35    1486.34 0.0000e+00
      48800 205.280579   1414.000   1401.205     3.2783     3.2771   3.217635   3.217004     1.1647    0.00008     1.2269   -0.00002    90.8025     0.0196 1.0000e-12 6.0980e+01 1.6399e-12  11.860040    126.473    129.897         25    34.5726    34.5663    27.5278    27.5228    1486.36    1486.35 0.0000e+00
      48852 205.280609   1415.000   1402.193     3.2877     3.2832   3.218485   3.217547     1.1654    0.00015     1.2274    0.00033    90.7996     0.0074 1.0000e-12 6.0980e+01 1.6399e-12  11.967548    126.362    129.807         38    34.5723    34.5659    27.5266    27.5220    1486.42    1486.39 0.0000e+00
      48890 205.280624   1416.000   1403.180     3.2868     3.2751   3.218355   3.216923     1.1651    0.00042     1.2275    0.00036    90.8063     0.0064 1.0000e-12 6.0980e+01 1.6400e-12  11.174604    126.240    129.836         23    34.5712    34.5664    27.5259    27.5231    1486.43    1486.37 0.0000e+00
      48910 205.280640   1417.000   1404.168     3.2710     3.2699   3.217168   3.216548     1.1651    0.00027     1.2274    0.00028    90.8063     0.0113 1.0000e-12 6.0980e+01 1.6536e-12  13.230644    126.392    129.516         19    34.5732    34.5669    27.5289    27.5240    1486.38    1486.37 0.0000e+00
      48927 205.280640   1418.000   1405.156     3.2688     3.2676   3.217036   3.216394     1.1651   -0.00002     1.2267    0.00002    90.8015     0.0122 1.0000e-12 6.0265e+01 -9.990e-29  11.027522    126.338    129.416         17    34.5734    34.5670    27.5293    27.5243    1486.39    1486.38 0.0000e+00
      48945 205.280655   1419.000   1406.143     3.2609     3.2590   3.216369   3.215715     1.1649   -0.00026     1.2269   -0.00004    90.8030     0.0132 1.0000e-12 5.9284e+01 -9.990e-29  11.185463    126.381    129.748         18    34.5732    34.5674    27.5299    27.5254    1486.37    1486.36 0.0000e+00
      48964 205.280655   1420.000   1407.131     3.2559     3.2546   3.216022   3.215399     1.1650   -0.00008     1.2267   -0.00003    90.8000     0.0110 1.0000e-12 5.9286e+01 -9.990e-29  11.078856    126.295    129.739         23    34.5739    34.5678    27.5309    27.5261    1486.37    1486.35 0.0000e+00
      48996 205.280670   1421.000   1408.118     3.2547     3.2536   3.215976   3.215362     1.1645   -0.00007     1.2266   -0.00044    90.8037     0.0138 1.0000e-12 6.0127e+01 1.6506e-12  12.586840    126.144    129.741         40    34.5741    34.5680    27.5312    27.5264    1486.38    1486.37 0.0000e+00
      49030 205.280685   1422.000   1409.106     3.2533     3.2520   3.215901   3.215270     1.1638   -0.00018     1.2262   -0.00003    90.8037     0.0109 1.0000e-12 6.0098e+01 1.6648e-12  12.121416    125.990    129.612         25    34.5741    34.5680    27.5313    27.5266    1486.39    1486.38 0.0000e+00
      49052 205.280701   1423.000   1410.094     3.2522     3.2509   3.215875   3.215237     1.1637   -0.00031     1.2262   -0.00004    90.8080     0.0044 1.0000e-12 5.9353e+01 1.6849e-12  11.191997    126.363    129.600         21    34.5745    34.5683    27.5317    27.5269    1486.40    1486.39 0.0000e+00
      49074 205.280716   1424.000   1411.081     3.2514     3.2501   3.215847   3.215207     1.1640   -0.00030     1.2258   -0.00016    90.7960     0.0131 1.0000e-12 5.9286e+01 1.6867e-12  12.291853    126.411    129.616         22    34.5746    34.5682    27.5319    27.5269    1486.42    1486.40 0.0000e+00
      49099 205.280731   1425.000   1412.069     3.2508     3.2496   3.215835   3.215203     1.1638   -0.00041     1.2259   -0.00022    90.7975     0.0136 1.0000e-12 5.9286e+01 1.6867e-12  11.661539    126.243    129.655         31    34.5745    34.5682    27.5319    27.5270    1486.43    1486.42 0.0000e+00
      49135 205.280746   1426.000   1413.056     3.2507     3.2494   3.215868   3.215232     1.1636    0.00013     1.2255   -0.00023    90.8084     0.0080 1.0000e-12 5.9286e+01 1.6867e-12  12.483824    126.205    129.630         35    34.5745    34.5683    27.5319    27.5271    1486.45    1486.43 0.0000e+00
      49163 205.280762   1427.000   1414.044     3.2508     3.2496   3.215941   3.215303     1.1634   -0.00014     1.2255   -0.00009    90.8050     0.0043 1.0000e-12 5.9286e+01 1.6867e-12  12.683960    126.300    129.576         23    34.5748    34.5685    27.5321    27.5272    1486.46    1486.45 0.0000e+00
      49182 205.280762   1428.000   1415.031     3.2505     3.2495   3.215961   3.215345     1.1636   -0.00016     1.2249   -0.00027    90.8056     0.0054 1.0000e-12 5.9286e+01 1.6867e-12  9.8441935    126.249    129.413         17    34.5749    34.5685    27.5322    27.5272    1486.48    1486.47 0.0000e+00
      49199 205.280777   1429.000   1416.019     3.2497     3.2487   3.215939   3.215310     1.1632   -0.00016     1.2251   -0.00020    90.8015     0.0102 1.0000e-12 5.9286e+01 1.6867e-12  10.533520    126.184    129.473         17    34.5749    34.5685    27.5324    27.5273    1486.49    1486.48 0.0000e+00
      49216 205.280777   1430.000   1417.007     3.2492     3.2481   3.215947   3.215320     1.1633   -0.00012     1.2245   -0.00001    90.7920     0.0091 1.0000e-12 5.9286e+01 1.6867e-12  10.549022    126.220    129.403         18    34.5750    34.5687    27.5325    27.5275    1486.51    1486.49 0.0000e+00
      49238 205.280792   1431.000   1417.994     3.2489     3.2477   3.215948   3.215315     1.1630   -0.00005     1.2246   -0.00023    90.8004     0.0072 1.0000e-12 5.9286e+01 1.6867e-12  11.876760    126.027    129.642         27    34.5748    34.5686    27.5324    27.5275    1486.52    1486.51 0.0000e+00
      49277 205.280807   1432.000   1418.982     3.2489     3.2479   3.215982   3.215364     1.1627   -0.00016     1.2247   -0.00032    90.8045     0.0011 1.0000e-12 5.9286e+01 1.6867e-12  11.890298    126.256    129.695         47    34.5747    34.5684    27.5323    27.5273    1486.54    1486.53 0.0000e+00
      49315 205.280838   1433.000   1419.969     3.2484     3.2471   3.215983   3.215350     1.1627   -0.00020     1.2246    0.00010    90.8033     0.0062 1.0000e-12 5.9286e+01 1.6867e-12  11.789688    126.289    129.536         31    34.5748    34.5686    27.5324    27.5276    1486.55    1486.54 0.0000e+00
      49343 205.280838   1434.000   1420.957     3.2479     3.2469   3.215984   3.215359     1.1627    0.00002     1.2244    0.00003    90.8084     0.0032 1.0000e-12 5.8996e+01 1.6952e-12  12.524794    126.280    129.695         24    34.5749    34.5685    27.5325    27.5275    1486.57    1486.56 0.0000e+00
      49365 205.280853   1435.000   1421.944     3.2450     3.2435   3.215755   3.215117     1.1627    0.00005     1.2243   -0.00007    90.8044     0.0106 1.0000e-12 5.7664e+01 1.7343e-12  14.914308    126.211    129.389         20    34.5746    34.5686    27.5326    27.5279    1486.57    1486.56 0.0000e+00
      49383 205.280869   1436.000   1422.932     3.2392     3.2379   3.215340   3.214722     1.1626   -0.00001     1.2238   -0.00024    90.8034     0.0094 1.0000e-12 5.7591e+01 1.7364e-12  12.212749    126.130    129.376         17    34.5753    34.5693    27.5337    27.5290    1486.57    1486.55 0.0000e+00
      49400 205.280869   1437.000   1423.919     3.2388     3.2382   3.215353   3.214768     1.1622   -0.00013     1.2237   -0.00013    90.8096     0.0058 1.0000e-12 5.7592e+01 1.7363e-12  10.938560    125.990    129.463         17    34.5754    34.5690    27.5338    27.5288    1486.58    1486.57 0.0000e+00
      49418 205.280884   1438.000   1424.907     3.2358     3.2349   3.215134   3.214529     1.1619   -0.00011     1.2236    0.00005    90.8045     0.0153 1.0000e-12 5.7592e+01 1.7363e-12  9.8263540    126.145    129.586         20    34.5754    34.5692    27.5341    27.5292    1486.58    1486.57 0.0000e+00
      49450 205.280899   1439.000   1425.894     3.2362     3.2360   3.215228   3.214653     1.1619   -0.00026     1.2236   -0.00032    90.8040     0.0130 1.0000e-12 5.7592e+01 1.7363e-12  12.855431    126.186    129.654         49    34.5757    34.5690    27.5343    27.5290    1486.60    1486.59 0.0000e+00
      49504 205.280914   1440.000   1426.882     3.2383     3.2346   3.215404   3.214580     1.1620   -0.00003     1.2238   -0.00004    90.7975     0.0116 1.0000e-12 5.7592e+01 1.7363e-12  10.856499    126.392    129.492         35    34.5751    34.5691    27.5336    27.5292    1486.63    1486.60 0.0000e+00
      49528 205.280930   1441.000   1427.869     3.2262     3.2243   3.214433   3.213772     1.1620   -0.00019     1.2231    0.00009    90.8013     0.0052 1.0000e-12 5.7592e+01 1.7363e-12  11.734441    126.114    129.342         22    34.5757    34.5697    27.5352    27.5306    1486.59    1486.58 0.0000e+00
      49548 205.280945   1442.000   1428.857     3.2241     3.2230   3.214322   3.213709     1.1615   -0.00007     1.2229    0.00014    90.8070     0.0015 1.0000e-12 5.7592e+01 1.7364e-12  11.635638    126.083    129.528         18    34.5761    34.5699    27.5357    27.5309    1486.60    1486.59 0.0000e+00
      49565 205.280945   1443.000   1429.844     3.2206     3.2181   3.214040   3.213328     1.1615    0.00026     1.2229   -0.00011    90.8084     0.0022 1.0000e-12 5.6954e+01 1.7562e-12  13.778991    126.239    129.518         16    34.5759    34.5699    27.5359    27.5314    1486.60    1486.59 0.0000e+00
      49580 205.280960   1444.000   1430.832     3.2151     3.2137   3.213639   3.213010     1.1613   -0.00001     1.2227   -0.00042    90.8112     0.0025 1.0000e-12 5.5915e+01 1.7884e-12  12.117989    126.275    129.581         16    34.5763    34.5703    27.5368    27.5321    1486.60    1486.58 0.0000e+00
      49597 205.280960   1445.000   1431.819     3.2119     3.2104   3.213428   3.212776     1.1615   -0.00024     1.2227   -0.00039    90.7922     0.0052 1.0000e-12 5.5899e+01 1.7890e-12  12.478130    126.377    129.546         17    34.5767    34.5704    27.5374    27.5325    1486.60    1486.59 0.0000e+00
      49619 205.280975   1446.000   1432.807     3.2109     3.2096   3.213373   3.212751     1.1614   -0.00025     1.2224   -0.00022    90.7935     0.0063 1.1200e-06 5.5899e+01 2.0036e-06  12.255585    126.311    129.531         31    34.5766    34.5705    27.5374    27.5326    1486.61    1486.60 0.0000e+00
      49659 205.280991   1447.000   1433.794     3.2107     3.2103   3.213410   3.212849     1.1611   -0.00002     1.2225   -0.00014    90.8060     0.0113 -5.265e-08 5.5899e+01 -9.419e-08  10.898414    126.214    129.661         41    34.5767    34.5705    27.5375    27.5326    1486.63    1486.62 0.0000e+00
      49694 205.281006   1448.000   1434.782     3.2106     3.2093   3.213446   3.212811     1.1610    0.00010     1.2223   -0.00013    90.8100     0.0130 1.0036e-12 5.5899e+01 1.7954e-12  10.861036    126.186    129.637         34    34.5768    34.5706    27.5376    27.5328    1486.65    1486.63 0.0000e+00
      49729 205.281036   1449.000   1435.769     3.2105     3.2092   3.213483   3.212841     1.1605   -0.00046     1.2226   -0.00005    90.8071     0.0101 1.0000e-12 5.5899e+01 1.7890e-12  9.9404783    126.137    129.640         31    34.5769    34.5705    27.5377    27.5327    1486.66    1486.65 0.0000e+00
      49754 205.281036   1450.000   1436.757     3.2099     3.2087   3.213485   3.212847     1.1606   -0.00002     1.2218   -0.00004    90.8026     0.0137 1.0000e-12 5.5899e+01 1.7890e-12  11.219270    126.124    129.161         22    34.5770    34.5706    27.5378    27.5328    1486.68    1486.66 0.0000e+00
      49773 205.281052   1451.000   1437.744     3.2088     3.2077   3.213440   3.212812     1.1601   -0.00026     1.2216    0.00008    90.8042     0.0157 1.0000e-12 5.5899e+01 1.7890e-12  12.896894    126.192    129.376         18    34.5771    34.5708    27.5381    27.5331    1486.69    1486.68 0.0000e+00
      49791 205.281067   1452.000   1438.732     3.2066     3.2053   3.213286   3.212642     1.1606   -0.00026     1.2213    0.00011    90.8041     0.0152 1.0000e-12 5.5899e+01 1.7890e-12  11.491778    126.448    129.342         18    34.5771    34.5708    27.5383    27.5333    1486.70    1486.68 0.0000e+00
      49812 205.281067   1453.000   1439.719     3.2003     3.1988   3.212793   3.212158     1.1603   -0.00010     1.2212   -0.00045    90.8028     0.0116 1.0000e-12 5.5899e+01 1.8073e-12  12.493641    126.077    129.457         26    34.5773    34.5713    27.5390    27.5343    1486.69    1486.67 0.0000e+00
      49845 205.281082   1454.000   1440.707     3.1943     3.1931   3.212331   3.211716     1.1600   -0.00006     1.2209   -0.00039    90.8149     0.0035 1.0000e-12 5.5899e+01 1.7933e-12  11.781798    126.150    129.404         36    34.5776    34.5715    27.5398    27.5350    1486.68    1486.66 0.0000e+00
      49875 205.281097   1455.000   1441.694     3.1808     3.1794   3.211249   3.210619     1.1598   -0.00015     1.2205   -0.00020    90.8033     0.0014 1.0000e-12 5.5899e+01 1.7889e-12  12.132196    126.066    129.185         24    34.5783    34.5723    27.5416    27.5369    1486.64    1486.62 0.0000e+00
