data/csp/csp00102.cnv
* Sea-Bird SBE 9 Data File:
* FileName = C:\SEASOFT\CASSIOPEE\data\csp00102.hex
* Software Version Seasave V 7.23.1
* Temperature SN = 1327
* Conductivity SN = 1075
* Number of Bytes Per Scan = 40
* Number of Voltage Words = 5
* Number of Scans Averaged by the Deck Unit = 1
* NMEA Latitude = 19 58.12 S
* NMEA Longitude = 168 00.66 E
* NMEA UTC (Time) = Jul 20 2015 09:28:43
* NMEA baud rate = 4800
** Cruise : CASSIOPEE
** Station : 00102
** Type: PHY
** Bottom Depth: 4780
** Operator:  FM/SC/FP
** Comments:
# nquan = 25                                
# nvalues = 9512                        
# units = specified
# name 0 = scan: Scan Count
# name 1 = timeJ: Julian Days
# name 2 = prDM: Pressure, Digiquartz [db]
# name 3 = depSM: Depth [salt water, m]
# name 4 = t090C: Temperature [ITS-90, deg C]
# name 5 = t190C: Temperature, 2 [ITS-90, deg C]
# name 6 = c0S/m: Conductivity [S/m]
# name 7 = c1S/m: Conductivity, 2 [S/m]
# name 8 = sbeox0V: Oxygen raw, SBE 43 [V]
# name 9 = sbeox0dOV/dT: Oxygen, SBE 43 [dov/dt]
# name 10 = CStarTr0: Beam Transmission, WET Labs C-Star [%]
# name 11 = flC: Fluorescence, Chelsea Aqua 3 Chl Con [ug/l]
# name 12 = par: PAR/Irradiance, Biospherical/Licor
# name 13 = spar: SPAR/Surface Irradiance
# name 14 = cpar: CPAR/Corrected Irradiance [%]
# name 15 = upoly0: Upoly 0, UVP5
# name 16 = sbeox0Mm/Kg: Oxygen, SBE 43 [umol/kg], WS = 2
# name 17 = nbin: number of scans per bin
# name 18 = sal00: Salinity, Practical [PSU]
# name 19 = sal11: Salinity, Practical, 2 [PSU]
# name 20 = sigma-é00: Density [sigma-theta, kg/m^3]
# name 21 = sigma-é11: Density, 2 [sigma-theta, kg/m^3]
# name 22 = svCM: Sound Velocity [Chen-Millero, m/s]
# name 23 = svCM1: Sound Velocity, 2 [Chen-Millero, m/s]
# name 24 = flag: flag
# span 0 =        540,     328925       
# span 1 = 201.395203, 201.553558       
# span 2 =      0.000,   4758.000       
# span 3 = 7.0663e-07,   4676.804       
# span 4 =     1.8270,    23.5794       
# span 5 =     1.8323,    23.5778       
# span 6 =   3.158437,   5.248310       
# span 7 =   3.158154,   5.247080       
# span 8 =     0.9738,     2.5379       
# span 9 =   -0.01944,    0.01964       
# span 10 =    78.3344,   100.2298      
# span 11 =    -0.0143,     0.2397      
# span 12 = -4.344e-05, 1.9278e-01      
# span 13 = -1.085e-02, 1.7835e+00      
# span 14 = -5.288e+03, 1.0064e+05      
# span 15 =  2.8877313,  43.919262      
# span 16 =    133.444,    201.723      
# span 17 =         11,         70      
# span 18 =    34.3677,    35.7960      
# span 19 =    34.3874,    35.7907      
# span 20 =    24.1465,    27.7619      
# span 21 =    24.1138,    27.7565      
# span 22 =    1483.51,    1537.66      
# span 23 =    1483.54,    1537.66      
# span 24 = 0.0000e+00, 0.0000e+00      
# interval = decibars: 1                
# start_time = Jul 20 2015 09:28:43 [System UTC, header]
# bad_flag = -9.990e-29
*END*
[from data line 1346]
   47026   201.417618   1351.000   1338.408   3.1268   3.1288   3.200591   3.200000   1.2930   -0.00025   1e+36   1e+36   100.1554   0.0068   1.0000e-12   1.6939e+00   5.9036e-11   12.105419   146.238   1e+36   47   34.5596   34.5504   27.5308   27.5232   1484.65   1484.65   0.0000e+00
   47069   201.417648   1352.000   1339.395   3.1222   3.1239   3.200270   3.199656   1.2928   -0.00007   1e+36   1e+36   100.1640   0.0141   1.0000e-12   1.6939e+00   5.9036e-11   12.011994   146.050   1e+36   33   34.5600   34.5509   27.5316   27.5241   1484.65   1484.64   0.0000e+00
   47096   201.417648   1353.000   1340.383   3.1217   3.1234   3.200266   3.199650   1.2923   -0.00015   1e+36   1e+36   100.1616   0.0123   1.0000e-12   1.6939e+00   5.9036e-11   12.481487   145.910   1e+36   24   34.5600   34.5509   27.5316   27.5241   1484.66   1484.66   0.0000e+00
   47118   201.417664   1354.000   1341.370   3.1206   3.1225   3.200235   3.199628   1.2921   -0.00008   1e+36   1e+36   100.1597   0.0124   1.0000e-12   1.6939e+00   5.9036e-11   11.247255   145.940   1e+36   21   34.5603   34.5511   27.5319   27.5244   1484.67   1484.67   0.0000e+00
   47139   201.417679   1355.000   1342.358   3.1183   3.1200   3.200088   3.199476   1.2918   -0.00024   1e+36   1e+36   100.1668   0.0061   1.0000e-12   1.6939e+00   5.9036e-11   11.275985   146.020   1e+36   22   34.5605   34.5513   27.5323   27.5248   1484.68   1484.68   0.0000e+00
   47165   201.417694   1356.000   1343.345   3.1136   3.1153   3.199802   3.199192   1.2916   -0.00040   1e+36   1e+36   100.1634   0.0066   1.0000e-12   1.6939e+00   5.9036e-11   11.758268   146.115   1e+36   30   34.5615   34.5524   27.5335   27.5261   1484.68   1484.67   0.0000e+00
   47200   201.417709   1357.000   1344.333   3.1130   3.1147   3.199814   3.199197   1.2916   -0.00025   1e+36   1e+36   100.1649   0.0076   1.0000e-12   1.6939e+00   5.9036e-11   13.075336   146.080   1e+36   38   34.5618   34.5525   27.5338   27.5263   1484.69   1484.69   0.0000e+00
   47233   201.417725   1358.000   1345.320   3.1128   3.1146   3.199851   3.199252   1.2914   -0.00006   1e+36   1e+36   100.1579   0.0062   1.0000e-12   1.6939e+00   5.9036e-11   11.442502   146.006   1e+36   28   34.5619   34.5528   27.5339   27.5265   1484.71   1484.71   0.0000e+00
   47259   201.417740   1359.000   1346.308   3.1117   3.1136   3.199818   3.199231   1.2913   -0.00009   1e+36   1e+36   100.1635   0.0061   1.0000e-12   1.6939e+00   5.9036e-11   11.095172   146.207   1e+36   24   34.5622   34.5531   27.5343   27.5268   1484.72   1484.72   0.0000e+00
   47281   201.417740   1360.000   1347.295   3.1104   3.1123   3.199790   3.199182   1.2914   -0.00012   1e+36   1e+36   100.1663   0.0073   1.0000e-12   1.6939e+00   5.9036e-11   11.766138   146.297   1e+36   22   34.5627   34.5534   27.5348   27.5272   1484.73   1484.73   0.0000e+00
   47306   201.417755   1361.000   1348.282   3.1085   3.1104   3.199697   3.199096   1.2916   -0.00019   1e+36   1e+36   100.1681   0.0100   1.0000e-12   1.6939e+00   5.9036e-11   11.529664   146.449   1e+36   29   34.5631   34.5539   27.5353   27.5278   1484.74   1484.74   0.0000e+00
   47348   201.417770   1362.000   1349.270   3.1050   3.1068   3.199478   3.198863   1.2921   0.00012   1e+36   1e+36   100.1714   0.0083   1.0000e-12   1.6939e+00   5.9036e-11   10.967816   146.496   1e+36   56   34.5636   34.5543   27.5361   27.5285   1484.75   1484.74   0.0000e+00
   47405   201.417801   1363.000   1350.257   3.1042   3.1060   3.199446   3.198846   1.2923   0.00026   1e+36   1e+36   100.1711   0.0198   1.0000e-12   1.6939e+00   5.9036e-11   10.787138   146.343   1e+36   50   34.5636   34.5545   27.5361   27.5287   1484.76   1484.75   0.0000e+00
   47444   201.417816   1364.000   1351.245   3.1030   3.1048   3.199410   3.198811   1.2920   0.00019   1e+36   1e+36   100.1768   0.0165   1.0000e-12   1.6939e+00   5.9036e-11   11.414417   146.344   1e+36   30   34.5639   34.5548   27.5365   27.5291   1484.77   1484.77   0.0000e+00
   47469   201.417831   1365.000   1352.232   3.1017   3.1035   3.199368   3.198764   1.2919   -0.00012   1e+36   1e+36   100.1652   0.0132   1.0000e-12   1.6939e+00   5.9036e-11   10.687349   146.509   1e+36   23   34.5643   34.5552   27.5369   27.5295   1484.78   1484.78   0.0000e+00
   47490   201.417847   1366.000   1353.220   3.0978   3.0996   3.199120   3.198521   1.2921   -0.00027   1e+36   1e+36   100.1699   0.0090   1.0000e-12   1.6939e+00   5.9036e-11   11.466543   146.591   1e+36   20   34.5649   34.5558   27.5377   27.5303   1484.78   1484.78   0.0000e+00
   47511   201.417847   1367.000   1354.207   3.0944   3.0961   3.198894   3.198291   1.2921   -0.00007   1e+36   1e+36   100.1685   0.0139   1.0000e-12   1.6939e+00   5.9036e-11   10.443151   146.383   1e+36   22   34.5653   34.5562   27.5384   27.5310   1484.79   1484.78   0.0000e+00
   47536   201.417862   1368.000   1355.195   3.0932   3.0950   3.198835   3.198240   1.2919   0.00005   1e+36   1e+36   100.1651   0.0157   1.0000e-12   1.6939e+00   5.9036e-11   10.280278   146.459   1e+36   28   34.5653   34.5563   27.5385   27.5311   1484.80   1484.79   0.0000e+00
   47564   201.417877   1369.000   1356.182   3.0921   3.0937   3.198779   3.198169   1.2918   0.00012   1e+36   1e+36   100.1744   0.0137   1.0000e-12   1.6939e+00   5.9036e-11   10.853536   146.366   1e+36   25   34.5654   34.5563   27.5387   27.5313   1484.81   1484.80   0.0000e+00
   47587   201.417892   1370.000   1357.169   3.0905   3.0923   3.198701   3.198102   1.2916   -0.00021   1e+36   1e+36   100.1697   0.0088   1.0000e-12   1.6939e+00   5.9036e-11   10.544289   146.358   1e+36   22   34.5656   34.5565   27.5390   27.5316   1484.82   1484.81   0.0000e+00
   47609   201.417908   1371.000   1358.157   3.0889   3.0907   3.198619   3.198024   1.2914   -0.00006   1e+36   1e+36   100.1697   0.0127   1.0000e-12   1.6939e+00   5.9036e-11   12.326287   146.364   1e+36   24   34.5658   34.5568   27.5393   27.5320   1484.83   1484.82   0.0000e+00
   47644   201.417923   1372.000   1359.144   3.0882   3.0898   3.198612   3.197991   1.2911   -0.00018   1e+36   1e+36   100.1740   0.0112   1.0000e-12   1.6939e+00   5.9036e-11   10.703690   146.406   1e+36   50   34.5659   34.5568   27.5395   27.5321   1484.84   1484.84   0.0000e+00
   47694   201.417938   1373.000   1360.132   3.0859   3.0877   3.198469   3.197865   1.2910   -0.00021   1e+36   1e+36   100.1771   0.0106   1.0000e-12   1.6939e+00   5.9036e-11   11.332894   146.439   1e+36   47   34.5661   34.5570   27.5399   27.5324   1484.85   1484.85   0.0000e+00
   47746   201.417969   1374.000   1361.119   3.0844   3.0863   3.198385   3.197788   1.2911   -0.00005   1e+36   1e+36   100.1785   0.0121   1.0000e-12   1.6939e+00   5.9036e-11   12.268397   146.413   1e+36   49   34.5662   34.5571   27.5401   27.5326   1484.86   1484.86   0.0000e+00
   47781   201.417984   1375.000   1362.107   3.0827   3.0845   3.198293   3.197699   1.2906   0.00013   1e+36   1e+36   100.1755   0.0095   1.0000e-12   1.6939e+00   5.9036e-11   10.507051   146.261   1e+36   25   34.5664   34.5574   27.5404   27.5330   1484.87   1484.87   0.0000e+00
   47802   201.417999   1376.000   1363.094   3.0790   3.0808   3.198024   3.197440   1.2905   0.00004   1e+36   1e+36   100.1735   0.0077   1.0000e-12   1.6939e+00   5.9036e-11   9.3999910   146.427   1e+36   19   34.5666   34.5576   27.5409   27.5336   1484.87   1484.87   0.0000e+00
   47820   201.417999   1377.000   1364.081   3.0762   3.0780   3.197859   3.197262   1.2905   -0.00027   1e+36   1e+36   100.1768   0.0080   1.0000e-12   1.6939e+00   5.9036e-11   11.517104   146.241   1e+36   17   34.5671   34.5579   27.5415   27.5341   1484.88   1484.87   0.0000e+00
   47837   201.418015   1378.000   1365.069   3.0756   3.0774   3.197852   3.197262   1.2900   -0.00028   1e+36   1e+36   100.1724   0.0116   1.0000e-12   1.6939e+00   5.9036e-11   10.729212   146.190   1e+36   18   34.5671   34.5581   27.5416   27.5342   1484.89   1484.89   0.0000e+00
   47859   201.418015   1379.000   1366.056   3.0757   3.0775   3.197882   3.197299   1.2900   -0.00016   1e+36   1e+36   100.1698   0.0167   1.0000e-12   1.6939e+00   5.9036e-11   10.721241   146.408   1e+36   27   34.5669   34.5580   27.5414   27.5342   1484.91   1484.90   0.0000e+00
   47899   201.418045   1380.000   1367.043   3.0757   3.0775   3.197940   3.197345   1.2897   -0.00029   1e+36   1e+36   100.1769   0.0155   1.0000e-12   1.6939e+00   5.9036e-11   12.763617   146.270   1e+36   47   34.5670   34.5580   27.5415   27.5342   1484.92   1484.92   0.0000e+00
   47935   201.418060   1381.000   1368.031   3.0758   3.0775   3.197986   3.197403   1.2898   -0.00001   1e+36   1e+36   100.1688   0.0131   1.0000e-12   1.6939e+00   5.9036e-11   12.065263   146.562   1e+36   27   34.5670   34.5582   27.5415   27.5344   1484.94   1484.94   0.0000e+00
   47960   201.418076   1382.000   1369.018   3.0756   3.0774   3.198023   3.197433   1.2898   -0.00034   1e+36   1e+36   100.1699   0.0082   1.0000e-12   1.6939e+00   5.9036e-11   10.405299   146.117   1e+36   25   34.5672   34.5582   27.5417   27.5344   1484.96   1484.95   0.0000e+00
   47992   201.418091   1383.000   1370.005   3.0739   3.0758   3.197922   3.197350   1.2889   0.00010   1e+36   1e+36   100.1770   0.0113   1.0000e-12   1.6939e+00   5.9036e-11   11.895123   145.991   1e+36   43   34.5672   34.5583   27.5419   27.5346   1484.97   1484.96   0.0000e+00
   48047   201.418106   1384.000   1370.993   3.0703   3.0721   3.197693   3.197098   1.2884   -0.00050   1e+36   1e+36   100.1696   0.0125   1.0000e-12   1.6939e+00   5.9036e-11   11.450205   146.269   1e+36   58   34.5678   34.5587   27.5427   27.5352   1484.97   1484.96   0.0000e+00
   48092   201.418137   1385.000   1371.980   3.0688   3.0704   3.197596   3.197013   1.2883   -0.00024   1e+36   1e+36   100.1780   0.0193   1.0000e-12   1.6939e+00   5.9036e-11   11.476107   146.176   1e+36   30   34.5677   34.5590   27.5428   27.5356   1484.98   1484.97   0.0000e+00
   48115   201.418152   1386.000   1372.968   3.0632   3.0649   3.197189   3.196611   1.2884   0.00012   1e+36   1e+36   100.1757   0.0205   1.0000e-12   1.6939e+00   5.9036e-11   11.151749   146.089   1e+36   20   34.5682   34.5594   27.5437   27.5365   1484.97   1484.97   0.0000e+00
   48133   201.418152   1387.000   1373.955   3.0591   3.0609   3.196917   3.196326   1.2878   0.00005   1e+36   1e+36   100.1698   0.0173   1.0000e-12   1.6939e+00   5.9036e-11   10.120198   145.818   1e+36   18   34.5688   34.5598   27.5445   27.5372   1484.97   1484.97   0.0000e+00
   48150   201.418167   1388.000   1374.942   3.0569   3.0589   3.196781   3.196197   1.2874   -0.00015   1e+36   1e+36   100.1753   0.0108   1.0000e-12   1.6939e+00   5.9036e-11   11.396394   145.897   1e+36   18   34.5689   34.5598   27.5448   27.5374   1484.98   1484.98   0.0000e+00
   48169   201.418167   1389.000   1375.930   3.0551   3.0569   3.196692   3.196106   1.2871   -0.00008   1e+36   1e+36   100.1762   0.0060   1.0000e-12   1.6939e+00   5.9036e-11   11.283288   146.006   1e+36   19   34.5692   34.5603   27.5452   27.5379   1484.99   1484.99   0.0000e+00
   48191   201.418182   1390.000   1376.917   3.0540   3.0557   3.196635   3.196059   1.2871   -0.00046   1e+36   1e+36   100.1763   0.0033   1.0000e-12   1.6939e+00   5.9036e-11   12.464432   146.132   1e+36   26   34.5693   34.5605   27.5454   27.5382   1485.00   1485.00   0.0000e+00
   48224   201.418198   1391.000   1377.904   3.0524   3.0542   3.196566   3.195987   1.2868   -0.00041   1e+36   1e+36   100.1692   0.0089   1.0000e-12   1.6939e+00   5.9036e-11   11.644454   145.979   1e+36   39   34.5696   34.5607   27.5458   27.5386   1485.01   1485.01   0.0000e+00
   48262   201.418213   1392.000   1378.892   3.0488   3.0507   3.196358   3.195788   1.2864   -0.00012   1e+36   1e+36   100.1723   0.0077   1.0000e-12   1.6939e+00   5.9036e-11   12.857933   146.036   1e+36   38   34.5704   34.5615   27.5468   27.5395   1485.01   1485.01   0.0000e+00
   48311   201.418243   1393.000   1379.879   3.0426   3.0459   3.195876   3.195419   1.2861   -0.00024   1e+36   1e+36   100.1787   0.0086   1.0000e-12   1.6939e+00   5.9036e-11   10.782137   146.009   1e+36   55   34.5706   34.5616   27.5475   27.5400   1485.00   1485.01   0.0000e+00
   48374   201.418274   1394.000   1380.866   3.0389   3.0407   3.195626   3.195060   1.2858   -0.00015   1e+36   1e+36   100.1779   0.0015   1.0000e-12   1.6939e+00   5.9036e-11   9.9407740   146.018   1e+36   37   34.5710   34.5623   27.5482   27.5410   1485.01   1485.00   0.0000e+00
   48399   201.418289   1395.000   1381.854   3.0348   3.0366   3.195360   3.194788   1.2857   -0.00012   1e+36   1e+36   100.1801   0.0133   1.0000e-12   1.6939e+00   5.9036e-11   10.567377   145.962   1e+36   23   34.5716   34.5629   27.5490   27.5419   1485.01   1485.00   0.0000e+00
   48420   201.418289   1396.000   1382.841   3.0327   3.0345   3.195253   3.194686   1.2854   -0.00020   1e+36   1e+36   100.1713   0.0129   1.0000e-12   1.6939e+00   5.9036e-11   9.4116211   145.677   1e+36   19   34.5721   34.5633   27.5496   27.5424   1485.01   1485.01   0.0000e+00
   48440   201.418304   1397.000   1383.828   3.0307   3.0327   3.195156   3.194583   1.2847   -0.00011   1e+36   1e+36   100.1772   0.0125   1.0000e-12   1.6939e+00   5.9036e-11   9.9591589   145.760   1e+36   21   34.5725   34.5636   27.5501   27.5428   1485.02   1485.02   0.0000e+00
   48463   201.418320   1398.000   1384.815   3.0294   3.0313   3.195101   3.194536   1.2848   -0.00015   1e+36   1e+36   100.1763   0.0099   1.0000e-12   1.6939e+00   5.9036e-11   11.797500   145.959   1e+36   26   34.5728   34.5640   27.5505   27.5432   1485.03   1485.03   0.0000e+00
   48492   201.418320   1399.000   1385.803   3.0287   3.0306   3.195096   3.194528   1.2845   -0.00051   1e+36   1e+36   100.1797   0.0050   1.0000e-12   1.6939e+00   5.9036e-11   11.156549   145.882   1e+36   31   34.5729   34.5641   27.5506   27.5434   1485.05   1485.04   0.0000e+00
   48519   201.418335   1400.000   1386.790   3.0287   3.0305   3.195147   3.194578   1.2843   -0.00014   1e+36   1e+36   100.1814   0.0030   1.0000e-12   1.6939e+00   5.9036e-11   11.274817   145.740   1e+36   23   34.5730   34.5642   27.5507   27.5436   1485.06   1485.06   0.0000e+00
   48541   201.418350   1401.000   1387.777   3.0288   3.0305   3.195192   3.194627   1.2840   -0.00016   1e+36   1e+36   100.1709   0.0089   1.0000e-12   1.6939e+00   5.9036e-11   11.437576   145.634   1e+36   21   34.5730   34.5643   27.5507   27.5436   1485.08   1485.08   0.0000e+00
   48562   201.418365   1402.000   1388.765   3.0280   3.0299   3.195186   3.194621   1.2835   -0.00016   1e+36   1e+36   100.1660   0.0133   1.0000e-12   1.6939e+00   5.9036e-11   10.444773   145.580   1e+36   21   34.5732   34.5645   27.5510   27.5438   1485.10   1485.09   0.0000e+00
   48587   201.418365   1403.000   1389.752   3.0239   3.0258   3.194947   3.194341   1.2835   -0.00029   1e+36   1e+36   100.1727   0.0074   1.0000e-12   1.6939e+00   5.9036e-11   11.449025   145.868   1e+36   33   34.5742   34.5648   27.5521   27.5445   1485.10   1485.09   0.0000e+00
   48678   201.418411   1404.000   1390.739   3.0268   3.0287   3.195140   3.194606   1.2829   -0.00015   1e+36   1e+36   100.1725   0.0175   1.0000e-12   1.6939e+00   5.9036e-11   13.473099   145.665   1e+36   30   34.5729   34.5645   27.5509   27.5440   1485.12   1485.12   0.0000e+00
   48700   201.418427   1405.000   1391.726   3.0204   3.0222   3.194700   3.194152   1.2829   0.00004   1e+36   1e+36   100.1757   0.0125   1.0000e-12   1.6939e+00   5.9036e-11   12.253034   145.690   1e+36   22   34.5738   34.5654   27.5522   27.5453   1485.11   1485.11   0.0000e+00
