data/csp/csp00201.cnv
* Sea-Bird SBE 9 Data File:
* FileName = C:\SEASOFT\CASSIOPEE\data\csp00201.hex
* Software Version Seasave V 7.23.1
* Temperature SN = 1328
* Conductivity SN = 1075
* Number of Bytes Per Scan = 40
* Number of Voltage Words = 5
* Number of Scans Averaged by the Deck Unit = 1
* NMEA Latitude = 10 59.65 S
* NMEA Longitude = 164 34.91 E
* NMEA UTC (Time) = Jul 24 2015 06:10:13
* NMEA baud rate = 4800
** Cruise : CASSIOPEE
** Station : 00201
** Type: PHY
** Bottom Depth: 6127
** Operator:  ESL, GE
** Comments:
# nquan = 28                                
# nvalues = 4002                        
# units = specified
# name 0 = scan: Scan Count
# name 1 = timeJ: Julian Days
# name 2 = prDM: Pressure, Digiquartz [db]
# name 3 = depSM: Depth [salt water, m]
# name 4 = t090C: Temperature [ITS-90, deg C]
# name 5 = t190C: Temperature, 2 [ITS-90, deg C]
# name 6 = c0S/m: Conductivity [S/m]
# name 7 = c1S/m: Conductivity, 2 [S/m]
# name 8 = sbeox0V: Oxygen raw, SBE 43 [V]
# name 9 = sbeox0dOV/dT: Oxygen, SBE 43 [dov/dt]
# name 10 = sbeox1V: Oxygen raw, SBE 43, 2 [V]
# name 11 = sbeox1dOV/dT: Oxygen, SBE 43, 2 [dov/dt]
# name 12 = CStarTr0: Beam Transmission, WET Labs C-Star [%]
# name 13 = flC: Fluorescence, Chelsea Aqua 3 Chl Con [ug/l]
# name 14 = par: PAR/Irradiance, Biospherical/Licor
# name 15 = spar: SPAR/Surface Irradiance
# name 16 = cpar: CPAR/Corrected Irradiance [%]
# name 17 = upoly0: Upoly 0, UVP5
# name 18 = sbeox0Mm/Kg: Oxygen, SBE 43 [umol/kg], WS = 2
# name 19 = sbeox1Mm/Kg: Oxygen, SBE 43, 2 [umol/kg], WS = 2
# name 20 = nbin: number of scans per bin
# name 21 = sal00: Salinity, Practical [PSU]
# name 22 = sal11: Salinity, Practical, 2 [PSU]
# name 23 = sigma-é00: Density [sigma-theta, kg/m^3]
# name 24 = sigma-é11: Density, 2 [sigma-theta, kg/m^3]
# name 25 = svCM: Sound Velocity [Chen-Millero, m/s]
# name 26 = svCM1: Sound Velocity, 2 [Chen-Millero, m/s]
# name 27 = flag: flag
# span 0 =        -20,     167599       
# span 1 = 205.257034, 205.337875       
# span 2 =      4.000,   2006.000       
# span 3 =      3.977,   1985.077       
# span 4 =     2.3465,    28.1733       
# span 5 =     2.3456,    28.1725       
# span 6 =   3.164987,   5.613231       
# span 7 =   3.164366,   5.612145       
# span 8 =     1.1067,     2.4405       
# span 9 =   -0.05630,    0.07549       
# span 10 =     1.1648,     2.6083      
# span 11 =   -0.06376,    0.07126      
# span 12 =    88.0248,    90.8708      
# span 13 =    -0.0056,     0.4997      
# span 14 = -3.890e-05, 3.7860e+01      
# span 15 = 1.1025e+00, 2.2719e+02      
# span 16 = -1.412e+03, 3.4911e+04      
# span 17 =  2.6336904,  71.509819      
# span 18 =    105.419,    184.436      
# span 19 =    108.710,    192.132      
# span 20 =          6,         73      
# span 21 =    34.4860,    35.8078      
# span 22 =    34.4805,    35.7943      
# span 23 =    22.0526,    27.6596      
# span 24 =    22.0489,    27.6543      
# span 25 =    1483.37,    1542.41      
# span 26 =    1483.38,    1542.41      
# span 27 = 0.0000e+00, 0.0000e+00      
# interval = decibars: 1                
# start_time = Jul 24 2015 06:10:09 [System UTC, header]
# bad_flag = -9.990e-29
*END*
[from data line 2538]
      96389 205.303528   1467.000   1453.543     3.1371     3.1376   3.208222   3.207693     1.1588    0.00020     1.2192    0.00014    90.8410     0.0245 4.0514e-04 1.6939e+00 2.3918e-02  3.0740838    126.476    129.585         28    34.5822    34.5753    27.5488    27.5432    1486.66    1486.65 0.0000e+00
      96457 205.303558   1466.000   1452.556     3.1328     3.1336   3.207830   3.207297     1.1585    0.00005     1.2192   -0.00016    90.8402     0.0223 4.6608e-05 1.6939e+00 2.7515e-03  3.0821683    126.553    129.635         33    34.5825    34.5753    27.5494    27.5436    1486.62    1486.62 0.0000e+00
      96478 205.303574   1465.000   1451.569     3.1378     3.1371   3.208246   3.207548     1.1589   -0.00017     1.2192    0.00001    90.8364     0.0147 9.7554e-06 1.6939e+00 5.7591e-04  3.0800796    126.614    129.983         20    34.5827    34.5751    27.5491    27.5431    1486.63    1486.61 0.0000e+00
      96497 205.303589   1464.000   1450.581     3.1467     3.1467   3.209131   3.208330     1.1589   -0.00010     1.2200   -0.00008    90.8385     0.0214 2.0603e-03 1.6939e+00 1.2355e-01  3.0888209    126.449    130.002         17    34.5844    34.5749    27.5496    27.5420    1486.65    1486.64 0.0000e+00
      96513 205.303589   1463.000   1449.594     3.1641     3.1671   3.210454   3.209960     1.1590    0.00008     1.2200   -0.00011    90.8400     0.0266 7.7263e-05 1.6939e+00 4.5528e-03  3.0099707    126.356    129.755         17    34.5825    34.5733    27.5465    27.5389    1486.71    1486.71 0.0000e+00
      96529 205.303604   1462.000   1448.606     3.1705     3.1735   3.210838   3.210462     1.1589    0.00022     1.2202    0.00000    90.8447     0.0195 3.3309e-04 1.6939e+00 1.9664e-02  3.1051300    126.478    129.762         16    34.5808    34.5731    27.5446    27.5382    1486.71    1486.72 0.0000e+00
      96545 205.303604   1461.000   1447.619     3.1726     3.1790   3.210970   3.210869     1.1593    0.00021     1.2203    0.00042    90.8486     0.0111 1.2788e-04 1.6939e+00 7.5495e-03  3.0813208    126.533    129.838         16    34.5807    34.5728    27.5443    27.5374    1486.71    1486.72 0.0000e+00
      96562 205.303619   1460.000   1446.632     3.1797     3.1900   3.211571   3.211752     1.1593    0.00015     1.2205    0.00056    90.8410     0.0068 4.0670e-04 1.6939e+00 2.4010e-02  3.0756388    126.406    129.756         18    34.5809    34.5722    27.5438    27.5359    1486.72    1486.75 0.0000e+00
      96583 205.303619   1459.000   1445.644     3.1746     3.1836   3.210935   3.211246     1.1595    0.00002     1.2207    0.00021    90.8416     0.0099 1.5148e-04 1.6939e+00 8.9428e-03  3.0933235    126.455    129.808         25    34.5791    34.5734    27.5428    27.5374    1486.68    1486.71 0.0000e+00
      96631 205.303650   1458.000   1444.657     3.1688     3.1721   3.210485   3.210181     1.1593    0.00022     1.2209    0.00024    90.8420     0.0178 2.0165e-04 1.6939e+00 1.1904e-02  3.0905499    126.339    129.779         40    34.5804    34.5733    27.5444    27.5384    1486.64    1486.64 0.0000e+00
      96669 205.303665   1457.000   1443.669     3.1739     3.1746   3.210995   3.210356     1.1597    0.00004     1.2212    0.00028    90.8386     0.0191 5.1781e-05 1.6939e+00 3.0569e-03  3.0631499    126.595    129.866         19    34.5816    34.5732    27.5448    27.5381    1486.65    1486.64 0.0000e+00
      96684 205.303680   1456.000   1442.682     3.1880     3.1987   3.212218   3.212265     1.1597   -0.00004     1.2210    0.00012    90.8400     0.0184 1.4869e-03 1.6939e+00 8.7780e-02  3.0633404    126.677    129.671         15    34.5819    34.5712    27.5438    27.5343    1486.69    1486.72 0.0000e+00
      96698 205.303680   1455.000   1441.694     3.2058     3.2071   3.213542   3.212922     1.1606   -0.00008     1.2213   -0.00007    90.8418     0.0163 4.1364e-05 1.6939e+00 2.4419e-03  3.0659368    126.521    129.859         13    34.5795    34.5707    27.5403    27.5331    1486.75    1486.74 0.0000e+00
      96712 205.303680   1454.000   1440.707     3.2087     3.2088   3.213660   3.213022     1.1599   -0.00006     1.2218   -0.00011    90.8353     0.0148 -8.965e-09 1.6939e+00 -5.177e-07  3.1091726    126.135    129.950         15    34.5784    34.5706    27.5391    27.5329    1486.74    1486.73 0.0000e+00
      96728 205.303696   1453.000   1439.719     3.2096     3.2084   3.213679   3.212961     1.1600    0.00022     1.2218    0.00025    90.8353     0.0187 5.4217e-05 1.6939e+00 3.2007e-03  3.0856776    126.455    129.729         18    34.5782    34.5708    27.5388    27.5330    1486.73    1486.71 0.0000e+00
      96753 205.303711   1452.000   1438.732     3.2070     3.2066   3.213406   3.212770     1.1605    0.00039     1.2219    0.00017    90.8353     0.0209 4.2556e-06 1.6939e+00 9.6126e-03  3.0864835    126.509    129.740         33    34.5781    34.5709    27.5390    27.5333    1486.70    1486.69 0.0000e+00
      96793 205.303726   1451.000   1437.745     3.2064     3.2043   3.213299   3.212541     1.1609    0.00009     1.2221    0.00030    90.8355     0.0233 1.8354e-06 1.6939e+00 -5.948e-04  3.0725837    126.660    129.779         39    34.5780    34.5711    27.5390    27.5336    1486.68    1486.66 0.0000e+00
      96821 205.303741   1450.000   1436.757     3.2064     3.2066   3.213291   3.212690     1.1615    0.00035     1.2222    0.00013    90.8431     0.0155 1.3059e-04 1.6939e+00 7.7092e-03  3.0593016    126.727    129.779         22    34.5784    34.5709    27.5393    27.5333    1486.66    1486.65 0.0000e+00
      96842 205.303757   1449.000   1435.770     3.2130     3.2132   3.213844   3.213181     1.1616    0.00013     1.2224    0.00010    90.8396     0.0161 -1.533e-06 1.6939e+00 -9.051e-05  3.0632606    126.560    129.887         20    34.5785    34.5704    27.5388    27.5323    1486.68    1486.67 0.0000e+00
      96861 205.303757   1448.000   1434.782     3.2190     3.2205   3.214294   3.213749     1.1617    0.00035     1.2228    0.00013    90.8428     0.0158 7.6301e-06 1.6939e+00 4.5045e-04  3.0873923    126.536    130.010         19    34.5781    34.5700    27.5379    27.5313    1486.68    1486.68 0.0000e+00
      96883 205.303772   1447.000   1433.795     3.2235     3.2237   3.214596   3.213979     1.1618    0.00039     1.2230    0.00019    90.8373     0.0197 4.7120e-05 1.6939e+00 2.7817e-03  3.0963469    126.576    129.786         27    34.5775    34.5699    27.5370    27.5309    1486.68    1486.68 0.0000e+00
      96935 205.303802   1446.000   1432.807     3.2193     3.2187   3.214162   3.213525     1.1621    0.00018     1.2232    0.00015    90.8383     0.0226 -2.187e-07 1.6939e+00 -1.291e-05  3.0915756    126.522    129.912         46    34.5772    34.5702    27.5371    27.5316    1486.65    1486.64 0.0000e+00
      96982 205.303818   1445.000   1431.820     3.2181     3.2176   3.214070   3.213388     1.1620    0.00005     1.2237    0.00015    90.8402     0.0255 -4.100e-08 1.6939e+00 -2.421e-06  3.0741072    126.611    129.898         26    34.5778    34.5702    27.5377    27.5317    1486.63    1486.62 0.0000e+00
      97003 205.303833   1444.000   1430.832     3.2260     3.2254   3.214719   3.213996     1.1626   -0.00006     1.2237   -0.00009    90.8445     0.0225 9.4868e-05 1.6939e+00 5.6006e-03  3.0866206    126.862    130.001         20    34.5778    34.5698    27.5370    27.5306    1486.65    1486.63 0.0000e+00
      97022 205.303833   1443.000   1429.845     3.2342     3.2339   3.215320   3.214637     1.1626    0.00006     1.2240    0.00028    90.8483     0.0185 -2.348e-06 1.6939e+00 -1.386e-04  3.0759726    126.417    129.903         18    34.5769    34.5690    27.5354    27.5292    1486.66    1486.65 0.0000e+00
      97040 205.303848   1442.000   1428.857     3.2353     3.2346   3.215336   3.214661     1.1625    0.00006     1.2241    0.00024    90.8402     0.0193 6.8321e-10 1.6939e+00 4.0266e-08  3.0921910    126.391    129.916         19    34.5764    34.5690    27.5350    27.5291    1486.65    1486.64 0.0000e+00
      97060 205.303848   1441.000   1427.870     3.2347     3.2347   3.215239   3.214642     1.1626    0.00040     1.2242    0.00018    90.8357     0.0248 2.2271e-04 1.6939e+00 1.3148e-02  3.0636950    126.484    129.907         22    34.5764    34.5692    27.5350    27.5293    1486.63    1486.62 0.0000e+00
      97088 205.303864   1440.000   1426.882     3.2328     3.2334   3.215024   3.214481     1.1628    0.00010     1.2246    0.00024    90.8418     0.0199 9.1587e-05 1.6939e+00 5.4069e-03  3.0714059    126.586    129.880         35    34.5763    34.5691    27.5351    27.5293    1486.61    1486.60 0.0000e+00
      97152 205.303894   1439.000   1425.895     3.2338     3.2326   3.215079   3.214376     1.1628   -0.00003     1.2245   -0.00009    90.8446     0.0186 1.1957e-04 1.6939e+00 6.8877e-03  3.0985928    126.448    129.786         41    34.5764    34.5692    27.5351    27.5295    1486.59    1486.58 0.0000e+00
      97205 205.303925   1438.000   1424.907     3.2332     3.2347   3.214985   3.214502     1.1630    0.00011     1.2247    0.00029    90.8396     0.0204 -4.094e-07 1.6939e+00 -2.014e-04  3.0448494    126.388    129.932         29    34.5764    34.5690    27.5351    27.5291    1486.57    1486.57 0.0000e+00
      97230 205.303940   1437.000   1423.920     3.2351     3.2358   3.215148   3.214566     1.1629   -0.00001     1.2250   -0.00008    90.8427     0.0234 3.8429e-05 1.6939e+00 1.0609e-02  3.1066995    126.544    130.075         24    34.5768    34.5692    27.5353    27.5291    1486.57    1486.56 0.0000e+00
      97254 205.303955   1436.000   1422.932     3.2407     3.2403   3.215538   3.214886     1.1631    0.00008     1.2250    0.00007    90.8434     0.0238 1.0874e-05 1.6939e+00 1.1069e-03  3.0671043    126.558    129.784         27    34.5761    34.5687    27.5342    27.5283    1486.57    1486.56 0.0000e+00
      97285 205.303970   1435.000   1421.945     3.2416     3.2412   3.215555   3.214926     1.1632   -0.00002     1.2253    0.00026    90.8435     0.0247 2.3253e-05 1.6939e+00 1.3822e-03  3.1430674    126.433    130.004         35    34.5759    34.5688    27.5339    27.5283    1486.56    1486.55 0.0000e+00
      97342 205.303986   1434.000   1420.957     3.2409     3.2402   3.215461   3.214794     1.1630    0.00011     1.2254   -0.00001    90.8443     0.0208 4.5313e-06 1.6939e+00 2.6751e-04  3.1151409    126.393    129.771         40    34.5760    34.5688    27.5340    27.5284    1486.54    1486.53 0.0000e+00
      97403 205.304016   1433.000   1419.969     3.2401     3.2405   3.215353   3.214773     1.1634    0.00003     1.2254    0.00001    90.8428     0.0241 3.9939e-06 1.6939e+00 2.3578e-04  3.0373385    126.750    129.877         25    34.5761    34.5687    27.5342    27.5282    1486.52    1486.51 0.0000e+00
      97421 205.304031   1432.000   1418.982     3.2417     3.2417   3.215474   3.214837     1.1635    0.00006     1.2256    0.00030    90.8353     0.0216 2.0176e-04 1.6939e+00 1.1911e-02  3.0758085    126.495    129.973         18    34.5763    34.5686    27.5342    27.5281    1486.51    1486.50 0.0000e+00
      97440 205.304031   1431.000   1417.994     3.2438     3.2434   3.215589   3.214936     1.1635   -0.00035     1.2256   -0.00005    90.8353     0.0216 5.3453e-09 1.6939e+00 3.1554e-07  3.1102421    126.446    129.805         18    34.5759    34.5685    27.5337    27.5279    1486.50    1486.49 0.0000e+00
      97460 205.304047   1430.000   1417.007     3.2444     3.2437   3.215576   3.214914     1.1637    0.00026     1.2257   -0.00011    90.8353     0.0215 4.5927e-04 1.6939e+00 2.4472e-02  3.0581181    126.552    129.951         26    34.5757    34.5685    27.5335    27.5277    1486.49    1486.48 0.0000e+00
      97529 205.304077   1429.000   1416.019     3.2443     3.2431   3.215531   3.214836     1.1638    0.00018     1.2257    0.00006    90.8430     0.0176 1.0848e-03 1.6939e+00 6.5205e-02  3.0720859    126.494    129.790         36    34.5757    34.5687    27.5335    27.5280    1486.47    1486.46 0.0000e+00
      97609 205.304123   1428.000   1415.032     3.2439     3.2440   3.215450   3.214862     1.1639   -0.00013     1.2259    0.00015    90.8449     0.0210 1.2482e-04 1.6939e+00 7.6140e-03  3.0840268    126.578    129.967         35    34.5757    34.5686    27.5335    27.5278    1486.45    1486.44 0.0000e+00
      97638 205.304138   1427.000   1414.044     3.2437     3.2435   3.215403   3.214777     1.1641    0.00008     1.2263   -0.00000    90.8446     0.0195 2.9815e-04 1.6939e+00 1.7598e-02  3.0894296    126.453    129.993         29    34.5758    34.5686    27.5336    27.5278    1486.44    1486.43 0.0000e+00
      97667 205.304153   1426.000   1413.057     3.2454     3.2449   3.215491   3.214854     1.1642    0.00050     1.2261    0.00010    90.8457     0.0153 8.1454e-05 1.6939e+00 4.8087e-03  3.0727594    126.566    129.765         29    34.5756    34.5685    27.5333    27.5276    1486.43    1486.41 0.0000e+00
      97828 205.304230   1425.000   1412.069     3.2458     3.2450   3.215486   3.214828     1.1646   -0.00009     1.2265    0.00017    90.8434     0.0188 2.0614e-05 1.6939e+00 1.2360e-03  3.0754287    126.596    129.953         49    34.5756    34.5685    27.5332    27.5277    1486.41    1486.40 0.0000e+00
      98350 205.304474   1424.000   1411.081     3.2463     3.2457   3.215493   3.214841     1.1649   -0.00015     1.2263    0.00007    90.8455     0.0078 1.4941e-04 1.6939e+00 9.0967e-03  3.0754704    126.690    129.783         33    34.5756    34.5685    27.5332    27.5275    1486.40    1486.38 0.0000e+00
      98474 205.304535   1423.000   1410.094     3.2462     3.2456   3.215446   3.214794     1.1651   -0.00008     1.2268    0.00015    90.8416     0.0158 -4.835e-06 1.6939e+00 -2.524e-04  3.0748119    126.589    130.040         54    34.5757    34.5685    27.5332    27.5276    1486.38    1486.37 0.0000e+00
      98555 205.304581   1422.000   1409.106     3.2464     3.2456   3.215418   3.214758     1.1650   -0.00016     1.2272    0.00001    90.8409     0.0181 9.1257e-07 1.6939e+00 3.2094e-04  3.0739667    126.554    130.035         42    34.5756    34.5686    27.5332    27.5276    1486.36    1486.35 0.0000e+00
      98613 205.304611   1421.000   1408.119     3.2466     3.2463   3.215406   3.214760     1.1653    0.00039     1.2273   -0.00041    90.8471     0.0154 -3.157e-08 1.6939e+00 -1.115e-05  3.0547709    126.593    130.040         26    34.5758    34.5684    27.5333    27.5274    1486.35    1486.34 0.0000e+00
      98634 205.304611   1420.000   1407.131     3.2481     3.2476   3.215502   3.214820     1.1651    0.00003     1.2272    0.00031    90.8424     0.0148 1.0000e-12 1.6939e+00 5.9035e-11  3.0679805    126.543    129.826         20    34.5758    34.5683    27.5331    27.5272    1486.34    1486.33 0.0000e+00
      98655 205.304626   1419.000   1406.143     3.2501     3.2491   3.215607   3.214915     1.1656    0.00002     1.2274    0.00032    90.8413     0.0151 1.8088e-11 1.6939e+00 9.7626e-10  3.0890272    126.990    130.059         24    34.5755    34.5683    27.5327    27.5271    1486.33    1486.32 0.0000e+00
      98698 205.304642   1418.000   1405.156     3.2508     3.2506   3.215605   3.214988     1.1659    0.00003     1.2275    0.00007    90.8388     0.0175 7.6634e-05 1.6939e+00 3.2552e-03  3.0785794    126.638    129.863         38    34.5753    34.5681    27.5324    27.5268    1486.31    1486.30 0.0000e+00
