data/csp/csp00201.cnv
* Sea-Bird SBE 9 Data File:
* FileName = C:\SEASOFT\CASSIOPEE\data\csp00201.hex
* Software Version Seasave V 7.23.1
* Temperature SN = 1328
* Conductivity SN = 1075
* Number of Bytes Per Scan = 40
* Number of Voltage Words = 5
* Number of Scans Averaged by the Deck Unit = 1
* NMEA Latitude = 10 59.65 S
* NMEA Longitude = 164 34.91 E
* NMEA UTC (Time) = Jul 24 2015 06:10:13
* NMEA baud rate = 4800
** Cruise : CASSIOPEE
** Station : 00201
** Type: PHY
** Bottom Depth: 6127
** Operator:  ESL, GE
** Comments:
# nquan = 28                                
# nvalues = 4002                        
# units = specified
# name 0 = scan: Scan Count
# name 1 = timeJ: Julian Days
# name 2 = prDM: Pressure, Digiquartz [db]
# name 3 = depSM: Depth [salt water, m]
# name 4 = t090C: Temperature [ITS-90, deg C]
# name 5 = t190C: Temperature, 2 [ITS-90, deg C]
# name 6 = c0S/m: Conductivity [S/m]
# name 7 = c1S/m: Conductivity, 2 [S/m]
# name 8 = sbeox0V: Oxygen raw, SBE 43 [V]
# name 9 = sbeox0dOV/dT: Oxygen, SBE 43 [dov/dt]
# name 10 = sbeox1V: Oxygen raw, SBE 43, 2 [V]
# name 11 = sbeox1dOV/dT: Oxygen, SBE 43, 2 [dov/dt]
# name 12 = CStarTr0: Beam Transmission, WET Labs C-Star [%]
# name 13 = flC: Fluorescence, Chelsea Aqua 3 Chl Con [ug/l]
# name 14 = par: PAR/Irradiance, Biospherical/Licor
# name 15 = spar: SPAR/Surface Irradiance
# name 16 = cpar: CPAR/Corrected Irradiance [%]
# name 17 = upoly0: Upoly 0, UVP5
# name 18 = sbeox0Mm/Kg: Oxygen, SBE 43 [umol/kg], WS = 2
# name 19 = sbeox1Mm/Kg: Oxygen, SBE 43, 2 [umol/kg], WS = 2
# name 20 = nbin: number of scans per bin
# name 21 = sal00: Salinity, Practical [PSU]
# name 22 = sal11: Salinity, Practical, 2 [PSU]
# name 23 = sigma-é00: Density [sigma-theta, kg/m^3]
# name 24 = sigma-é11: Density, 2 [sigma-theta, kg/m^3]
# name 25 = svCM: Sound Velocity [Chen-Millero, m/s]
# name 26 = svCM1: Sound Velocity, 2 [Chen-Millero, m/s]
# name 27 = flag: flag
# span 0 =        -20,     167599       
# span 1 = 205.257034, 205.337875       
# span 2 =      4.000,   2006.000       
# span 3 =      3.977,   1985.077       
# span 4 =     2.3465,    28.1733       
# span 5 =     2.3456,    28.1725       
# span 6 =   3.164987,   5.613231       
# span 7 =   3.164366,   5.612145       
# span 8 =     1.1067,     2.4405       
# span 9 =   -0.05630,    0.07549       
# span 10 =     1.1648,     2.6083      
# span 11 =   -0.06376,    0.07126      
# span 12 =    88.0248,    90.8708      
# span 13 =    -0.0056,     0.4997      
# span 14 = -3.890e-05, 3.7860e+01      
# span 15 = 1.1025e+00, 2.2719e+02      
# span 16 = -1.412e+03, 3.4911e+04      
# span 17 =  2.6336904,  71.509819      
# span 18 =    105.419,    184.436      
# span 19 =    108.710,    192.132      
# span 20 =          6,         73      
# span 21 =    34.4860,    35.8078      
# span 22 =    34.4805,    35.7943      
# span 23 =    22.0526,    27.6596      
# span 24 =    22.0489,    27.6543      
# span 25 =    1483.37,    1542.41      
# span 26 =    1483.38,    1542.41      
# span 27 = 0.0000e+00, 0.0000e+00      
# interval = decibars: 1                
# start_time = Jul 24 2015 06:10:09 [System UTC, header]
# bad_flag = -9.990e-29
*END*
[from data line 2589]
      98820 205.304703   1416.000   1403.181     3.2512     3.2519   3.215590   3.215032     1.1657    0.00006     1.2281    0.00013    90.8386     0.0182 1.0000e-12 1.6939e+00 5.9036e-11  3.1034374    126.779    130.283         22    34.5756    34.5682    27.5327    27.5267    1486.28    1486.28 0.0000e+00
      98841 205.304718   1415.000   1402.193     3.2611     3.2615   3.216430   3.215775     1.1660   -0.00016     1.2283    0.00004    90.8441     0.0204 1.2508e-12 1.6939e+00 1.1262e-10  3.0935686    126.925    130.194         22    34.5758    34.5675    27.5319    27.5252    1486.31    1486.30 0.0000e+00
      98867 205.304733   1414.000   1401.205     3.2676     3.2652   3.216862   3.216044     1.1666   -0.00002     1.2287    0.00032    90.8403     0.0190 4.2654e-05 1.6939e+00 1.0508e-02  3.0751212    126.939    130.168         34    34.5746    34.5674    27.5303    27.5248    1486.32    1486.30 0.0000e+00
      98935 205.304764   1413.000   1400.218     3.2623     3.2592   3.216320   3.215522     1.1669    0.00016     1.2291    0.00024    90.8404     0.0179 -2.319e-06 1.6939e+00 -5.714e-04  3.0832644    126.754    130.344         36    34.5742    34.5679    27.5305    27.5258    1486.28    1486.26 0.0000e+00
      99003 205.304794   1412.000   1399.230     3.2646     3.2616   3.216529   3.215656     1.1668   -0.00032     1.2296   -0.00004    90.8402     0.0206 8.8000e-06 1.6939e+00 5.9194e-03  3.0879819    126.872    130.212         29    34.5747    34.5675    27.5307    27.5252    1486.27    1486.25 0.0000e+00
      99023 205.304810   1411.000   1398.242     3.2692     3.2701   3.216980   3.216344     1.1675    0.00016     1.2299    0.00002    90.8352     0.0166 -7.938e-08 1.6939e+00 -5.368e-05  3.0693011    127.210    130.310         19    34.5758    34.5673    27.5311    27.5242    1486.28    1486.27 0.0000e+00
      99042 205.304810   1410.000   1397.255     3.2966     3.2970   3.219365   3.218572     1.1676    0.00011     1.2296    0.00042    90.8353     0.0151 -4.866e-12 1.6939e+00 -7.955e-10  3.0898123    126.970    130.075         18    34.5760    34.5661    27.5287    27.5208    1486.38    1486.37 0.0000e+00
      99062 205.304825   1409.000   1396.267     3.3114     3.3118   3.220446   3.219763     1.1681    0.00006     1.2298    0.00015    90.8353     0.0163 1.0000e-12 1.6939e+00 5.9036e-11  3.0546143    126.768    130.046         24    34.5739    34.5653    27.5256    27.5188    1486.42    1486.41 0.0000e+00
      99152 205.304871   1408.000   1395.279     3.3031     3.3011   3.219553   3.218821     1.1678    0.00009     1.2300    0.00014    90.8353     0.0172 1.1660e-06 1.6939e+00 1.2299e-04  3.0788260    126.865    130.020         38    34.5724    34.5658    27.5252    27.5201    1486.37    1486.35 0.0000e+00
      99215 205.304901   1407.000   1394.292     3.3064     3.3014   3.219929   3.218819     1.1680   -0.00032     1.2300   -0.00012    90.8353     0.0252 3.5853e-05 1.6939e+00 1.1069e-03  3.0741632    126.724    130.133         26    34.5739    34.5659    27.5261    27.5202    1486.37    1486.33 0.0000e+00
      99241 205.304901   1406.000   1393.304     3.3269     3.3292   3.221655   3.221117     1.1680   -0.00003     1.2303    0.00000    90.8353     0.0233 2.4371e-05 1.6939e+00 3.0929e-03  3.0777235    126.660    129.991         26    34.5735    34.5647    27.5239    27.5166    1486.44    1486.43 0.0000e+00
      99270 205.304916   1405.000   1392.316     3.3424     3.3473   3.222869   3.222601     1.1682    0.00031     1.2301    0.00005    90.8353     0.0264 1.5130e-05 1.6939e+00 9.4948e-04  3.0908444    126.584    129.797         32    34.5722    34.5638    27.5214    27.5142    1486.48    1486.49 0.0000e+00
      99368 205.304962   1404.000   1391.329     3.3376     3.3373   3.222274   3.221676     1.1679   -0.00019     1.2297   -0.00029    90.8353     0.0241 7.3354e-05 1.6939e+00 6.7886e-03  3.0743444    126.407    129.761         42    34.5706    34.5638    27.5206    27.5151    1486.44    1486.43 0.0000e+00
      99434 205.305008   1403.000   1390.341     3.3381     3.3390   3.222399   3.221797     1.1679    0.00005     1.2292   -0.00014    90.8353     0.0245 1.3566e-04 1.6939e+00 8.0018e-03  3.0782659    126.564    129.767         27    34.5721    34.5639    27.5217    27.5151    1486.43    1486.42 0.0000e+00
      99463 205.305008   1402.000   1389.353     3.3577     3.3581   3.224033   3.223353     1.1679   -0.00004     1.2296    0.00039    90.8353     0.0215 1.8277e-05 1.6939e+00 5.6852e-04  3.0665989    126.349    129.668         35    34.5715    34.5630    27.5193    27.5125    1486.50    1486.49 0.0000e+00
      99553 205.305054   1401.000   1388.366     3.3606     3.3580   3.224169   3.223330     1.1675   -0.00023     1.2293   -0.00003    90.8353     0.0205 9.6790e-07 1.6939e+00 5.8953e-06  3.0800264    126.195    129.571         36    34.5706    34.5633    27.5183    27.5128    1486.49    1486.47 0.0000e+00
     101065 205.305786   1400.000   1387.378     3.3752     3.3753   3.225294   3.224701     1.1669   -0.00003     1.2291    0.00006    90.8361     0.0148 9.9954e-13 1.6939e+00 5.9034e-11  3.0823543    126.234    129.533         33    34.5692    34.5620    27.5159    27.5101    1486.54    1486.53 0.0000e+00
     101557 205.306030   1399.000   1386.390     3.3743     3.3736   3.225189   3.224519     1.1665   -0.00008     1.2291   -0.00012    90.8353     0.0198 1.0000e-12 1.6939e+00 5.9036e-11  3.0802541    125.858    129.538         25    34.5694    34.5621    27.5161    27.5103    1486.52    1486.50 0.0000e+00
     101587 205.306046   1398.000   1385.403     3.3759     3.3751   3.225252   3.224601 -9.990e-29    0.00023     1.2293    0.00016    90.8353     0.0188 1.0000e-12 1.6939e+00 5.9036e-11  3.0686209 -9.990e-29    129.451         39    34.5690    34.5620    27.5156    27.5101    1486.50    1486.49 0.0000e+00
     101646 205.306061   1397.000   1384.415     3.3745     3.3740   3.225109   3.224468     1.1672    0.00015     1.2292   -0.00006    90.8353     0.0148 1.0000e-12 1.6939e+00 5.4846e-06  3.0704207    125.899    129.487         49    34.5692    34.5621    27.5159    27.5102    1486.48    1486.47 0.0000e+00
     101701 205.306091   1396.000   1383.427     3.3745     3.3739   3.225081   3.224430     1.1673    0.00014     1.2294    0.00014    90.8343     0.0132 1.0000e-12 1.6939e+00 -2.359e-07  3.0562205    126.235    129.530         28    34.5693    34.5622    27.5160    27.5104    1486.47    1486.45 0.0000e+00
     101723 205.306107   1395.000   1382.439     3.3771     3.3774   3.225281   3.224671     1.1675    0.00006     1.2294    0.00004    90.8316     0.0164 1.0000e-12 1.6939e+00 5.9036e-11  3.0865860    126.279    129.690         20    34.5695    34.5619    27.5159    27.5098    1486.46    1486.45 0.0000e+00
     101742 205.306107   1394.000   1381.452     3.3831     3.3832   3.225755   3.225106     1.1677   -0.00015     1.2300    0.00008    90.8365     0.0147 1.0000e-12 1.6939e+00 5.9036e-11  3.0647712    126.379    129.604         19    34.5693    34.5615    27.5152    27.5089    1486.47    1486.46 0.0000e+00
     101760 205.306122   1393.000   1380.464     3.3872     3.3880   3.226031   3.225459     1.1680    0.00005     1.2298    0.00010    90.8288     0.0189 1.0000e-12 1.6939e+00 5.9036e-11  3.0661304    126.324    129.466         18    34.5688    34.5612    27.5144    27.5082    1486.47    1486.46 0.0000e+00
     101782 205.306137   1392.000   1379.476     3.3884     3.3900   3.226040   3.225594 -9.990e-29    0.00019     1.2300    0.00022    90.8259     0.0190 1.0000e-12 1.6939e+00 5.9036e-11  3.0736649 -9.990e-29    129.643         27    34.5682    34.5612    27.5137    27.5080    1486.46    1486.45 0.0000e+00
     101830 205.306152   1391.000   1378.489     3.3870     3.3853   3.225907   3.225170     1.1684    0.00030     1.2305    0.00022    90.8259     0.0258 1.0000e-12 1.6939e+00 5.9036e-11  3.0746005    126.331    129.737         49    34.5685    34.5615    27.5141    27.5087    1486.43    1486.42 0.0000e+00
     101883 205.306183   1390.000   1377.501     3.3857     3.3835   3.225748   3.224975     1.1682    0.00002     1.2310    0.00019    90.8357     0.0236 4.0383e-11 1.6939e+00 1.2652e-08  3.0906992    126.369    129.641         50    34.5685    34.5616    27.5142    27.5089    1486.41    1486.39 0.0000e+00
     101936 205.306213   1389.000   1376.513     3.3883     3.3863   3.225953   3.225167     1.1688   -0.00020     1.2310    0.00027    90.8263     0.0191 1.1521e-06 1.6939e+00 3.5948e-04  3.0782807    126.503    129.810         36    34.5687    34.5615    27.5142    27.5086    1486.41    1486.39 0.0000e+00
     101958 205.306213   1388.000   1375.525     3.3962     3.3980   3.226667   3.226099     1.1694    0.00052     1.2319   -0.00010    90.8326     0.0150 -1.745e-08 1.6939e+00 -8.074e-06  3.0625670    126.594    129.918         17    34.5694    34.5608    27.5139    27.5069    1486.42    1486.42 0.0000e+00
     101973 205.306229   1387.000   1374.538     3.4093     3.4103   3.227834   3.227122     1.1696    0.00020     1.2315    0.00005    90.8357     0.0120 2.6214e-06 1.6939e+00 1.4932e-03  3.0952885    126.427    129.570         14    34.5701    34.5605    27.5133    27.5055    1486.46    1486.46 0.0000e+00
     101987 205.306229   1386.000   1373.550     3.4215     3.4234   3.228734   3.228178     1.1697    0.00015     1.2318    0.00002    90.8276     0.0152 4.8768e-08 1.6939e+00 2.7780e-05  3.0837500    126.191    129.539         14    34.5685    34.5599    27.5109    27.5038    1486.50    1486.49 0.0000e+00
     102001 205.306244   1385.000   1372.562     3.4264     3.4277   3.229072   3.228528     1.1694    0.00033     1.2316    0.00023    90.8244     0.0100 1.0001e-12 1.6939e+00 5.9090e-11  3.0806849    125.744    129.338         14    34.5679    34.5600    27.5099    27.5034    1486.50    1486.50 0.0000e+00
     102018 205.306244   1384.000   1371.574     3.4292     3.4276   3.229197   3.228469     1.1689    0.00055     1.2315    0.00053    90.8260     0.0098 1.0000e-12 1.6939e+00 5.9036e-11  3.0894959    125.818    129.155         19    34.5669    34.5600    27.5088    27.5034    1486.49    1486.48 0.0000e+00
     102068 205.306274   1383.000   1370.587     3.4238     3.4250   3.228693   3.228181     1.1691    0.00014     1.2306   -0.00014    90.8270     0.0186 1.3003e-05 1.6939e+00 8.0802e-04  3.0729253    126.082    128.983         40    34.5671    34.5598    27.5095    27.5035    1486.46    1486.45 0.0000e+00
     102134 205.306305   1382.000   1369.599     3.4220     3.4209   3.228507   3.227812 -9.990e-29   -0.00047     1.2297    0.00004    90.8104     0.0224 1.4836e-05 1.6939e+00 9.8977e-04  3.0839908 -9.990e-29    129.040         34    34.5673    34.5601    27.5098    27.5042    1486.43    1486.42 0.0000e+00
     102167 205.306320   1381.000   1368.611     3.4249     3.4265   3.228752   3.228259     1.1678   -0.00009     1.2297   -0.00055    90.8253     0.0283 2.0361e-05 1.6939e+00 2.9889e-03  3.0779550    126.194    129.104         33    34.5677    34.5601    27.5098    27.5037    1486.43    1486.42 0.0000e+00
     102200 205.306335   1380.000   1367.623     3.4470     3.4473   3.230687   3.230006     1.1680   -0.00020     1.2300   -0.00022    90.8331     0.0187 -3.348e-07 1.6939e+00 -4.891e-05  3.0822618    125.596    128.990         32    34.5680    34.5595    27.5079    27.5012    1486.50    1486.49 0.0000e+00
     102229 205.306351   1379.000   1366.635     3.4639     3.4672   3.232098   3.231655     1.1678   -0.00009     1.2297 3.7311e-07    90.8264     0.0182 1.0000e-12 1.6939e+00 5.9031e-11  3.0750303    125.366    128.659         27    34.5675    34.5588    27.5060    27.4987    1486.56    1486.56 0.0000e+00
     102254 205.306366   1378.000   1365.648     3.4722     3.4739   3.232656   3.232175     1.1672    0.00027     1.2288    0.00014    90.8303     0.0194 1.0000e-12 1.6939e+00 4.1376e-04  3.0801461    124.939    128.180         24    34.5660    34.5585    27.5040    27.4978    1486.58    1486.57 0.0000e+00
     102280 205.306366   1377.000   1364.660     3.4741     3.4781   3.232787   3.232506     1.1663   -0.00023     1.2280   -0.00015    90.8315     0.0202 1.0000e-12 1.6939e+00 1.4396e-04  3.0719585    124.607    127.887         28    34.5661    34.5585    27.5038    27.4974    1486.57    1486.57 0.0000e+00
     102346 205.306412   1376.000   1363.672     3.4716     3.4717   3.232450   3.231906     1.1655   -0.00030     1.2262   -0.00062    90.8289     0.0240 1.0000e-12 1.6939e+00 -4.461e-07  3.0796227    124.722    127.956         40    34.5651    34.5586    27.5033    27.4981    1486.54    1486.53 0.0000e+00
     102411 205.306442   1375.000   1362.684     3.4674     3.4644   3.232131   3.231210 -9.990e-29   -0.00026     1.2255   -0.00055    90.8306     0.0313 1.0000e-12 1.6939e+00 5.9036e-11  3.0889194 -9.990e-29    128.183         29    34.5662    34.5585    27.5046    27.4987    1486.51    1486.48 0.0000e+00
     102434 205.306442   1374.000   1361.696     3.4779     3.4784   3.233001   3.232387 -9.990e-29   -0.00027     1.2256   -0.00035    90.8222     0.0298 2.5532e-09 1.6939e+00 3.5213e-07  3.0873780 -9.990e-29    128.057         22    34.5661    34.5583    27.5035    27.4972    1486.53    1486.53 0.0000e+00
     102458 205.306458   1373.000   1360.708     3.4851     3.4860   3.233550   3.232977     1.1643   -0.00017     1.2255   -0.00006    90.8306     0.0274 7.0177e-06 1.6939e+00 3.9127e-03  3.1073275    124.592    127.746         27    34.5656    34.5578    27.5024    27.4961    1486.55    1486.54 0.0000e+00
     102495 205.306473   1372.000   1359.721     3.4866     3.4857   3.233592   3.232906     1.1641   -0.00006     1.2250    0.00005    90.8306     0.0232 3.3778e-07 1.6939e+00 1.8833e-04  3.0873582    124.555    127.778         48    34.5650    34.5578    27.5018    27.4961    1486.54    1486.52 0.0000e+00
     102565 205.306503   1371.000   1358.733     3.4831     3.4833   3.233254   3.232655     1.1637   -0.00014     1.2245   -0.00035    90.8266     0.0226 1.0000e-12 1.6939e+00 3.1379e-03  3.0606060    124.638    127.597         42    34.5651    34.5578    27.5022    27.4963    1486.50    1486.50 0.0000e+00
     102624 205.306534   1370.000   1357.745     3.4856     3.4900   3.233450   3.233198     1.1636   -0.00016     1.2239   -0.00036    90.8241     0.0241 1.0000e-12 1.6939e+00 -1.786e-04  3.0664837    124.472    127.722         29    34.5654    34.5577    27.5021    27.4956    1486.50    1486.51 0.0000e+00
     102646 205.306549   1369.000   1356.757     3.4915     3.4930   3.233932   3.233422     1.1635   -0.00008     1.2242   -0.00002    90.8231     0.0262 1.0000e-12 1.6939e+00 5.7339e-11  3.0686603    124.552    127.751         21    34.5654    34.5577    27.5016    27.4953    1486.51    1486.50 0.0000e+00
     102665 205.306564   1368.000   1355.769     3.4985     3.4989   3.234485   3.233859 -9.990e-29    0.00008     1.2243   -0.00017    90.8206     0.0278 1.0000e-12 1.6939e+00 5.9036e-11  3.0662496 -9.990e-29    127.465         18    34.5651    34.5573    27.5007    27.4944    1486.52    1486.51 0.0000e+00
     102684 205.306564   1367.000   1354.781     3.5007     3.5002   3.234594   3.233938 -9.990e-29   -0.00014     1.2238   -0.00005    90.8288     0.0196 1.0000e-12 1.6939e+00 5.9036e-11  3.0762358 -9.990e-29    127.453         20    34.5646    34.5573    27.5000    27.4943    1486.51    1486.50 0.0000e+00
     102724 205.306580   1366.000   1353.794     3.5004     3.4997   3.234503   3.233838     1.1624   -0.00009     1.2239    0.00009    90.8266     0.0162 1.0000e-12 1.6939e+00 5.9176e-11  3.0723493    124.159    127.433         37    34.5643    34.5572    27.4998    27.4942    1486.49    1486.48 0.0000e+00
