data/csp/csp00102.cnv
* Sea-Bird SBE 9 Data File:
* FileName = C:\SEASOFT\CASSIOPEE\data\csp00102.hex
* Software Version Seasave V 7.23.1
* Temperature SN = 1327
* Conductivity SN = 1075
* Number of Bytes Per Scan = 40
* Number of Voltage Words = 5
* Number of Scans Averaged by the Deck Unit = 1
* NMEA Latitude = 19 58.12 S
* NMEA Longitude = 168 00.66 E
* NMEA UTC (Time) = Jul 20 2015 09:28:43
* NMEA baud rate = 4800
** Cruise : CASSIOPEE
** Station : 00102
** Type: PHY
** Bottom Depth: 4780
** Operator:  FM/SC/FP
** Comments:
# nquan = 25                                
# nvalues = 9512                        
# units = specified
# name 0 = scan: Scan Count
# name 1 = timeJ: Julian Days
# name 2 = prDM: Pressure, Digiquartz [db]
# name 3 = depSM: Depth [salt water, m]
# name 4 = t090C: Temperature [ITS-90, deg C]
# name 5 = t190C: Temperature, 2 [ITS-90, deg C]
# name 6 = c0S/m: Conductivity [S/m]
# name 7 = c1S/m: Conductivity, 2 [S/m]
# name 8 = sbeox0V: Oxygen raw, SBE 43 [V]
# name 9 = sbeox0dOV/dT: Oxygen, SBE 43 [dov/dt]
# name 10 = CStarTr0: Beam Transmission, WET Labs C-Star [%]
# name 11 = flC: Fluorescence, Chelsea Aqua 3 Chl Con [ug/l]
# name 12 = par: PAR/Irradiance, Biospherical/Licor
# name 13 = spar: SPAR/Surface Irradiance
# name 14 = cpar: CPAR/Corrected Irradiance [%]
# name 15 = upoly0: Upoly 0, UVP5
# name 16 = sbeox0Mm/Kg: Oxygen, SBE 43 [umol/kg], WS = 2
# name 17 = nbin: number of scans per bin
# name 18 = sal00: Salinity, Practical [PSU]
# name 19 = sal11: Salinity, Practical, 2 [PSU]
# name 20 = sigma-é00: Density [sigma-theta, kg/m^3]
# name 21 = sigma-é11: Density, 2 [sigma-theta, kg/m^3]
# name 22 = svCM: Sound Velocity [Chen-Millero, m/s]
# name 23 = svCM1: Sound Velocity, 2 [Chen-Millero, m/s]
# name 24 = flag: flag
# span 0 =        540,     328925       
# span 1 = 201.395203, 201.553558       
# span 2 =      0.000,   4758.000       
# span 3 = 7.0663e-07,   4676.804       
# span 4 =     1.8270,    23.5794       
# span 5 =     1.8323,    23.5778       
# span 6 =   3.158437,   5.248310       
# span 7 =   3.158154,   5.247080       
# span 8 =     0.9738,     2.5379       
# span 9 =   -0.01944,    0.01964       
# span 10 =    78.3344,   100.2298      
# span 11 =    -0.0143,     0.2397      
# span 12 = -4.344e-05, 1.9278e-01      
# span 13 = -1.085e-02, 1.7835e+00      
# span 14 = -5.288e+03, 1.0064e+05      
# span 15 =  2.8877313,  43.919262      
# span 16 =    133.444,    201.723      
# span 17 =         11,         70      
# span 18 =    34.3677,    35.7960      
# span 19 =    34.3874,    35.7907      
# span 20 =    24.1465,    27.7619      
# span 21 =    24.1138,    27.7565      
# span 22 =    1483.51,    1537.66      
# span 23 =    1483.54,    1537.66      
# span 24 = 0.0000e+00, 0.0000e+00      
# interval = decibars: 1                
# start_time = Jul 20 2015 09:28:43 [System UTC, header]
# bad_flag = -9.990e-29
*END*
[from data line 9203]
   288558   201.534103   308.000   305.892   16.8395   16.8119   4.530380   4.529680   1.8893   0.00843   1e+36   1e+36   96.7385   0.0173   1.0000e-12   1.6939e+00   5.9036e-11   3.0710044   162.214   1e+36   40   35.3766   35.3947   25.8535   25.8740   1517.89   1517.83   0.0000e+00
   288596   201.534119   307.000   304.899   16.8137   16.8079   4.529541   4.529201   1.8907   0.00687   1e+36   1e+36   96.7224   0.0225   1.0000e-12   1.6939e+00   5.9036e-11   3.0714011   160.773   1e+36   32   35.3923   35.3944   25.8717   25.8747   1517.82   1517.80   0.0000e+00
   288622   201.534134   306.000   303.907   16.7960   16.8674   4.526544   4.536171   1.8860   0.00782   1e+36   1e+36   96.7011   0.0184   1.0000e-12   1.6939e+00   5.9036e-11   3.0608845   160.233   1e+36   22   35.3819   35.4034   25.8678   25.8675   1517.73   1517.97   0.0000e+00
   288642   201.534134   305.000   302.914   16.9176   16.9438   4.529094   4.544588   1.8832   0.00249   1e+36   1e+36   96.6931   0.0220   1.0000e-12   1.6939e+00   5.9036e-11   3.0685720   160.155   1e+36   18   35.2978   35.4102   25.7745   25.8546   1517.99   1518.20   0.0000e+00
   288659   201.534149   304.000   301.922   16.9331   16.9728   4.537657   4.547551   1.8847   -0.00238   1e+36   1e+36   96.6883   0.0255   1.0000e-12   1.6939e+00   5.9036e-11   3.0677743   161.064   1e+36   17   35.3595   35.4110   25.8181   25.8483   1518.09   1518.27   0.0000e+00
   288676   201.534149   303.000   300.929   16.9493   16.9797   4.539670   4.548246   1.8891   -0.00405   1e+36   1e+36   96.6802   0.0237   1.0000e-12   1.6939e+00   5.9036e-11   3.0635724   161.913   1e+36   17   35.3632   35.4114   25.8171   25.8469   1518.12   1518.27   0.0000e+00
   288694   201.534164   302.000   299.937   16.9689   16.9840   4.542539   4.548664   1.8941   -0.00369   1e+36   1e+36   96.6756   0.0233   1.0000e-12   1.6939e+00   5.9036e-11   3.0781541   162.216   1e+36   18   35.3714   35.4117   25.8187   25.8460   1518.18   1518.27   0.0000e+00
   288712   201.534180   301.000   298.945   16.9720   16.9824   4.544174   4.548412   1.8971   -0.00103   1e+36   1e+36   96.6668   0.0259   1.0000e-12   1.6939e+00   5.9036e-11   3.0598257   161.955   1e+36   19   35.3833   35.4112   25.8271   25.8461   1518.18   1518.25   0.0000e+00
   288731   201.534180   300.000   297.952   16.9794   16.9916   4.544891   4.549320   1.8976   0.00409   1e+36   1e+36   96.6540   0.0212   1.0000e-12   1.6939e+00   5.9036e-11   3.0592930   161.518   1e+36   19   35.3835   35.4114   25.8255   25.8440   1518.19   1518.26   0.0000e+00
   288750   201.534195   299.000   296.960   16.9843   16.9967   4.545727   4.549807   1.8967   0.00642   1e+36   1e+36   96.6461   0.0218   1.0000e-12   1.6939e+00   5.9036e-11   3.0593073   161.431   1e+36   19   35.3868   35.4116   25.8268   25.8429   1518.19   1518.26   0.0000e+00
   288770   201.534195   298.000   295.967   16.9828   17.0039   4.546356   4.550520   1.8982   0.00473   1e+36   1e+36   96.6397   0.0229   1.0000e-12   1.6939e+00   5.9036e-11   3.0668492   162.119   1e+36   22   35.3940   35.4119   25.8326   25.8414   1518.18   1518.26   0.0000e+00
   288797   201.534210   297.000   294.975   16.9831   17.0014   4.546834   4.549988   1.9019   0.00061   1e+36   1e+36   96.6235   0.0253   1.0000e-12   1.6939e+00   5.9036e-11   3.0492897   162.117   1e+36   33   35.3984   35.4098   25.8359   25.8403   1518.17   1518.23   0.0000e+00
   288833   201.534225   296.000   293.982   16.9762   16.9938   4.546481   4.549230   1.8983   0.00166   1e+36   1e+36   96.5996   0.0173   1.0000e-12   1.6939e+00   5.9036e-11   3.0603428   160.473   1e+36   34   35.4017   35.4103   25.8400   25.8424   1518.13   1518.20   0.0000e+00
   288861   201.534241   295.000   292.990   16.9780   17.0219   4.545851   4.552173   1.8883   0.00280   1e+36   1e+36   96.5919   0.0141   1.0000e-12   1.6939e+00   5.9036e-11   3.0421596   158.725   1e+36   22   35.3950   35.4116   25.8344   25.8367   1518.11   1518.27   0.0000e+00
   288880   201.534256   294.000   291.997   17.0168   17.0466   4.546759   4.554616   1.8823   -0.00132   1e+36   1e+36   96.5773   0.0184   1.0000e-12   1.6939e+00   5.9036e-11   3.0350239   159.286   1e+36   18   35.3693   35.4116   25.8054   25.8308   1518.18   1518.32   0.0000e+00
   288896   201.534256   293.000   291.005   17.0505   17.0806   4.549356   4.558021   1.8846   -0.00416   1e+36   1e+36   96.5772   0.0220   1.0000e-12   1.6939e+00   5.9036e-11   3.0779853   160.559   1e+36   16   35.3628   35.4119   25.7924   25.8229   1518.26   1518.41   0.0000e+00
   288912   201.534271   292.000   290.012   17.0662   17.0969   4.552866   4.559621   1.8890   -0.00728   1e+36   1e+36   96.5658   0.0173   1.0000e-12   1.6939e+00   5.9036e-11   3.0558934   161.392   1e+36   16   35.3800   35.4118   25.8018   25.8189   1518.31   1518.44   0.0000e+00
   288930   201.534286   291.000   289.020   17.0902   17.1408   4.555114   4.563943   1.8945   -0.00945   1e+36   1e+36   96.5596   0.0169   1.0000e-12   1.6939e+00   5.9036e-11   3.0719182   162.082   1e+36   18   35.3789   35.4114   25.7952   25.8080   1518.37   1518.55   0.0000e+00
   288949   201.534286   290.000   288.027   17.1117   17.1679   4.557985   4.566475   1.9010   -0.00285   1e+36   1e+36   96.5483   0.0143   1.0000e-12   1.6939e+00   5.9036e-11   3.0280750   162.107   1e+36   21   35.3854   35.4101   25.7950   25.8005   1518.42   1518.62   0.0000e+00
   288973   201.534302   289.000   287.035   17.1319   17.1752   4.560029   4.566922   1.9014   0.00539   1e+36   1e+36   96.5451   0.0147   1.0000e-12   1.6939e+00   5.9036e-11   3.0665858   161.293   1e+36   28   35.3859   35.4079   25.7905   25.7971   1518.47   1518.62   0.0000e+00
   289004   201.534317   288.000   286.042   17.1005   17.1425   4.559208   4.563166   1.9002   0.00709   1e+36   1e+36   96.5196   0.0181   1.0000e-12   1.6939e+00   5.9036e-11   3.0613885   160.677   1e+36   34   35.4066   35.4042   25.8139   25.8020   1518.38   1518.50   0.0000e+00
   289039   201.534332   287.000   285.050   17.1250   17.1396   4.560225   4.563424   1.8940   0.00074   1e+36   1e+36   96.5022   0.0178   1.0000e-12   1.6939e+00   5.9036e-11   3.0850098   159.904   1e+36   33   35.3944   35.4095   25.7986   25.8067   1518.42   1518.48   0.0000e+00
   289070   201.534348   286.000   284.057   17.1169   17.1573   4.560110   4.565035   1.8913   -0.00226   1e+36   1e+36   96.4689   0.0192   1.0000e-12   1.6939e+00   5.9036e-11   3.0607338   159.485   1e+36   30   35.4009   35.4083   25.8055   25.8016   1518.39   1518.52   0.0000e+00
   289097   201.534363   285.000   283.065   17.2217   17.1701   4.566321   4.566717   1.8864   -0.00422   1e+36   1e+36   96.4772   0.0246   1.0000e-12   1.6939e+00   5.9036e-11   3.0389280   158.088   1e+36   24   35.3635   35.4121   25.7517   25.8013   1518.64   1518.54   0.0000e+00
   289119   201.534363   284.000   282.072   17.3176   17.3836   4.569707   4.590066   1.8777   -0.00199   1e+36   1e+36   96.4685   0.0247   1.0000e-12   1.6939e+00   5.9036e-11   3.0558374   156.412   1e+36   20   35.3095   35.4282   25.6872   25.7625   1518.85   1519.18   0.0000e+00
   289137   201.534378   283.000   281.080   17.4143   17.4862   4.581295   4.600382   1.8721   -0.00314   1e+36   1e+36   96.4579   0.0179   1.0000e-12   1.6939e+00   5.9036e-11   3.0555253   156.712   1e+36   16   35.3259   35.4282   25.6765   25.7376   1519.14   1519.47   0.0000e+00
   289153   201.534393   282.000   280.087   17.4726   17.5251   4.586854   4.604520   1.8748   -0.00431   1e+36   1e+36   96.4528   0.0120   1.0000e-12   1.6939e+00   5.9036e-11   3.0555253   158.060   1e+36   16   35.3236   35.4304   25.6606   25.7298   1519.29   1519.57   0.0000e+00
   289168   201.534393   281.000   279.095   17.4953   17.5432   4.592545   4.606622   1.8797   -0.00627   1e+36   1e+36   96.4416   0.0157   1.0000e-12   1.6939e+00   5.9036e-11   3.0555253   158.944   1e+36   16   35.3533   35.4331   25.6779   25.7275   1519.38   1519.61   0.0000e+00
   289185   201.534409   280.000   278.102   17.5460   17.5714   4.598075   4.609638   1.8858   -0.00911   1e+36   1e+36   96.4375   0.0173   1.0000e-12   1.6939e+00   5.9036e-11   3.0555253   159.371   1e+36   18   35.3573   35.4349   25.6686   25.7220   1519.51   1519.68   0.0000e+00
   289206   201.534409   279.000   277.109   17.5565   17.5779   4.604360   4.610148   1.8911   -0.00278   1e+36   1e+36   96.4261   0.0220   1.0000e-12   1.6939e+00   5.9036e-11   3.0397687   159.153   1e+36   25   35.4027   35.4340   25.7008   25.7197   1519.58   1519.68   0.0000e+00
   289241   201.534424   278.000   276.117   17.5179   17.5470   4.601589   4.606814   1.8886   0.00712   1e+36   1e+36   96.4049   0.0170   1.0000e-12   1.6939e+00   5.9036e-11   3.0689130   157.572   1e+36   44   35.4129   35.4326   25.7180   25.7260   1519.46   1519.57   0.0000e+00
   289285   201.534454   277.000   275.124   17.4682   17.4731   4.597791   4.598460   1.8773   0.00129   1e+36   1e+36   96.3878   0.0155   1.0000e-12   1.6939e+00   5.9036e-11   3.0555549   156.312   1e+36   45   35.4238   35.4253   25.7383   25.7383   1519.31   1519.33   0.0000e+00
   289331   201.534470   276.000   274.132   17.4320   17.4278   4.592776   4.593631   1.8704   -0.00672   1e+36   1e+36   96.3655   0.0168   1.0000e-12   1.6939e+00   5.9036e-11   3.0555327   156.297   1e+36   41   35.4124   35.4234   25.7383   25.7478   1519.17   1519.17   0.0000e+00
   289364   201.534485   275.000   273.139   17.4825   17.5068   4.596978   4.602230   1.8705   -0.00457   1e+36   1e+36   96.3527   0.0175   1.0000e-12   1.6939e+00   5.9036e-11   3.0555253   156.409   1e+36   27   35.4050   35.4292   25.7204   25.7331   1519.30   1519.40   0.0000e+00
   289388   201.534500   274.000   272.147   17.5848   17.6109   4.601203   4.613839   1.8707   -0.00321   1e+36   1e+36   96.3385   0.0129   1.0000e-12   1.6939e+00   5.9036e-11   3.0555253   156.230   1e+36   22   35.3528   35.4390   25.6555   25.7153   1519.52   1519.70   0.0000e+00
   289408   201.534515   273.000   271.154   17.6632   17.6937   4.611653   4.622872   1.8720   -0.00040   1e+36   1e+36   96.3282   0.0140   1.0000e-12   1.6939e+00   5.9036e-11   3.0682189   156.717   1e+36   19   35.3750   35.4450   25.6534   25.6997   1519.76   1519.93   0.0000e+00
   289427   201.534515   272.000   270.161   17.6883   17.7306   4.616496   4.626871   1.8772   0.00032   1e+36   1e+36   96.3194   0.0087   1.0000e-12   1.6939e+00   5.9036e-11   3.0806177   157.411   1e+36   19   35.3952   35.4476   25.6627   25.6926   1519.84   1520.03   0.0000e+00
   289447   201.534531   271.000   269.169   17.7147   17.7520   4.619995   4.629148   1.8805   0.00005   1e+36   1e+36   96.3086   0.0129   1.0000e-12   1.6939e+00   5.9036e-11   2.9988344   156.905   1e+36   22   35.4027   35.4490   25.6621   25.6884   1519.91   1520.08   0.0000e+00
   289472   201.534546   270.000   268.176   17.7276   17.7599   4.623016   4.630041   1.8794   0.00254   1e+36   1e+36   96.3031   0.0158   1.0000e-12   1.6939e+00   5.9036e-11   3.0491705   156.428   1e+36   27   35.4179   35.4501   25.6705   25.6873   1519.95   1520.08   0.0000e+00
   289499   201.534546   269.000   267.184   17.7446   17.7771   4.624484   4.632024   1.8776   0.00527   1e+36   1e+36   96.2784   0.0163   1.0000e-12   1.6939e+00   5.9036e-11   3.0947394   155.483   1e+36   27   35.4160   35.4525   25.6649   25.6849   1519.98   1520.12   0.0000e+00
   289523   201.534561   268.000   266.191   17.7697   17.7846   4.627937   4.632777   1.8704   0.00028   1e+36   1e+36   96.2709   0.0121   1.0000e-12   1.6939e+00   5.9036e-11   3.0285892   154.079   1e+36   21   35.4243   35.4529   25.6650   25.6833   1520.05   1520.13   0.0000e+00
   289543   201.534576   267.000   265.198   17.7762   17.8118   4.627737   4.635978   1.8647   -0.00058   1e+36   1e+36   96.2475   0.0102   1.0000e-12   1.6939e+00   5.9036e-11   3.0303197   154.538   1e+36   18   35.4173   35.4571   25.6580   25.6798   1520.05   1520.20   0.0000e+00
   289561   201.534576   266.000   264.206   17.8182   17.8671   4.629756   4.642169   1.8685   -0.00208   1e+36   1e+36   96.2529   0.0104   1.0000e-12   1.6939e+00   5.9036e-11   3.0314729   156.193   1e+36   18   35.3985   35.4625   25.6334   25.6704   1520.13   1520.35   0.0000e+00
   289580   201.534592   265.000   263.213   17.8653   17.9056   4.636147   4.646612   1.8758   -0.00654   1e+36   1e+36   96.2407   0.0110   1.0000e-12   1.6939e+00   5.9036e-11   3.0826099   156.849   1e+36   21   35.4128   35.4675   25.6327   25.6647   1520.27   1520.45   0.0000e+00
   289606   201.534607   264.000   262.221   17.8858   17.9049   4.641267   4.646065   1.8820   -0.00371   1e+36   1e+36   96.2285   0.0113   1.0000e-12   1.6939e+00   5.9036e-11   3.0634677   157.017   1e+36   34   35.4393   35.4638   25.6479   25.6621   1520.34   1520.43   0.0000e+00
   289648   201.534622   263.000   261.228   17.8427   17.8634   4.638887   4.641576   1.8838   0.00739   1e+36   1e+36   96.2090   0.0128   1.0000e-12   1.6934e+00   2.6935e+01   3.0730193   155.934   1e+36   45   35.4567   35.4617   25.6718   25.6706   1520.22   1520.29   0.0000e+00
   289683   201.534637   262.000   260.235   17.8656   17.9003   4.635900   4.646378   1.8766   0.00435   1e+36   1e+36   96.1969   0.0132   1.0000e-12   1.0058e-01   9.4061e+04   3.0551910   155.219   1e+36   26   35.4116   35.4712   25.6316   25.6688   1520.22   1520.39   0.0000e+00
   289706   201.534653   261.000   259.243   17.9458   18.0254   4.644504   4.660234   1.8769   -0.00058   1e+36   1e+36   96.1854   0.0134   1.0000e-12   2.4636e-03   9.9854e+04   3.0520604   156.167   1e+36   22   35.4161   35.4816   25.6153   25.6459   1520.44   1520.75   0.0000e+00
   289729   201.534668   260.000   258.250   18.0934   18.0855   4.656592   4.666966   1.8844   -0.00503   1e+36   1e+36   96.1732   0.0127   1.0000e-12   1.2421e-04   9.9992e+04   3.0481653   157.044   1e+36   24   35.3919   35.4873   25.5603   25.6353   1520.83   1520.91   0.0000e+00
   289756   201.534683   259.000   257.257   18.1238   18.1029   4.667389   4.669037   1.8909   -0.00228   1e+36   1e+36   96.1632   0.0104   1.0000e-12   1.4765e+00   1.2835e+04   3.0472035   156.736   1e+36   28   35.4581   35.4903   25.6034   25.6333   1520.98   1520.95   0.0000e+00
   289781   201.534683   258.000   256.265   18.1495   18.1743   4.667804   4.676843   1.8882   0.00536   1e+36   1e+36   96.1444   0.0072   1.0000e-12   1.7012e+00   -4.294e+02   3.0385201   154.582   1e+36   22   35.4398   35.4954   25.5830   25.6195   1521.01   1521.15   0.0000e+00
   289802   201.534698   257.000   255.272   18.1760   18.2081   4.672090   4.680912   1.8773   0.00742   1e+36   1e+36   96.1314   0.0138   1.0000e-12   1.6939e+00   5.9035e-11   3.0482945   153.852   1e+36   20   35.4537   35.5011   25.5871   25.6154   1521.09   1521.24   0.0000e+00
   289820   201.534714   256.000   254.279   18.2269   18.2709   4.673544   4.687896   1.8795   0.00453   1e+36   1e+36   96.1280   0.0119   1.0000e-12   1.6939e+00   3.9675e-04   3.0787311   155.713   1e+36   18   35.4225   35.5066   25.5505   25.6039   1521.19   1521.41   0.0000e+00
   289839   201.534714   255.000   253.287   18.2646   18.2841   4.680173   4.689351   1.8862   -0.00241   1e+36   1e+36   96.1182   0.0144   1.0000e-12   8.0772e-01   5.2315e+04   3.0364451   156.041   1e+36   19   35.4467   35.5079   25.5596   25.6016   1521.31   1521.43   0.0000e+00
   289858   201.534729   254.000   252.294   18.2763   18.3201   4.682920   4.693383   1.8856   -0.00975   1e+36   1e+36   96.1040   0.0176   1.0000e-12   -1.085e-02   1.0064e+05   3.0276766   154.723   1e+36   19   35.4603   35.5113   25.5671   25.5952   1521.34   1521.52   0.0000e+00
