data/csp/csp00102.cnv
* Sea-Bird SBE 9 Data File:
* FileName = C:\SEASOFT\CASSIOPEE\data\csp00102.hex
* Software Version Seasave V 7.23.1
* Temperature SN = 1327
* Conductivity SN = 1075
* Number of Bytes Per Scan = 40
* Number of Voltage Words = 5
* Number of Scans Averaged by the Deck Unit = 1
* NMEA Latitude = 19 58.12 S
* NMEA Longitude = 168 00.66 E
* NMEA UTC (Time) = Jul 20 2015 09:28:43
* NMEA baud rate = 4800
** Cruise : CASSIOPEE
** Station : 00102
** Type: PHY
** Bottom Depth: 4780
** Operator:  FM/SC/FP
** Comments:
# nquan = 25                                
# nvalues = 9512                        
# units = specified
# name 0 = scan: Scan Count
# name 1 = timeJ: Julian Days
# name 2 = prDM: Pressure, Digiquartz [db]
# name 3 = depSM: Depth [salt water, m]
# name 4 = t090C: Temperature [ITS-90, deg C]
# name 5 = t190C: Temperature, 2 [ITS-90, deg C]
# name 6 = c0S/m: Conductivity [S/m]
# name 7 = c1S/m: Conductivity, 2 [S/m]
# name 8 = sbeox0V: Oxygen raw, SBE 43 [V]
# name 9 = sbeox0dOV/dT: Oxygen, SBE 43 [dov/dt]
# name 10 = CStarTr0: Beam Transmission, WET Labs C-Star [%]
# name 11 = flC: Fluorescence, Chelsea Aqua 3 Chl Con [ug/l]
# name 12 = par: PAR/Irradiance, Biospherical/Licor
# name 13 = spar: SPAR/Surface Irradiance
# name 14 = cpar: CPAR/Corrected Irradiance [%]
# name 15 = upoly0: Upoly 0, UVP5
# name 16 = sbeox0Mm/Kg: Oxygen, SBE 43 [umol/kg], WS = 2
# name 17 = nbin: number of scans per bin
# name 18 = sal00: Salinity, Practical [PSU]
# name 19 = sal11: Salinity, Practical, 2 [PSU]
# name 20 = sigma-é00: Density [sigma-theta, kg/m^3]
# name 21 = sigma-é11: Density, 2 [sigma-theta, kg/m^3]
# name 22 = svCM: Sound Velocity [Chen-Millero, m/s]
# name 23 = svCM1: Sound Velocity, 2 [Chen-Millero, m/s]
# name 24 = flag: flag
# span 0 =        540,     328925       
# span 1 = 201.395203, 201.553558       
# span 2 =      0.000,   4758.000       
# span 3 = 7.0663e-07,   4676.804       
# span 4 =     1.8270,    23.5794       
# span 5 =     1.8323,    23.5778       
# span 6 =   3.158437,   5.248310       
# span 7 =   3.158154,   5.247080       
# span 8 =     0.9738,     2.5379       
# span 9 =   -0.01944,    0.01964       
# span 10 =    78.3344,   100.2298      
# span 11 =    -0.0143,     0.2397      
# span 12 = -4.344e-05, 1.9278e-01      
# span 13 = -1.085e-02, 1.7835e+00      
# span 14 = -5.288e+03, 1.0064e+05      
# span 15 =  2.8877313,  43.919262      
# span 16 =    133.444,    201.723      
# span 17 =         11,         70      
# span 18 =    34.3677,    35.7960      
# span 19 =    34.3874,    35.7907      
# span 20 =    24.1465,    27.7619      
# span 21 =    24.1138,    27.7565      
# span 22 =    1483.51,    1537.66      
# span 23 =    1483.54,    1537.66      
# span 24 = 0.0000e+00, 0.0000e+00      
# interval = decibars: 1                
# start_time = Jul 20 2015 09:28:43 [System UTC, header]
# bad_flag = -9.990e-29
*END*
[from data line 7695]
   242044   201.511673   1816.000   1797.100   2.4550   2.4637   3.166984   3.167020   1.1760   -0.00007   1e+36   1e+36   100.1942   0.0176   1.0000e-12   1.6939e+00   5.9036e-11   3.0720260   134.547   1e+36   17   34.6328   34.6240   27.6509   27.6431   1489.63   1489.65   0.0000e+00
   242061   201.511673   1815.000   1796.115   2.4561   2.4650   3.167053   3.167089   1.1759   0.00024   1e+36   1e+36   100.1863   0.0163   1.0000e-12   1.6939e+00   5.9036e-11   3.0532432   134.729   1e+36   17   34.6329   34.6240   27.6509   27.6430   1489.62   1489.64   0.0000e+00
   242079   201.511688   1814.000   1795.129   2.4572   2.4654   3.167161   3.167084   1.1756   0.00042   1e+36   1e+36   100.1924   0.0188   1.0000e-12   1.6939e+00   5.9036e-11   3.0513251   134.835   1e+36   19   34.6336   34.6239   27.6513   27.6429   1489.61   1489.63   0.0000e+00
   242101   201.511703   1813.000   1794.144   2.4580   2.4651   3.167213   3.167014   1.1755   -0.00025   1e+36   1e+36   100.1871   0.0166   1.0000e-12   1.6939e+00   5.9036e-11   3.0509269   134.560   1e+36   28   34.6339   34.6239   27.6514   27.6429   1489.59   1489.61   0.0000e+00
   242140   201.511719   1812.000   1793.159   2.4569   2.4642   3.167148   3.166894   1.1757   -0.00021   1e+36   1e+36   100.1836   0.0206   1.0000e-12   1.6939e+00   5.9036e-11   3.0384722   135.112   1e+36   44   34.6347   34.6239   27.6522   27.6430   1489.57   1489.59   0.0000e+00
   242173   201.511734   1811.000   1792.173   2.4561   2.4640   3.167077   3.166829   1.1760   -0.00037   1e+36   1e+36   100.1837   0.0166   1.0000e-12   1.6939e+00   5.9036e-11   3.0556941   134.985   1e+36   24   34.6352   34.6238   27.6527   27.6429   1489.55   1489.57   0.0000e+00
   242195   201.511734   1810.000   1791.188   2.4577   2.4667   3.167022   3.166994   1.1760   0.00023   1e+36   1e+36   100.1837   0.0221   1.0000e-12   1.6939e+00   5.9036e-11   3.0387435   134.872   1e+36   22   34.6334   34.6235   27.6511   27.6424   1489.54   1489.57   0.0000e+00
   242219   201.511749   1809.000   1790.202   2.4614   2.4682   3.167217   3.167069   1.1760   0.00018   1e+36   1e+36   100.1837   0.0237   1.0000e-12   1.6939e+00   5.9036e-11   3.0415206   134.837   1e+36   26   34.6323   34.6233   27.6499   27.6421   1489.54   1489.56   0.0000e+00
   242248   201.511765   1808.000   1789.217   2.4625   2.4684   3.167343   3.167022   1.1759   0.00017   1e+36   1e+36   100.1837   0.0140   1.0000e-12   1.6939e+00   5.9036e-11   3.0446684   134.753   1e+36   30   34.6332   34.6229   27.6505   27.6418   1489.53   1489.54   0.0000e+00
   242274   201.511780   1807.000   1788.232   2.4623   2.4697   3.167317   3.167095   1.1760   0.00006   1e+36   1e+36   100.1837   0.0173   1.0000e-12   1.6939e+00   5.9036e-11   3.0752509   135.000   1e+36   22   34.6335   34.6230   27.6508   27.6417   1489.51   1489.53   0.0000e+00
   242295   201.511795   1806.000   1787.246   2.4630   2.4721   3.167257   3.167250   1.1763   -0.00014   1e+36   1e+36   100.1837   0.0196   1.0000e-12   1.6939e+00   5.9036e-11   3.0834713   134.825   1e+36   20   34.6326   34.6228   27.6500   27.6414   1489.50   1489.52   0.0000e+00
   242314   201.511795   1805.000   1786.261   2.4650   2.4740   3.167345   3.167357   1.1759   -0.00007   1e+36   1e+36   100.1837   0.0160   1.0000e-12   1.6939e+00   5.9036e-11   3.0604448   134.866   1e+36   19   34.6320   34.6226   27.6493   27.6410   1489.49   1489.51   0.0000e+00
   242334   201.511810   1804.000   1785.275   2.4674   2.4756   3.167453   3.167425   1.1766   0.00013   1e+36   1e+36   100.1837   0.0160   1.0000e-12   1.6939e+00   5.9036e-11   3.0716438   135.292   1e+36   21   34.6312   34.6222   27.6485   27.6406   1489.48   1489.50   0.0000e+00
   242357   201.511826   1803.000   1784.290   2.4691   2.4767   3.167616   3.167500   1.1769   0.00015   1e+36   1e+36   100.1837   0.0193   1.0000e-12   1.6939e+00   5.9036e-11   3.0484469   135.100   1e+36   25   34.6320   34.6224   27.6490   27.6407   1489.47   1489.49   0.0000e+00
   242383   201.511826   1802.000   1783.305   2.4698   2.4773   3.167630   3.167496   1.1773   0.00010   1e+36   1e+36   100.1837   0.0226   1.0000e-12   1.6939e+00   5.9036e-11   3.0633006   135.403   1e+36   27   34.6319   34.6222   27.6488   27.6405   1489.46   1489.48   0.0000e+00
   242410   201.511841   1801.000   1782.319   2.4688   2.4807   3.167604   3.167733   1.1780   0.00047   1e+36   1e+36   100.1878   0.0205   1.0000e-12   1.6939e+00   5.9036e-11   3.0464013   135.455   1e+36   27   34.6331   34.6220   27.6499   27.6400   1489.44   1489.47   0.0000e+00
   242436   201.511856   1800.000   1781.334   2.4719   2.4828   3.167621   3.167834   1.1784   0.00032   1e+36   1e+36   100.1919   0.0191   1.0000e-12   1.6939e+00   5.9036e-11   3.0354025   135.258   1e+36   25   34.6305   34.6215   27.6475   27.6395   1489.43   1489.47   0.0000e+00
   242460   201.511871   1799.000   1780.348   2.4757   2.4838   3.167879   3.167896   1.1784   0.00062   1e+36   1e+36   100.1899   0.0157   1.0000e-12   1.6939e+00   5.9036e-11   3.0449100   135.189   1e+36   23   34.6301   34.6216   27.6469   27.6394   1489.43   1489.45   0.0000e+00
   242483   201.511887   1798.000   1779.363   2.4767   2.4887   3.167984   3.168244   1.1786   0.00047   1e+36   1e+36   100.1848   0.0123   1.0000e-12   1.6939e+00   5.9036e-11   3.0557017   135.256   1e+36   23   34.6308   34.6213   27.6473   27.6387   1489.42   1489.46   0.0000e+00
   242506   201.511887   1797.000   1778.377   2.4801   2.4902   3.168202   3.168335   1.1788   0.00020   1e+36   1e+36   100.1919   0.0174   1.0000e-12   1.6939e+00   5.9036e-11   3.0392725   135.082   1e+36   23   34.6303   34.6212   27.6467   27.6385   1489.42   1489.45   0.0000e+00
   242528   201.511902   1796.000   1777.392   2.4828   2.4923   3.168255   3.168445   1.1785   0.00011   1e+36   1e+36   100.1960   0.0184   1.0000e-12   1.6939e+00   5.9036e-11   3.0434606   134.968   1e+36   21   34.6286   34.6208   27.6451   27.6381   1489.41   1489.44   0.0000e+00
   242549   201.511917   1795.000   1776.406   2.4838   2.4935   3.168391   3.168497   1.1787   0.00018   1e+36   1e+36   100.1867   0.0230   1.0000e-12   1.6939e+00   5.9036e-11   3.0517931   135.075   1e+36   21   34.6297   34.6207   27.6459   27.6378   1489.40   1489.43   0.0000e+00
   242571   201.511917   1794.000   1775.421   2.4864   2.4945   3.168529   3.168540   1.1786   0.00008   1e+36   1e+36   100.1860   0.0241   1.0000e-12   1.6939e+00   5.9036e-11   3.0223305   134.906   1e+36   23   34.6291   34.6206   27.6451   27.6377   1489.39   1489.42   0.0000e+00
   242597   201.511932   1793.000   1774.435   2.4862   2.4946   3.168596   3.168510   1.1787   -0.00007   1e+36   1e+36   100.1899   0.0236   1.0000e-12   1.6939e+00   5.9036e-11   3.0474327   135.245   1e+36   31   34.6306   34.6206   27.6464   27.6377   1489.38   1489.40   0.0000e+00
   242631   201.511948   1792.000   1773.450   2.4821   2.4917   3.168318   3.168221   1.1791   -0.00008   1e+36   1e+36   100.1899   0.0176   1.1818e-06   1.6939e+00   6.9766e-05   3.0629597   135.252   1e+36   34   34.6321   34.6207   27.6479   27.6380   1489.34   1489.37   0.0000e+00
   242660   201.511963   1791.000   1772.464   2.4848   2.4944   3.168359   3.168400   1.1794   0.00020   1e+36   1e+36   100.1879   0.0199   -1.905e-08   1.6939e+00   -1.125e-06   3.1247561   135.306   1e+36   25   34.6302   34.6205   27.6462   27.6376   1489.34   1489.36   0.0000e+00
   242682   201.511978   1790.000   1771.479   2.4860   2.4952   3.168449   3.168427   1.1795   0.00036   1e+36   1e+36   100.1926   0.0189   9.9998e-13   1.6939e+00   5.9035e-11   3.0402470   134.953   1e+36   19   34.6305   34.6205   27.6463   27.6375   1489.32   1489.35   0.0000e+00
   242700   201.511978   1789.000   1770.494   2.4896   2.4979   3.168468   3.168578   1.1793   0.00027   1e+36   1e+36   100.1858   0.0155   1.0000e-12   1.6939e+00   5.9036e-11   3.0645413   134.497   1e+36   18   34.6274   34.6200   27.6435   27.6369   1489.32   1489.34   0.0000e+00
   242719   201.511993   1788.000   1769.508   2.4909   2.4985   3.168651   3.168589   1.1787   0.00015   1e+36   1e+36   100.1837   0.0094   1.0000e-12   1.6939e+00   5.9036e-11   3.0618665   134.673   1e+36   19   34.6287   34.6200   27.6444   27.6368   1489.31   1489.33   0.0000e+00
   242741   201.512009   1787.000   1768.522   2.4914   2.4978   3.168721   3.168494   1.1785   0.00016   1e+36   1e+36   100.1837   0.0119   4.3301e-05   1.6939e+00   2.5563e-03   3.0570607   134.828   1e+36   27   34.6296   34.6200   27.6451   27.6369   1489.30   1489.31   0.0000e+00
   242775   201.512024   1786.000   1767.537   2.4905   2.4969   3.168685   3.168388   1.1790   -0.00053   1e+36   1e+36   100.1837   0.0200   3.7155e-05   1.6939e+00   2.1935e-03   3.0489976   135.271   1e+36   38   34.6306   34.6202   27.6460   27.6371   1489.28   1489.29   0.0000e+00
   242805   201.512039   1785.000   1766.552   2.4900   2.4981   3.168609   3.168439   1.1796   -0.00002   1e+36   1e+36   100.1837   0.0186   -9.874e-07   1.6939e+00   -5.829e-05   3.0593994   135.192   1e+36   22   34.6307   34.6201   27.6461   27.6369   1489.26   1489.28   0.0000e+00
   242825   201.512039   1784.000   1765.566   2.4913   2.5018   3.168578   3.168691   1.1795   0.00004   1e+36   1e+36   100.1837   0.0148   1.0004e-12   1.6939e+00   5.9059e-11   3.0620549   134.907   1e+36   19   34.6295   34.6197   27.6450   27.6363   1489.24   1489.28   0.0000e+00
   242843   201.512054   1783.000   1764.581   2.4965   2.5041   3.168709   3.168827   1.1795   0.00040   1e+36   1e+36   100.1837   0.0133   1.0000e-12   1.6939e+00   5.9036e-11   3.0718975   134.798   1e+36   18   34.6260   34.6194   27.6418   27.6359   1489.25   1489.27   0.0000e+00
   242863   201.512070   1782.000   1763.595   2.4968   2.5049   3.168907   3.168845   1.1791   0.00059   1e+36   1e+36   100.1837   0.0155   1.6621e-10   1.6939e+00   9.8124e-09   3.0516968   134.562   1e+36   21   34.6286   34.6193   27.6438   27.6357   1489.23   1489.26   0.0000e+00
   242885   201.512070   1781.000   1762.609   2.4983   2.5055   3.168992   3.168860   1.1790   -0.00002   1e+36   1e+36   100.1837   0.0150   1.6287e-04   1.6939e+00   9.6152e-03   3.0412416   134.921   1e+36   24   34.6285   34.6192   27.6437   27.6356   1489.22   1489.24   0.0000e+00
   242911   201.512085   1780.000   1761.624   2.4971   2.5062   3.168970   3.168861   1.1795   -0.00015   1e+36   1e+36   100.1922   0.0150   5.9420e-05   1.6939e+00   3.5079e-03   3.0712416   135.337   1e+36   27   34.6301   34.6190   27.6450   27.6354   1489.20   1489.23   0.0000e+00
   242938   201.512100   1779.000   1760.638   2.4980   2.5066   3.168917   3.168856   1.1800   -0.00027   1e+36   1e+36   100.1881   0.0162   1.7903e-05   1.6939e+00   1.0569e-03   3.0682521   135.253   1e+36   28   34.6290   34.6191   27.6440   27.6354   1489.19   1489.21   0.0000e+00
   242967   201.512115   1778.000   1759.653   2.4987   2.5070   3.168977   3.168850   1.1806   0.00039   1e+36   1e+36   100.1896   0.0205   7.5228e-06   1.6939e+00   4.4411e-04   3.0538254   135.525   1e+36   29   34.6294   34.6190   27.6442   27.6353   1489.18   1489.20   0.0000e+00
   242995   201.512131   1777.000   1758.667   2.5002   2.5084   3.169013   3.168916   1.1813   0.00045   1e+36   1e+36   100.1879   0.0191   -7.796e-08   1.6939e+00   -4.602e-06   3.0512183   135.516   1e+36   27   34.6287   34.6189   27.6436   27.6350   1489.17   1489.19   0.0000e+00
   243020   201.512146   1776.000   1757.682   2.5011   2.5100   3.169038   3.168999   1.1814   0.00042   1e+36   1e+36   100.1898   0.0164   1.0000e-12   1.6939e+00   5.9036e-11   3.0432103   135.020   1e+36   23   34.6286   34.6186   27.6434   27.6347   1489.15   1489.18   0.0000e+00
   243042   201.512146   1775.000   1756.696   2.5025   2.5127   3.169097   3.169166   1.1810   0.00054   1e+36   1e+36   100.1928   0.0143   1.6566e-09   1.6939e+00   9.7799e-08   3.0392201   135.016   1e+36   20   34.6283   34.6183   27.6430   27.6342   1489.14   1489.17   0.0000e+00
   243062   201.512161   1774.000   1755.711   2.5045   2.5144   3.169132   3.169267   1.1812   0.00053   1e+36   1e+36   100.1902   0.0123   1.8911e-04   1.6939e+00   1.1164e-02   3.0495975   135.067   1e+36   20   34.6271   34.6182   27.6420   27.6340   1489.13   1489.16   0.0000e+00
   243082   201.512161   1773.000   1754.725   2.5060   2.5157   3.169273   3.169331   1.1811   0.00004   1e+36   1e+36   100.1837   0.0173   3.3233e-06   1.6939e+00   1.9619e-04   3.0512986   134.919   1e+36   21   34.6277   34.6181   27.6423   27.6338   1489.12   1489.15   0.0000e+00
   243105   201.512177   1772.000   1753.740   2.5083   2.5167   3.169400   3.169376   1.1808   -0.00015   1e+36   1e+36   100.1837   0.0196   3.7922e-05   1.6939e+00   2.2388e-03   3.0541472   134.794   1e+36   26   34.6273   34.6181   27.6418   27.6337   1489.11   1489.14   0.0000e+00
   243132   201.512192   1771.000   1752.754   2.5095   2.5180   3.169474   3.169450   1.1808   -0.00005   1e+36   1e+36   100.1837   0.0302   1.8612e-07   1.6939e+00   1.0988e-05   3.0598037   135.187   1e+36   27   34.6274   34.6181   27.6417   27.6336   1489.10   1489.13   0.0000e+00
   243159   201.512207   1770.000   1751.768   2.5110   2.5190   3.169602   3.169493   1.1815   -0.00019   1e+36   1e+36   100.1837   0.0261   1.0000e-12   1.6939e+00   5.9036e-11   3.0465107   135.561   1e+36   26   34.6279   34.6180   27.6420   27.6334   1489.09   1489.12   0.0000e+00
   243184   201.512222   1769.000   1750.783   2.5110   2.5208   3.169526   3.169579   1.1821   -0.00014   1e+36   1e+36   100.1837   0.0299   1.0000e-12   1.6939e+00   5.9036e-11   3.0536218   135.338   1e+36   24   34.6275   34.6177   27.6417   27.6330   1489.08   1489.11   0.0000e+00
   243208   201.512222   1768.000   1749.797   2.5128   2.5211   3.169652   3.169558   1.1819   0.00041   1e+36   1e+36   100.1837   0.0256   1.0000e-12   1.6939e+00   5.9036e-11   3.0576901   134.879   1e+36   25   34.6276   34.6176   27.6416   27.6329   1489.07   1489.09   0.0000e+00
   243232   201.512238   1767.000   1748.812   2.5134   2.5213   3.169641   3.169523   1.1817   0.00066   1e+36   1e+36   100.1837   0.0165   1.0000e-12   1.6939e+00   5.9036e-11   3.0600007   134.817   1e+36   22   34.6273   34.6175   27.6413   27.6328   1489.05   1489.07   0.0000e+00
   243253   201.512253   1766.000   1747.826   2.5140   2.5219   3.169652   3.169539   1.1812   0.00030   1e+36   1e+36   100.1837   0.0118   1.6751e-12   1.6939e+00   9.8891e-11   3.0793843   134.788   1e+36   21   34.6272   34.6175   27.6412   27.6327   1489.04   1489.06   0.0000e+00
   243273   201.512268   1765.000   1746.840   2.5145   2.5224   3.169661   3.169524   1.1815   -0.00022   1e+36   1e+36   100.1837   0.0203   3.9687e-06   1.6939e+00   2.3430e-04   3.0576761   135.098   1e+36   19   34.6274   34.6173   27.6413   27.6326   1489.02   1489.05   0.0000e+00
   243294   201.512268   1764.000   1745.855   2.5148   2.5224   3.169651   3.169490   1.1816   -0.00026   1e+36   1e+36   100.1868   0.0232   2.7533e-05   1.6939e+00   1.6255e-03   3.0590446   135.060   1e+36   24   34.6274   34.6174   27.6412   27.6326   1489.01   1489.03   0.0000e+00
   243334   201.512283   1763.000   1744.869   2.5138   2.5213   3.169608   3.169361   1.1817   -0.00009   1e+36   1e+36   100.1894   0.0158   1.3712e-05   1.6939e+00   8.0952e-04   3.0607431   135.002   1e+36   43   34.6284   34.6175   27.6421   27.6328   1488.99   1489.01   0.0000e+00
   243394   201.512314   1762.000   1743.884   2.5118   2.5197   3.169448   3.169205   1.1818   0.00010   1e+36   1e+36   100.1891   0.0095   -5.833e-07   1.6939e+00   -3.443e-05   3.0518422   135.162   1e+36   39   34.6291   34.6177   27.6429   27.6331   1488.96   1488.98   0.0000e+00
