data/csp/csp00102.cnv
* Sea-Bird SBE 9 Data File:
* FileName = C:\SEASOFT\CASSIOPEE\data\csp00102.hex
* Software Version Seasave V 7.23.1
* Temperature SN = 1327
* Conductivity SN = 1075
* Number of Bytes Per Scan = 40
* Number of Voltage Words = 5
* Number of Scans Averaged by the Deck Unit = 1
* NMEA Latitude = 19 58.12 S
* NMEA Longitude = 168 00.66 E
* NMEA UTC (Time) = Jul 20 2015 09:28:43
* NMEA baud rate = 4800
** Cruise : CASSIOPEE
** Station : 00102
** Type: PHY
** Bottom Depth: 4780
** Operator:  FM/SC/FP
** Comments:
# nquan = 25                                
# nvalues = 9512                        
# units = specified
# name 0 = scan: Scan Count
# name 1 = timeJ: Julian Days
# name 2 = prDM: Pressure, Digiquartz [db]
# name 3 = depSM: Depth [salt water, m]
# name 4 = t090C: Temperature [ITS-90, deg C]
# name 5 = t190C: Temperature, 2 [ITS-90, deg C]
# name 6 = c0S/m: Conductivity [S/m]
# name 7 = c1S/m: Conductivity, 2 [S/m]
# name 8 = sbeox0V: Oxygen raw, SBE 43 [V]
# name 9 = sbeox0dOV/dT: Oxygen, SBE 43 [dov/dt]
# name 10 = CStarTr0: Beam Transmission, WET Labs C-Star [%]
# name 11 = flC: Fluorescence, Chelsea Aqua 3 Chl Con [ug/l]
# name 12 = par: PAR/Irradiance, Biospherical/Licor
# name 13 = spar: SPAR/Surface Irradiance
# name 14 = cpar: CPAR/Corrected Irradiance [%]
# name 15 = upoly0: Upoly 0, UVP5
# name 16 = sbeox0Mm/Kg: Oxygen, SBE 43 [umol/kg], WS = 2
# name 17 = nbin: number of scans per bin
# name 18 = sal00: Salinity, Practical [PSU]
# name 19 = sal11: Salinity, Practical, 2 [PSU]
# name 20 = sigma-é00: Density [sigma-theta, kg/m^3]
# name 21 = sigma-é11: Density, 2 [sigma-theta, kg/m^3]
# name 22 = svCM: Sound Velocity [Chen-Millero, m/s]
# name 23 = svCM1: Sound Velocity, 2 [Chen-Millero, m/s]
# name 24 = flag: flag
# span 0 =        540,     328925       
# span 1 = 201.395203, 201.553558       
# span 2 =      0.000,   4758.000       
# span 3 = 7.0663e-07,   4676.804       
# span 4 =     1.8270,    23.5794       
# span 5 =     1.8323,    23.5778       
# span 6 =   3.158437,   5.248310       
# span 7 =   3.158154,   5.247080       
# span 8 =     0.9738,     2.5379       
# span 9 =   -0.01944,    0.01964       
# span 10 =    78.3344,   100.2298      
# span 11 =    -0.0143,     0.2397      
# span 12 = -4.344e-05, 1.9278e-01      
# span 13 = -1.085e-02, 1.7835e+00      
# span 14 = -5.288e+03, 1.0064e+05      
# span 15 =  2.8877313,  43.919262      
# span 16 =    133.444,    201.723      
# span 17 =         11,         70      
# span 18 =    34.3677,    35.7960      
# span 19 =    34.3874,    35.7907      
# span 20 =    24.1465,    27.7619      
# span 21 =    24.1138,    27.7565      
# span 22 =    1483.51,    1537.66      
# span 23 =    1483.54,    1537.66      
# span 24 = 0.0000e+00, 0.0000e+00      
# interval = decibars: 1                
# start_time = Jul 20 2015 09:28:43 [System UTC, header]
# bad_flag = -9.990e-29
*END*
[from data line 6860]
   213702   201.498001   2651.000   2618.299   1.9614   1.9679   3.160817   3.160558   1.1169   -0.00001   1e+36   1e+36   100.2102   0.0204   1.8587e-03   1.6939e+00   1.0973e-01   3.1118691   139.428   1e+36   22   34.6805   34.6704   27.7338   27.7252   1501.64   1501.65   0.0000e+00
   213727   201.498016   2650.000   2617.317   1.9614   1.9679   3.160809   3.160522   1.1169   0.00011   1e+36   1e+36   100.2102   0.0196   2.2306e-03   1.6939e+00   1.3168e-01   3.0976601   139.377   1e+36   30   34.6808   34.6705   27.7341   27.7253   1501.62   1501.64   0.0000e+00
   213763   201.498032   2649.000   2616.335   1.9611   1.9671   3.160743   3.160425   1.1168   -0.00002   1e+36   1e+36   100.2102   0.0163   4.9918e-03   1.6939e+00   2.9469e-01   3.1091480   139.177   1e+36   39   34.6809   34.6706   27.7341   27.7254   1501.60   1501.62   0.0000e+00
   213795   201.498047   2648.000   2615.354   1.9611   1.9678   3.160709   3.160440   1.1167   0.00005   1e+36   1e+36   100.2102   0.0138   4.6916e-03   1.6939e+00   2.7697e-01   3.1264143   139.277   1e+36   23   34.6810   34.6705   27.7341   27.7252   1501.59   1501.60   0.0000e+00
   213815   201.498062   2647.000   2614.372   1.9621   1.9688   3.160692   3.160474   1.1167   -0.00012   1e+36   1e+36   100.2102   0.0194   4.2167e-03   1.6939e+00   2.4893e-01   3.1143177   139.249   1e+36   18   34.6801   34.6703   27.7334   27.7250   1501.57   1501.59   0.0000e+00
   213833   201.498062   2646.000   2613.391   1.9625   1.9690   3.160697   3.160467   1.1167   0.00008   1e+36   1e+36   100.2102   0.0170   2.9151e-03   1.6939e+00   1.7209e-01   3.1237466   139.205   1e+36   19   34.6802   34.6704   27.7335   27.7251   1501.56   1501.57   0.0000e+00
   213854   201.498077   2645.000   2612.409   1.9628   1.9689   3.160703   3.160429   1.1167   0.00016   1e+36   1e+36   100.2102   0.0168   1.4193e-03   1.6939e+00   8.3787e-02   3.1282382   139.165   1e+36   23   34.6805   34.6705   27.7336   27.7252   1501.54   1501.56   0.0000e+00
   213883   201.498093   2644.000   2611.427   1.9625   1.9685   3.160681   3.160347   1.1168   -0.00009   1e+36   1e+36   100.2102   0.0205   8.1068e-05   1.6939e+00   4.7859e-03   3.1166725   139.341   1e+36   35   34.6809   34.6704   27.7340   27.7251   1501.52   1501.54   0.0000e+00
   213916   201.498108   2643.000   2610.446   1.9621   1.9686   3.160612   3.160324   1.1169   -0.00016   1e+36   1e+36   100.2063   0.0210   2.7509e-04   1.6939e+00   1.6240e-02   3.1144586   139.418   1e+36   28   34.6810   34.6705   27.7341   27.7252   1501.51   1501.52   0.0000e+00
   213939   201.498108   2642.000   2609.464   1.9630   1.9700   3.160597   3.160384   1.1171   -0.00001   1e+36   1e+36   100.2070   0.0126   3.1084e-04   1.6939e+00   1.8351e-02   3.1058116   139.386   1e+36   22   34.6803   34.6703   27.7335   27.7249   1501.49   1501.51   0.0000e+00
   213961   201.498123   2641.000   2608.482   1.9646   1.9709   3.160645   3.160416   1.1172   0.00014   1e+36   1e+36   100.2075   0.0212   2.4094e-03   1.6939e+00   1.4224e-01   3.0964031   139.340   1e+36   22   34.6797   34.6702   27.7328   27.7247   1501.48   1501.50   0.0000e+00
   213988   201.498138   2640.000   2607.501   1.9641   1.9713   3.160661   3.160418   1.1175   0.00017   1e+36   1e+36   100.2043   0.0210   1.6645e-03   1.6939e+00   9.8266e-02   3.1167500   139.451   1e+36   33   34.6808   34.6702   27.7338   27.7247   1501.46   1501.48   0.0000e+00
   214025   201.498154   2639.000   2606.519   1.9632   1.9702   3.160561   3.160288   1.1174   0.00009   1e+36   1e+36   100.2104   0.0174   8.9003e-04   1.6939e+00   5.2544e-02   3.1051998   139.348   1e+36   37   34.6810   34.6703   27.7340   27.7248   1501.44   1501.46   0.0000e+00
   214057   201.498169   2638.000   2605.538   1.9645   1.9725   3.160549   3.160439   1.1176   0.00021   1e+36   1e+36   100.2102   0.0183   1.9541e-03   1.6939e+00   1.1536e-01   3.1004493   139.358   1e+36   28   34.6800   34.6702   27.7331   27.7246   1501.43   1501.45   0.0000e+00
   214083   201.498184   2637.000   2604.556   1.9673   1.9744   3.160679   3.160562   1.1178   -0.00003   1e+36   1e+36   100.2102   0.0261   1.1747e-03   1.6939e+00   6.9346e-02   3.1032233   139.406   1e+36   25   34.6791   34.6701   27.7322   27.7244   1501.42   1501.44   0.0000e+00
   214107   201.498199   2636.000   2603.574   1.9683   1.9750   3.160789   3.160573   1.1178   0.00017   1e+36   1e+36   100.2102   0.0241   1.3068e-03   1.6939e+00   7.7145e-02   3.1322813   139.529   1e+36   24   34.6799   34.6701   27.7327   27.7243   1501.41   1501.43   0.0000e+00
   214133   201.498215   2635.000   2602.593   1.9681   1.9751   3.160734   3.160553   1.1181   0.00009   1e+36   1e+36   100.2102   0.0261   1.9835e-03   1.6939e+00   1.1709e-01   3.1079743   139.441   1e+36   28   34.6798   34.6701   27.7326   27.7243   1501.39   1501.41   0.0000e+00
   214163   201.498230   2634.000   2601.611   1.9688   1.9753   3.160772   3.160516   1.1183   0.00013   1e+36   1e+36   100.2102   0.0270   3.0185e-03   1.6939e+00   1.7820e-01   3.1125200   139.376   1e+36   31   34.6801   34.6700   27.7328   27.7242   1501.38   1501.40   0.0000e+00
   214193   201.498230   2633.000   2600.629   1.9685   1.9758   3.160726   3.160520   1.1181   0.00021   1e+36   1e+36   100.2102   0.0248   2.5909e-03   1.6939e+00   1.5295e-01   3.1258810   139.282   1e+36   29   34.6803   34.6700   27.7329   27.7241   1501.36   1501.38   0.0000e+00
   214220   201.498245   2632.000   2599.647   1.9700   1.9768   3.160744   3.160555   1.1181   0.00008   1e+36   1e+36   100.2102   0.0254   5.9226e-04   1.6939e+00   3.4964e-02   3.0913095   139.172   1e+36   24   34.6794   34.6698   27.7321   27.7239   1501.35   1501.37   0.0000e+00
   214242   201.498260   2631.000   2598.666   1.9713   1.9779   3.160787   3.160614   1.1183   -0.00007   1e+36   1e+36   100.2102   0.0165   2.7849e-03   1.6939e+00   1.6441e-01   3.1024828   139.297   1e+36   21   34.6789   34.6699   27.7316   27.7239   1501.34   1501.36   0.0000e+00
   214263   201.498276   2630.000   2597.684   1.9717   1.9786   3.160816   3.160640   1.1179   -0.00000   1e+36   1e+36   100.2102   0.0151   1.3423e-03   1.6939e+00   7.9241e-02   3.0999031   138.924   1e+36   21   34.6794   34.6698   27.7320   27.7238   1501.32   1501.34   0.0000e+00
   214284   201.498276   2629.000   2596.702   1.9720   1.9792   3.160809   3.160639   1.1179   -0.00007   1e+36   1e+36   100.2102   0.0169   2.3630e-03   1.6939e+00   1.3950e-01   3.1035624   139.096   1e+36   23   34.6795   34.6697   27.7320   27.7237   1501.31   1501.33   0.0000e+00
   214310   201.498291   2628.000   2595.721   1.9725   1.9793   3.160830   3.160624   1.1179   -0.00002   1e+36   1e+36   100.2102   0.0187   3.1994e-03   1.6939e+00   1.8888e-01   3.1014543   139.122   1e+36   28   34.6797   34.6699   27.7321   27.7238   1501.29   1501.31   0.0000e+00
   214339   201.498306   2627.000   2594.739   1.9723   1.9796   3.160803   3.160596   1.1179   -0.00025   1e+36   1e+36   100.2102   0.0190   2.4138e-03   1.6939e+00   1.4250e-01   3.1079476   139.348   1e+36   27   34.6800   34.6696   27.7324   27.7235   1501.28   1501.30   0.0000e+00
   214364   201.498322   2626.000   2593.757   1.9728   1.9800   3.160769   3.160590   1.1184   0.00004   1e+36   1e+36   100.2102   0.0198   1.5179e-03   1.6939e+00   8.9611e-02   3.1114836   139.675   1e+36   23   34.6795   34.6696   27.7320   27.7235   1501.26   1501.28   0.0000e+00
   214386   201.498337   2625.000   2592.776   1.9741   1.9806   3.160800   3.160589   1.1189   0.00027   1e+36   1e+36   100.2102   0.0220   1.3678e-03   1.6939e+00   8.0747e-02   3.0956686   139.908   1e+36   23   34.6789   34.6695   27.7314   27.7233   1501.25   1501.27   0.0000e+00
   214411   201.498337   2624.000   2591.794   1.9740   1.9805   3.160815   3.160543   1.1191   0.00022   1e+36   1e+36   100.2102   0.0243   1.6326e-03   1.6939e+00   9.6380e-02   3.1173332   139.388   1e+36   29   34.6797   34.6695   27.7320   27.7233   1501.23   1501.25   0.0000e+00
   214448   201.498367   2623.000   2590.812   1.9731   1.9796   3.160737   3.160440   1.1192   0.00042   1e+36   1e+36   100.2102   0.0201   6.1760e-04   1.6939e+00   3.6460e-02   3.1186569   139.361   1e+36   41   34.6802   34.6696   27.7324   27.7235   1501.21   1501.23   0.0000e+00
   214483   201.498383   2622.000   2589.831   1.9736   1.9801   3.160698   3.160439   1.1191   0.00006   1e+36   1e+36   100.2102   0.0173   5.6245e-04   1.6939e+00   3.3204e-02   3.0969014   139.253   1e+36   30   34.6796   34.6696   27.7320   27.7234   1501.20   1501.21   0.0000e+00
   214512   201.498398   2621.000   2588.849   1.9745   1.9813   3.160722   3.160492   1.1191   0.00013   1e+36   1e+36   100.2102   0.0211   3.8473e-03   1.6939e+00   2.2713e-01   3.1251359   139.261   1e+36   30   34.6795   34.6695   27.7318   27.7232   1501.18   1501.20   0.0000e+00
   214543   201.498413   2620.000   2587.867   1.9749   1.9814   3.160729   3.160466   1.1190   -0.00005   1e+36   1e+36   100.2102   0.0186   3.2720e-03   1.6939e+00   1.9316e-01   3.0931563   139.127   1e+36   30   34.6796   34.6695   27.7318   27.7232   1501.17   1501.18   0.0000e+00
   214571   201.498413   2619.000   2586.885   1.9747   1.9821   3.160691   3.160489   1.1191   -0.00003   1e+36   1e+36   100.2102   0.0142   1.6269e-03   1.6939e+00   9.6046e-02   3.1070471   139.353   1e+36   25   34.6799   34.6695   27.7320   27.7232   1501.15   1501.17   0.0000e+00
   214595   201.498428   2618.000   2585.904   1.9758   1.9823   3.160691   3.160458   1.1190   0.00012   1e+36   1e+36   100.2102   0.0183   2.0187e-03   1.6939e+00   1.1917e-01   3.1117542   139.050   1e+36   24   34.6791   34.6694   27.7314   27.7231   1501.14   1501.15   0.0000e+00
   214618   201.498444   2617.000   2584.922   1.9763   1.9830   3.160715   3.160489   1.1189   -0.00030   1e+36   1e+36   100.2102   0.0224   2.3850e-03   1.6939e+00   1.4080e-01   3.1217375   138.994   1e+36   24   34.6793   34.6694   27.7315   27.7230   1501.12   1501.14   0.0000e+00
   214644   201.498459   2616.000   2583.940   1.9770   1.9840   3.160709   3.160532   1.1189   0.00004   1e+36   1e+36   100.2102   0.0230   1.4475e-03   1.6939e+00   8.5453e-02   3.1123745   139.315   1e+36   28   34.6790   34.6693   27.7312   27.7229   1501.11   1501.13   0.0000e+00
   214672   201.498474   2615.000   2582.958   1.9777   1.9842   3.160754   3.160509   1.1191   -0.00015   1e+36   1e+36   100.2102   0.0198   3.7205e-03   1.6939e+00   2.1964e-01   3.1013923   139.164   1e+36   27   34.6792   34.6693   27.7313   27.7228   1501.10   1501.11   0.0000e+00
   214697   201.498474   2614.000   2581.977   1.9779   1.9848   3.160730   3.160507   1.1191   -0.00010   1e+36   1e+36   100.2102   0.0201   2.8523e-03   1.6939e+00   1.6839e-01   3.1094856   139.112   1e+36   21   34.6793   34.6692   27.7313   27.7227   1501.08   1501.10   0.0000e+00
   214716   201.498489   2613.000   2580.995   1.9786   1.9853   3.160697   3.160503   1.1191   0.00027   1e+36   1e+36   100.2102   0.0211   1.9600e-03   1.6939e+00   1.1571e-01   3.0805688   139.090   1e+36   18   34.6786   34.6691   27.7307   27.7226   1501.06   1501.08   0.0000e+00
   214733   201.498505   2612.000   2580.013   1.9785   1.9858   3.160693   3.160509   1.1191   0.00010   1e+36   1e+36   100.2102   0.0220   5.4895e-04   1.6939e+00   3.2407e-02   3.1167114   139.072   1e+36   16   34.6790   34.6690   27.7311   27.7225   1501.05   1501.07   0.0000e+00
   214749   201.498505   2611.000   2579.031   1.9794   1.9860   3.160672   3.160484   1.1191   -0.00014   1e+36   1e+36   100.2102   0.0216   1.7192e-03   1.6939e+00   1.0149e-01   3.1048162   139.050   1e+36   17   34.6784   34.6690   27.7304   27.7224   1501.03   1501.05   0.0000e+00
   214767   201.498520   2610.000   2578.050   1.9796   1.9861   3.160702   3.160463   1.1191   0.00012   1e+36   1e+36   100.2102   0.0212   1.7757e-03   1.6939e+00   1.0483e-01   3.1255226   139.028   1e+36   19   34.6790   34.6692   27.7309   27.7226   1501.02   1501.03   0.0000e+00
   214794   201.498520   2609.000   2577.068   1.9794   1.9858   3.160678   3.160401   1.1190   0.00004   1e+36   1e+36   100.2102   0.0170   1.7547e-03   1.6939e+00   1.0359e-01   3.1218135   139.013   1e+36   32   34.6793   34.6692   27.7312   27.7226   1501.00   1501.02   0.0000e+00
   214873   201.498566   2608.000   2576.086   1.9783   1.9845   3.160589   3.160256   1.1191   0.00005   1e+36   1e+36   100.2102   0.0174   1.8197e-03   1.6939e+00   1.0743e-01   3.1285591   139.015   1e+36   40   34.6799   34.6692   27.7317   27.7227   1500.98   1500.99   0.0000e+00
   214898   201.498581   2607.000   2575.104   1.9787   1.9852   3.160545   3.160269   1.1191   0.00003   1e+36   1e+36   100.2102   0.0205   1.4350e-03   1.6939e+00   8.4718e-02   3.0956087   139.026   1e+36   26   34.6794   34.6691   27.7313   27.7225   1500.96   1500.98   0.0000e+00
   214924   201.498596   2606.000   2574.122   1.9791   1.9855   3.160534   3.160259   1.1191   0.00049   1e+36   1e+36   100.2102   0.0214   1.7931e-03   1.6939e+00   1.0586e-01   3.1201601   139.046   1e+36   25   34.6793   34.6691   27.7311   27.7225   1500.95   1500.96   0.0000e+00
   214948   201.498596   2605.000   2573.141   1.9794   1.9857   3.160521   3.160234   1.1193   -0.00045   1e+36   1e+36   100.2102   0.0157   5.8435e-04   1.6939e+00   3.4497e-02   3.0839651   139.181   1e+36   23   34.6793   34.6691   27.7312   27.7225   1500.93   1500.95   0.0000e+00
   214971   201.498611   2604.000   2572.159   1.9795   1.9863   3.160499   3.160233   1.1194   0.00001   1e+36   1e+36   100.2102   0.0196   2.0411e-03   1.6939e+00   1.2050e-01   3.0876606   139.123   1e+36   22   34.6794   34.6690   27.7312   27.7223   1500.92   1500.93   0.0000e+00
   214992   201.498627   2603.000   2571.177   1.9799   1.9875   3.160468   3.160282   1.1195   0.00004   1e+36   1e+36   100.2106   0.0211   2.5408e-03   1.6939e+00   1.5000e-01   3.1044657   138.962   1e+36   20   34.6790   34.6687   27.7309   27.7220   1500.90   1500.92   0.0000e+00
   215012   201.498627   2602.000   2570.195   1.9812   1.9880   3.160501   3.160291   1.1193   0.00017   1e+36   1e+36   100.2086   0.0178   1.0441e-03   1.6939e+00   6.1636e-02   3.0907969   138.759   1e+36   21   34.6786   34.6688   27.7304   27.7220   1500.89   1500.91   0.0000e+00
   215034   201.498642   2601.000   2569.213   1.9820   1.9886   3.160543   3.160303   1.1192   0.00013   1e+36   1e+36   100.2068   0.0168   1.9527e-03   1.6939e+00   1.1528e-01   3.0957172   138.785   1e+36   23   34.6787   34.6687   27.7304   27.7220   1500.88   1500.89   0.0000e+00
   215057   201.498657   2600.000   2568.231   1.9823   1.9891   3.160531   3.160298   1.1191   0.00005   1e+36   1e+36   100.2010   0.0209   7.9593e-04   1.6939e+00   4.6988e-02   3.1165214   138.683   1e+36   23   34.6787   34.6686   27.7304   27.7218   1500.86   1500.88   0.0000e+00
   215080   201.498657   2599.000   2567.250   1.9829   1.9898   3.160540   3.160319   1.1190   -0.00019   1e+36   1e+36   100.2045   0.0253   1.0170e-03   1.6939e+00   6.0038e-02   3.1117091   138.774   1e+36   23   34.6787   34.6686   27.7304   27.7217   1500.85   1500.86   0.0000e+00
   215103   201.498672   2598.000   2566.268   1.9834   1.9899   3.160538   3.160292   1.1190   -0.00003   1e+36   1e+36   100.2088   0.0210   3.2981e-03   1.6939e+00   1.9471e-01   3.0998111   138.782   1e+36   24   34.6786   34.6686   27.7302   27.7217   1500.83   1500.85   0.0000e+00
