data/csp/csp00201.cnv
* Sea-Bird SBE 9 Data File:
* FileName = C:\SEASOFT\CASSIOPEE\data\csp00201.hex
* Software Version Seasave V 7.23.1
* Temperature SN = 1328
* Conductivity SN = 1075
* Number of Bytes Per Scan = 40
* Number of Voltage Words = 5
* Number of Scans Averaged by the Deck Unit = 1
* NMEA Latitude = 10 59.65 S
* NMEA Longitude = 164 34.91 E
* NMEA UTC (Time) = Jul 24 2015 06:10:13
* NMEA baud rate = 4800
** Cruise : CASSIOPEE
** Station : 00201
** Type: PHY
** Bottom Depth: 6127
** Operator:  ESL, GE
** Comments:
# nquan = 28                                
# nvalues = 4002                        
# units = specified
# name 0 = scan: Scan Count
# name 1 = timeJ: Julian Days
# name 2 = prDM: Pressure, Digiquartz [db]
# name 3 = depSM: Depth [salt water, m]
# name 4 = t090C: Temperature [ITS-90, deg C]
# name 5 = t190C: Temperature, 2 [ITS-90, deg C]
# name 6 = c0S/m: Conductivity [S/m]
# name 7 = c1S/m: Conductivity, 2 [S/m]
# name 8 = sbeox0V: Oxygen raw, SBE 43 [V]
# name 9 = sbeox0dOV/dT: Oxygen, SBE 43 [dov/dt]
# name 10 = sbeox1V: Oxygen raw, SBE 43, 2 [V]
# name 11 = sbeox1dOV/dT: Oxygen, SBE 43, 2 [dov/dt]
# name 12 = CStarTr0: Beam Transmission, WET Labs C-Star [%]
# name 13 = flC: Fluorescence, Chelsea Aqua 3 Chl Con [ug/l]
# name 14 = par: PAR/Irradiance, Biospherical/Licor
# name 15 = spar: SPAR/Surface Irradiance
# name 16 = cpar: CPAR/Corrected Irradiance [%]
# name 17 = upoly0: Upoly 0, UVP5
# name 18 = sbeox0Mm/Kg: Oxygen, SBE 43 [umol/kg], WS = 2
# name 19 = sbeox1Mm/Kg: Oxygen, SBE 43, 2 [umol/kg], WS = 2
# name 20 = nbin: number of scans per bin
# name 21 = sal00: Salinity, Practical [PSU]
# name 22 = sal11: Salinity, Practical, 2 [PSU]
# name 23 = sigma-é00: Density [sigma-theta, kg/m^3]
# name 24 = sigma-é11: Density, 2 [sigma-theta, kg/m^3]
# name 25 = svCM: Sound Velocity [Chen-Millero, m/s]
# name 26 = svCM1: Sound Velocity, 2 [Chen-Millero, m/s]
# name 27 = flag: flag
# span 0 =        -20,     167599       
# span 1 = 205.257034, 205.337875       
# span 2 =      4.000,   2006.000       
# span 3 =      3.977,   1985.077       
# span 4 =     2.3465,    28.1733       
# span 5 =     2.3456,    28.1725       
# span 6 =   3.164987,   5.613231       
# span 7 =   3.164366,   5.612145       
# span 8 =     1.1067,     2.4405       
# span 9 =   -0.05630,    0.07549       
# span 10 =     1.1648,     2.6083      
# span 11 =   -0.06376,    0.07126      
# span 12 =    88.0248,    90.8708      
# span 13 =    -0.0056,     0.4997      
# span 14 = -3.890e-05, 3.7860e+01      
# span 15 = 1.1025e+00, 2.2719e+02      
# span 16 = -1.412e+03, 3.4911e+04      
# span 17 =  2.6336904,  71.509819      
# span 18 =    105.419,    184.436      
# span 19 =    108.710,    192.132      
# span 20 =          6,         73      
# span 21 =    34.4860,    35.8078      
# span 22 =    34.4805,    35.7943      
# span 23 =    22.0526,    27.6596      
# span 24 =    22.0489,    27.6543      
# span 25 =    1483.37,    1542.41      
# span 26 =    1483.38,    1542.41      
# span 27 = 0.0000e+00, 0.0000e+00      
# interval = decibars: 1                
# start_time = Jul 24 2015 06:10:09 [System UTC, header]
# bad_flag = -9.990e-29
*END*
[from data line 3988]
     166579 205.337387     17.000     16.903    28.1444    28.1436   5.584069   5.583689     2.4277    0.00356     2.5993    0.00122    88.4561     0.4226 1.0000e-12 1.3359e+00 2.1134e+04  3.0507231    183.322    191.309         33    34.6175    34.6154    22.0611    22.0598    1541.53    1541.53 0.0000e+00
     166688 205.337433     16.000     15.908    28.1447    28.1423   5.584075   5.583542     2.4278    0.00020     2.5977   -0.00268    88.4748     0.4197 1.0000e-12 1.2306e+00 2.7352e+04  3.0865242    183.381    191.098         44    34.6175    34.6156    22.0610    22.0603    1541.51    1541.51 0.0000e+00
     166725 205.337448     15.000     14.914    28.1432    28.1414   5.583849   5.583383     2.4294   -0.00122     2.5961   -0.00069    88.4709     0.4188 1.0000e-12 1.6944e+00 -3.209e+01  3.0700259    183.609    190.721         26    34.6174    34.6154    22.0613    22.0604    1541.49    1541.49 0.0000e+00
     166751 205.337463     14.000     13.920    28.1424    28.1414   5.583740   5.583312     2.4312   -0.00035     2.5942    0.00139    88.4812     0.4118 1.0000e-12 1.6939e+00 2.2346e-04  3.1363575    183.586    190.712         28    34.6175    34.6153    22.0615    22.0602    1541.47    1541.47 0.0000e+00
     166782 205.337479     13.000     12.926    28.1429    28.1419   5.583719   5.583306     2.4294    0.00154     2.5968   -0.00110    88.4914     0.4097 1.0000e-12 1.6939e+00 5.9036e-11  3.1188953    183.276    191.148         33    34.6173    34.6151    22.0612    22.0599    1541.46    1541.45 0.0000e+00
     166815 205.337494     12.000     11.931    28.1429    28.1410   5.583612   5.583074     2.4299    0.00082     2.6004   -0.00090    88.4579     0.4193 1.0000e-12 1.6939e+00 5.9036e-11  3.0511289    183.582    191.375         33    34.6169    34.6144    22.0608    22.0595    1541.44    1541.43 0.0000e+00
     166863 205.337524     11.000     10.937    28.1420    28.1396   5.583473   5.582885     2.4298   -0.00122     2.6015    0.00231    88.4289     0.4072 1.1333e-03 1.6939e+00 6.0176e-02  3.0754128    183.425    191.281         36    34.6168    34.6145    22.0609    22.0600    1541.42    1541.41 0.0000e+00
     166964 205.337570     10.000      9.943    28.1415    28.1393   5.583412   5.582852     2.4284   -0.00318     2.6003    0.00033    88.4505     0.4002 2.2651e-02 1.6939e+00 1.3334e+00  3.0590491    183.511    191.346         20    34.6170    34.6147    22.0612    22.0602    1541.41    1541.40 0.0000e+00
     166980 205.337570      9.000      8.949    28.1399    28.1382   5.583133   5.582653     2.4276   -0.00488     2.6003   -0.00351    88.4393     0.4192 3.7831e-02 1.6939e+00 2.2242e+00  3.0674686    183.139    191.194         17    34.6166    34.6145    22.0613    22.0602    1541.38    1541.38 0.0000e+00
     166999 205.337585      8.000      7.954    28.1395    28.1378   5.583053   5.582578     2.4285   -0.00178     2.6010   -0.00078    88.4596     0.4079 5.7026e-02 1.6939e+00 3.3672e+00  3.0716519    183.369    191.180         23    34.6166    34.6145    22.0614    22.0603    1541.37    1541.36 0.0000e+00
     167161 205.337662      7.000      6.960    28.1376    28.1365   5.582791   5.582400     2.4338    0.00283     2.6051   -0.00045    88.4604     0.3987 1.0436e-01 1.6939e+00 6.1788e+00  3.0844576    183.836    191.635         39    34.6165    34.6145    22.0618    22.0607    1541.35    1541.34 0.0000e+00
     167203 205.337677      6.000      5.966    28.1372    28.1350   5.582736   5.582178     2.4375    0.00101     2.6062   -0.00108    88.4527     0.4009 1.4462e-01 1.6939e+00 8.6369e+00  3.0779965    184.243    191.538         26    34.6166    34.6144    22.0620    22.0610    1541.33    1541.32 0.0000e+00
     167305 205.337738      5.000      4.972    28.1363    28.1342   5.582585   5.582051     2.4365    0.00039     2.6041    0.00094    88.4332     0.4158 2.0002e-01 1.5028e+00 1.1292e+04  3.0770829    183.766    191.359         41    34.6166    34.6144    22.0622    22.0612    1541.31    1541.30 0.0000e+00
     167599 205.337875      4.000      3.977    28.1347    28.1332   5.582383   5.581902     2.4296   -0.00135     2.6009   -0.00066    88.4111     0.4142 3.6493e-01 1.3387e+00 2.0989e+04  3.0427291    183.045    190.855         42    34.6166    34.6143    22.0626    22.0614    1541.29    1541.28 0.0000e+00
