data/CTD/abra2/abra2002.cnv
* Sea-Bird SBE 9 Data File:
* FileName = C:\SEASOFT\ABRACOS2\data\abra2002.hex
* Software Version Seasave V 7.26.1.8
* Temperature SN = 6083
* Conductivity SN = 4355
* Number of Bytes Per Scan = 48
* Number of Voltage Words = 5
* Number of Scans Averaged by the Deck Unit = 1
* NMEA Latitude = 08 51.05 S
* NMEA Longitude = 034 43.46 W
* NMEA UTC (Time) = Apr 09 2017 20:43:25
** Cruise: ABRACOS2
** Ship: ANTEA
** Station: 2
** Bottom Depth: 1336
** Pressure frequency switch pos 2 before station:
** Pressure frequency switch pos 2 after station:
** Operator: JG
** Comments:
# nquan = 30
# nvalues = 1510                        
# units = specified
# name 0 = scan: Scan Count
# name 1 = timeJ: Julian Days
# name 2 = prDM: Pressure, Digiquartz [db]
# name 3 = depSM: Depth [salt water, m]
# name 4 = t090C: Temperature [ITS-90, deg C]
# name 5 = t190C: Temperature, 2 [ITS-90, deg C]
# name 6 = c0S/m: Conductivity [S/m]
# name 7 = c1S/m: Conductivity, 2 [S/m]
# name 8 = sbeox0V: Oxygen raw, SBE 43 [V]
# name 9 = sbeox1V: Oxygen raw, SBE 43, 2 [V]
# name 10 = sbox1dV/dT: Oxygen, SBE 43, 2 [dov/dt]
# name 11 = sbox0dV/dT: Oxygen, SBE 43 [dov/dt]
# name 12 = flECO-AFL: Fluorescence, WET Labs ECO-AFL/FL [mg/m^3]
# name 13 = CStarTr0: Beam Transmission, WET Labs C-Star [%]
# name 14 = par: PAR/Irradiance, Biospherical/Licor
# name 15 = spar: SPAR/Surface Irradiance
# name 16 = cpar: CPAR/Corrected Irradiance [%]
# name 17 = altM: Altimeter [m]
# name 18 = sbox0Mm/Kg: Oxygen, SBE 43 [umol/kg], WS = 2
# name 19 = sbeox0ML/L: Oxygen, SBE 43 [ml/l], WS = 2
# name 20 = sbox1Mm/Kg: Oxygen, SBE 43, 2 [umol/kg], WS = 2
# name 21 = sbeox1ML/L: Oxygen, SBE 43, 2 [ml/l], WS = 2
# name 22 = sal00: Salinity, Practical [PSU]
# name 23 = sal11: Salinity, Practical, 2 [PSU]
# name 24 = sigma-é00: Density [sigma-theta, kg/m^3]
# name 25 = sigma-é11: Density, 2 [sigma-theta, kg/m^3]
# name 26 = svCM: Sound Velocity [Chen-Millero, m/s]
# name 27 = svCM1: Sound Velocity, 2 [Chen-Millero, m/s]
# name 28 = nbin: number of scans per bin
# name 29 = flag: flag
# span 0 =        339,      48463       
# span 1 =  99.863659,  99.886867       
# span 2 =      1.000,    756.000       
# span 3 =      0.969,    750.386       
# span 4 =     5.1700,    28.6671       
# span 5 =     5.1685,    28.6653       
# span 6 =   3.342582,   6.041805       
# span 7 =   3.342273,   6.041146       
# span 8 =     1.9450,     3.0814       
# span 9 =     1.5157,     3.0001       
# span 10 =   -0.05166,    0.07898      
# span 11 =   -0.01753,    0.02307      
# span 12 =    -0.1438,     0.9835      
# span 13 =    86.8251,    99.5164      
# span 14 = 1.0000e-12, 1.3513e-02      
# span 15 = 0.0000e+00, 0.0000e+00      
# span 16 = 9.9999e+04, 9.9999e+04      
# span 17 =     -18.22,     100.92      
# span 18 =    172.058,    196.587      
# span 19 =     3.9561,     4.5101      
# span 20 =    117.084,    349.434      
# span 21 =     2.6913,     8.0367      
# span 22 =    34.3994,    37.5282      
# span 23 =    34.3976,    37.5288      
# span 24 =    23.7757,    27.1869      
# span 25 =    23.7738,    27.1854      
# span 26 =    1482.89,    1546.03      
# span 27 =    1482.88,    1546.02      
# span 28 =         12,        153      
# span 29 = 0.0000e+00, 0.0000e+00      
# interval = decibars: 1                
# start_time = Apr 09 2017 20:43:26 [System UTC, first data scan.]
# bad_flag = -9.990e-29
*END*
[from data line 822]
      21211  99.873726    688.000    683.002     5.4456     5.4452   3.365382   3.365221     1.9633     2.8992    0.01254   -0.00006    -0.1128    97.0732 1.0000e-12 0.0000e+00 9.9999e+04      98.78    184.696     4.2479    332.227     7.6411    34.4123    34.4108    27.1638    27.1626    1483.09    1483.09         34 0.0000e+00
      21244  99.873741    687.000    682.015     5.4491     5.4506   3.365682   3.365690     1.9635     2.8995   -0.00331    0.00033    -0.0947    97.0592 1.0000e-12 0.0000e+00 9.9999e+04      98.78    184.699     4.2480    325.749     7.4921    34.4126    34.4112    27.1636    27.1623    1483.09    1483.09         29 0.0000e+00
      21268  99.873749    686.000    681.022     5.4544     5.4559   3.366125   3.366137     1.9641     2.8872   -0.00458    0.00040    -0.1146    97.0354 1.0000e-12 0.0000e+00 9.9999e+04      98.78    184.794     4.2502    331.713     7.6293    34.4128    34.4113    27.1631    27.1617    1483.10    1483.10         22 0.0000e+00
      21289  99.873764    685.000    680.027     5.4606     5.4597   3.366648   3.366439     1.9644     2.8988    0.00401    0.00018    -0.1134    97.0087 1.0000e-12 0.0000e+00 9.9999e+04      98.78    184.713     4.2483    336.404     7.7372    34.4129    34.4114    27.1624    27.1614    1483.10    1483.10         20 0.0000e+00
      21311  99.873772    684.000    679.036     5.4661     5.4657   3.367103   3.366956     1.9646     2.9022   -0.00908    0.00024    -0.0868    97.0101 1.0000e-12 0.0000e+00 9.9999e+04      98.78    184.664     4.2472    331.987     7.6355    34.4129    34.4116    27.1618    27.1608    1483.11    1483.11         22 0.0000e+00
      21334  99.873787    683.000    678.039     5.4741     5.4751   3.367815   3.367820     1.9651     2.9038   -0.00291    0.00049    -0.1137    96.9708 1.0000e-12 0.0000e+00 9.9999e+04      98.78    184.823     4.2508    331.738     7.6298    34.4134    34.4124    27.1611    27.1602    1483.13    1483.13         26 0.0000e+00
      21363  99.873795    682.000    677.054     5.4902     5.4887   3.369271   3.369030     1.9659     2.8872    0.00738    0.00030    -0.1138    96.9115 1.0000e-12 0.0000e+00 9.9999e+04      98.78    184.803     4.2504    324.304     7.4588    34.4141    34.4128    27.1598    27.1589    1483.18    1483.17         31 0.0000e+00
      21393  99.873810    681.000    676.062     5.4994     5.5024   3.370087   3.370265     1.9668     2.9091    0.00133    0.00045    -0.1140    96.9276 1.0000e-12 0.0000e+00 9.9999e+04      98.78    184.891     4.2524    347.376     7.9895    34.4144    34.4134    27.1589    27.1577    1483.20    1483.21         29 0.0000e+00
      21427  99.873825    680.000    675.070     5.5009     5.5057   3.370174   3.370487     1.9680     2.9323   -0.00848    0.00070    -0.1003    96.8931 1.0000e-12 0.0000e+00 9.9999e+04      98.78    184.937     4.2535    339.039     7.7977    34.4144    34.4131    27.1587    27.1571    1483.19    1483.20         41 0.0000e+00
      21465  99.873848    679.000    674.090     5.5084     5.5082   3.370833   3.370691     1.9683     2.9239    0.02945    0.00076    -0.1181    96.8529 1.0000e-12 0.0000e+00 9.9999e+04      98.78    184.733     4.2488    327.442     7.5310    34.4147    34.4133    27.1580    27.1569    1483.20    1483.20         29 0.0000e+00
      21487  99.873856    678.000    673.096     5.5091     5.5104   3.370862   3.370844     1.9683     2.9183    0.01448    0.00085    -0.1167    96.8262 1.0000e-12 0.0000e+00 9.9999e+04      98.78    184.711     4.2483    332.253     7.6417    34.4148    34.4133    27.1581    27.1567    1483.19    1483.19         19 0.0000e+00
      21505  99.873863    677.000    672.096     5.5142     5.5125   3.371241   3.370969     1.9683     2.9167    0.00525    0.00040    -0.1155    96.7815 1.0000e-12 0.0000e+00 9.9999e+04      98.78    184.663     4.2472    329.829     7.5859    34.4144    34.4131    27.1571    27.1563    1483.19    1483.18         17 0.0000e+00
      21524  99.873878    676.000    671.102     5.5156     5.5145   3.371306   3.371090     1.9683     2.9085   -0.01280    0.00006    -0.1119    96.7659 1.0000e-12 0.0000e+00 9.9999e+04      98.78    184.645     4.2467    328.183     7.5480    34.4143    34.4129    27.1568    27.1559    1483.18    1483.17         22 0.0000e+00
      21549  99.873886    675.000    670.114     5.5223     5.5240   3.371938   3.372034     1.9687     2.9122   -0.00548 -2.963e-07    -0.0977    96.7419 1.0000e-12 0.0000e+00 9.9999e+04      98.78    184.854     4.2515    337.606     7.7647    34.4150    34.4145    27.1566    27.1560    1483.19    1483.20         26 0.0000e+00
      21574  99.873901    674.000    669.127     5.5357     5.5403   3.373198   3.373601     1.9696     2.9238   -0.00452    0.00003    -0.1146    96.7075 1.0000e-12 0.0000e+00 9.9999e+04      98.78    184.909     4.2528    343.278     7.8952    34.4163    34.4161    27.1560    27.1553    1483.23    1483.25         24 0.0000e+00
      21598  99.873909    673.000    668.137     5.5468     5.5520   3.374249   3.374660     1.9705     2.9475   -0.00602    0.00035    -0.1159    96.6685 1.0000e-12 0.0000e+00 9.9999e+04      98.78    184.939     4.2535    340.323     7.8272    34.4174    34.4168    27.1555    27.1544    1483.26    1483.28         24 0.0000e+00
      21622  99.873924    672.000    667.135     5.5617     5.5642   3.375621   3.375741     1.9710     2.9325    0.01018    0.00066    -0.1120    96.6340 1.0000e-12 0.0000e+00 9.9999e+04      98.78    184.892     4.2524    327.923     7.5420    34.4183    34.4171    27.1544    27.1532    1483.30    1483.31         27 0.0000e+00
      21657  99.873940    671.000    666.147     5.5685     5.5691   3.376227   3.376143     1.9719     2.9336    0.01180    0.00074    -0.1119    96.5814 1.0000e-12 0.0000e+00 9.9999e+04      98.78    184.796     4.2502    338.228     7.7790    34.4187    34.4172    27.1539    27.1526    1483.32    1483.32         45 0.0000e+00
      21702  99.873962    670.000    665.172     5.5659     5.5717   3.375970   3.376334     1.9719     2.9389   -0.01293    0.00068    -0.1119    96.5008 1.0000e-12 0.0000e+00 9.9999e+04      98.78    184.707     4.2482    335.696     7.7208    34.4189    34.4172    27.1544    27.1523    1483.29    1483.31         33 0.0000e+00
      21725  99.873970    669.000    664.176     5.5709     5.5722   3.376331   3.376323     1.9719     2.9525    0.00907    0.00034    -0.1134    96.4695 1.0000e-12 0.0000e+00 9.9999e+04      98.78    184.666     4.2472    345.856     7.9545    34.4184    34.4170    27.1534    27.1521    1483.29    1483.30         20 0.0000e+00
      21743  99.873978    668.000    663.178     5.5736     5.5724   3.376534   3.376298     1.9719     2.9609    0.01054    0.00003    -0.0959    96.4475 1.0000e-12 0.0000e+00 9.9999e+04      98.78    184.699     4.2480    337.363     7.7591    34.4184    34.4171    27.1531    27.1521    1483.29    1483.28         17 0.0000e+00
      21760  99.873985    667.000    662.186     5.5743     5.5727   3.376539   3.376277     1.9722     2.9511   -0.00368   -0.00008    -0.0949    96.4172 1.0000e-12 0.0000e+00 9.9999e+04      98.78    184.863     4.2517    328.412     7.5533    34.4184    34.4170    27.1529    27.1520    1483.27    1483.26         18 0.0000e+00
      21779  99.874001    666.000    661.196     5.5744     5.5729   3.376516   3.376258     1.9729     2.9367    0.00733   -0.00013    -0.0966    96.3906 1.0000e-12 0.0000e+00 9.9999e+04      98.78    184.909     4.2528    329.994     7.5897    34.4184    34.4170    27.1529    27.1520    1483.26    1483.25         18 0.0000e+00
      21797  99.874008    665.000    660.204     5.5748     5.5735   3.376512   3.376263     1.9731     2.9369    0.01619   -0.00006    -0.1120    96.3506 1.0000e-12 0.0000e+00 9.9999e+04      98.78    184.796     4.2502    338.420     7.7834    34.4185    34.4170    27.1529    27.1519    1483.24    1483.23         18 0.0000e+00
      21815  99.874016    664.000    659.208     5.5756     5.5741   3.376528   3.376262     1.9734     2.9482   -0.00223    0.00027    -0.1149    96.3150 1.0000e-12 0.0000e+00 9.9999e+04      98.78    184.807     4.2504    339.535     7.8091    34.4184    34.4169    27.1527    27.1517    1483.23    1483.22         20 0.0000e+00
      21839  99.874023    663.000    658.213     5.5753     5.5741   3.376469   3.376226     1.9736     2.9509   -0.01320    0.00071    -0.0970    96.2845 1.0000e-12 0.0000e+00 9.9999e+04      98.78    184.845     4.2513    336.606     7.7417    34.4185    34.4169    27.1528    27.1518    1483.21    1483.20         29 0.0000e+00
      21881  99.874046    662.000    657.232     5.5753     5.5742   3.376424   3.376178     1.9743     2.9360    0.00456    0.00031    -0.1151    96.2300 1.0000e-12 0.0000e+00 9.9999e+04      98.78    184.835     4.2511    332.586     7.6493    34.4185    34.4168    27.1528    27.1517    1483.19    1483.19         56 0.0000e+00
      21927  99.874069    661.000    656.249     5.5758     5.5743   3.376422   3.376151     1.9744     2.9377   -0.01182    0.00053    -0.1116    96.1725 1.0000e-12 0.0000e+00 9.9999e+04      98.78    184.762     4.2494    333.283     7.6653    34.4185    34.4169    27.1528    27.1517    1483.18    1483.17         26 0.0000e+00
      21945  99.874077    660.000    655.262     5.5759     5.5747   3.376389   3.376146     1.9744     2.9312   -0.00923    0.00025    -0.1119    96.1488 1.0000e-12 0.0000e+00 9.9999e+04      98.78    184.753     4.2492    330.185     7.5940    34.4184    34.4169    27.1527    27.1516    1483.16    1483.16         17 0.0000e+00
      21961  99.874084    659.000    654.255     5.5767     5.5752   3.376414   3.376140     1.9744     2.9296    0.00686    0.00015    -0.1119    96.1251 1.0000e-12 0.0000e+00 9.9999e+04      98.78    184.741     4.2489    332.338     7.6436    34.4184    34.4169    27.1525    27.1515    1483.15    1483.14         15 0.0000e+00
      21977  99.874092    658.000    653.255     5.5797     5.5780   3.376667   3.376424     1.9744     2.9277    0.00163    0.00015    -0.1119    96.1104 1.0000e-12 0.0000e+00 9.9999e+04      98.78    184.733     4.2487    338.463     7.7844    34.4187    34.4177    27.1525    27.1518    1483.15    1483.14         17 0.0000e+00
      21997  99.874100    657.000    652.269     5.5849     5.5856   3.377127   3.377142     1.9747     2.9458   -0.00292   -0.00014    -0.1119    96.0729 1.0000e-12 0.0000e+00 9.9999e+04      98.78    184.826     4.2509    347.209     7.9856    34.4192    34.4186    27.1521    27.1516    1483.15    1483.15         23 0.0000e+00
      22021  99.874115    656.000    651.279     5.5979     5.6022   3.378393   3.378723     1.9753     2.9656   -0.00595   -0.00003    -0.1216    96.0499 1.0000e-12 0.0000e+00 9.9999e+04      98.78    184.790     4.2501    339.132     7.7998    34.4208    34.4201    27.1518    27.1508    1483.19    1483.21         25 0.0000e+00
      22049  99.874130    655.000    650.289     5.6122     5.6156   3.379717   3.379925     1.9755     2.9457    0.01052    0.00022    -0.1177    96.0228 1.0000e-12 0.0000e+00 9.9999e+04      98.78    184.633     4.2464    331.020     7.6132    34.4217    34.4206    27.1508    27.1496    1483.23    1483.24         32 0.0000e+00
      22082  99.874146    654.000    649.308     5.6226     5.6164   3.380636   3.379993     1.9756     2.9595    0.01595    0.00051    -0.0999    96.0045 1.0000e-12 0.0000e+00 9.9999e+04      98.78    184.535     4.2442    345.017     7.9352    34.4220    34.4211    27.1498    27.1498    1483.26    1483.23         30 0.0000e+00
      22107  99.874153    653.000    648.315     5.6220     5.6267   3.380528   3.380829     1.9756     2.9658   -0.01553    0.00025    -0.1181    95.9738 1.0000e-12 0.0000e+00 9.9999e+04      98.78    184.654     4.2469    331.694     7.6287    34.4219    34.4206    27.1498    27.1482    1483.24    1483.25         21 0.0000e+00
      22127  99.874168    652.000    647.315     5.6269     5.6263   3.380912   3.380713     1.9764     2.9438   -0.00212    0.00005    -0.1162    95.9546 1.0000e-12 0.0000e+00 9.9999e+04      98.78    184.824     4.2508    328.891     7.5642    34.4218    34.4202    27.1491    27.1479    1483.24    1483.24         21 0.0000e+00
      22150  99.874176    651.000    646.321     5.6270     5.6262   3.380872   3.380667     1.9771     2.9551    0.01469    0.00001    -0.1131    95.9411 1.0000e-12 0.0000e+00 9.9999e+04      98.78    184.858     4.2516    338.523     7.7858    34.4217    34.4203    27.1490    27.1480    1483.22    1483.22         26 0.0000e+00
      22178  99.874191    650.000    645.337     5.6275     5.6261   3.380864   3.380598     1.9779     2.9311   -0.00993    0.00042    -0.1014    95.9237 1.0000e-12 0.0000e+00 9.9999e+04      98.78    184.784     4.2499    318.206     7.3185    34.4216    34.4200    27.1489    27.1477    1483.21    1483.20         27 0.0000e+00
      22203  99.874199    649.000    644.347     5.6271     5.6263   3.380773   3.380567     1.9778     2.9207   -0.00547    0.00082    -0.1107    95.9067 1.0000e-12 0.0000e+00 9.9999e+04      98.78    184.705     4.2481    339.294     7.8035    34.4215    34.4200    27.1488    27.1477    1483.19    1483.19         24 0.0000e+00
      22226  99.874214    648.000    643.354     5.6261     5.6250   3.380610   3.380353     1.9780     2.9506    0.00206    0.00072    -0.1203    95.9008 1.0000e-12 0.0000e+00 9.9999e+04      98.78    184.820     4.2507    349.434     8.0367    34.4212    34.4194    27.1487    27.1474    1483.17    1483.16         22 0.0000e+00
      22248  99.874222    647.000    642.363     5.6255     5.6240   3.380484   3.380227     1.9787     2.9640   -0.02863    0.00028    -0.1225    95.8744 1.0000e-12 0.0000e+00 9.9999e+04      98.78    184.967     4.2541    338.148     7.7771    34.4209    34.4195    27.1485    27.1476    1483.15    1483.14         23 0.0000e+00
      22270  99.874237    646.000    641.368     5.6252     5.6238   3.380398   3.380140     1.9794     2.9532    0.00708    0.00007    -0.1257    95.8731 1.0000e-12 0.0000e+00 9.9999e+04      98.78    185.072     4.2565    330.926     7.6111    34.4207    34.4192    27.1483    27.1473    1483.13    1483.13         22 0.0000e+00
      22294  99.874245    645.000    640.375     5.6316     5.6317   3.380954   3.380877     1.9802     2.9522    0.02598    0.00042    -0.1183    95.8420 1.0000e-12 0.0000e+00 9.9999e+04      98.78    185.071     4.2565    335.375     7.7134    34.4209    34.4200    27.1478    27.1470    1483.14    1483.14         26 0.0000e+00
      22325  99.874260    644.000    639.387     5.6426     5.6425   3.381931   3.381802     1.9808     2.9537   -0.00154    0.00069    -0.1119    95.8334 1.0000e-12 0.0000e+00 9.9999e+04      98.78    184.988     4.2546    337.869     7.7707    34.4213    34.4200    27.1467    27.1456    1483.17    1483.17         35 0.0000e+00
      22359  99.874275    643.000    638.400     5.6549     5.6546   3.383067   3.382972     1.9808     2.9476   -0.00285    0.00079    -0.1119    95.8183 1.0000e-12 0.0000e+00 9.9999e+04      98.78    184.639     4.2466    325.269     7.4809    34.4222    34.4215    27.1459    27.1454    1483.20    1483.20         31 0.0000e+00
      22385  99.874290    642.000    637.415     5.6646     5.6685   3.383960   3.384215     1.9805     2.9301    0.00252    0.00045    -0.1119    95.7917 1.0000e-12 0.0000e+00 9.9999e+04      98.78    184.684     4.2476    331.565     7.6257    34.4230    34.4218    27.1453    27.1439    1483.23    1483.24         22 0.0000e+00
      22404  99.874298    641.000    636.421     5.6737     5.6737   3.384763   3.384661     1.9805     2.9379    0.00561    0.00038    -0.1155    95.7806 1.0000e-12 0.0000e+00 9.9999e+04      98.78    184.802     4.2503    339.922     7.8179    34.4233    34.4221    27.1444    27.1435    1483.25    1483.25         17 0.0000e+00
