data/CTD/abra2/abra2002.cnv
* Sea-Bird SBE 9 Data File:
* FileName = C:\SEASOFT\ABRACOS2\data\abra2002.hex
* Software Version Seasave V 7.26.1.8
* Temperature SN = 6083
* Conductivity SN = 4355
* Number of Bytes Per Scan = 48
* Number of Voltage Words = 5
* Number of Scans Averaged by the Deck Unit = 1
* NMEA Latitude = 08 51.05 S
* NMEA Longitude = 034 43.46 W
* NMEA UTC (Time) = Apr 09 2017 20:43:25
** Cruise: ABRACOS2
** Ship: ANTEA
** Station: 2
** Bottom Depth: 1336
** Pressure frequency switch pos 2 before station:
** Pressure frequency switch pos 2 after station:
** Operator: JG
** Comments:
# nquan = 30
# nvalues = 1510                        
# units = specified
# name 0 = scan: Scan Count
# name 1 = timeJ: Julian Days
# name 2 = prDM: Pressure, Digiquartz [db]
# name 3 = depSM: Depth [salt water, m]
# name 4 = t090C: Temperature [ITS-90, deg C]
# name 5 = t190C: Temperature, 2 [ITS-90, deg C]
# name 6 = c0S/m: Conductivity [S/m]
# name 7 = c1S/m: Conductivity, 2 [S/m]
# name 8 = sbeox0V: Oxygen raw, SBE 43 [V]
# name 9 = sbeox1V: Oxygen raw, SBE 43, 2 [V]
# name 10 = sbox1dV/dT: Oxygen, SBE 43, 2 [dov/dt]
# name 11 = sbox0dV/dT: Oxygen, SBE 43 [dov/dt]
# name 12 = flECO-AFL: Fluorescence, WET Labs ECO-AFL/FL [mg/m^3]
# name 13 = CStarTr0: Beam Transmission, WET Labs C-Star [%]
# name 14 = par: PAR/Irradiance, Biospherical/Licor
# name 15 = spar: SPAR/Surface Irradiance
# name 16 = cpar: CPAR/Corrected Irradiance [%]
# name 17 = altM: Altimeter [m]
# name 18 = sbox0Mm/Kg: Oxygen, SBE 43 [umol/kg], WS = 2
# name 19 = sbeox0ML/L: Oxygen, SBE 43 [ml/l], WS = 2
# name 20 = sbox1Mm/Kg: Oxygen, SBE 43, 2 [umol/kg], WS = 2
# name 21 = sbeox1ML/L: Oxygen, SBE 43, 2 [ml/l], WS = 2
# name 22 = sal00: Salinity, Practical [PSU]
# name 23 = sal11: Salinity, Practical, 2 [PSU]
# name 24 = sigma-é00: Density [sigma-theta, kg/m^3]
# name 25 = sigma-é11: Density, 2 [sigma-theta, kg/m^3]
# name 26 = svCM: Sound Velocity [Chen-Millero, m/s]
# name 27 = svCM1: Sound Velocity, 2 [Chen-Millero, m/s]
# name 28 = nbin: number of scans per bin
# name 29 = flag: flag
# span 0 =        339,      48463       
# span 1 =  99.863659,  99.886867       
# span 2 =      1.000,    756.000       
# span 3 =      0.969,    750.386       
# span 4 =     5.1700,    28.6671       
# span 5 =     5.1685,    28.6653       
# span 6 =   3.342582,   6.041805       
# span 7 =   3.342273,   6.041146       
# span 8 =     1.9450,     3.0814       
# span 9 =     1.5157,     3.0001       
# span 10 =   -0.05166,    0.07898      
# span 11 =   -0.01753,    0.02307      
# span 12 =    -0.1438,     0.9835      
# span 13 =    86.8251,    99.5164      
# span 14 = 1.0000e-12, 1.3513e-02      
# span 15 = 0.0000e+00, 0.0000e+00      
# span 16 = 9.9999e+04, 9.9999e+04      
# span 17 =     -18.22,     100.92      
# span 18 =    172.058,    196.587      
# span 19 =     3.9561,     4.5101      
# span 20 =    117.084,    349.434      
# span 21 =     2.6913,     8.0367      
# span 22 =    34.3994,    37.5282      
# span 23 =    34.3976,    37.5288      
# span 24 =    23.7757,    27.1869      
# span 25 =    23.7738,    27.1854      
# span 26 =    1482.89,    1546.03      
# span 27 =    1482.88,    1546.02      
# span 28 =         12,        153      
# span 29 = 0.0000e+00, 0.0000e+00      
# interval = decibars: 1                
# start_time = Apr 09 2017 20:43:26 [System UTC, first data scan.]
# bad_flag = -9.990e-29
*END*
[from data line 242]
       7076  99.866905    244.000    242.487    15.0074    15.0057   4.359896   4.359391     2.4535     1.6922   -0.00333   -0.00319    -0.1424    99.4067 1.0000e-12 0.0000e+00 9.9999e+04      98.75    187.569     4.3107    124.042     2.8507    35.5159    35.5129    26.3764    26.3745    1511.34    1511.33         40 0.0000e+00
       7113  99.866928    245.000    243.467    15.0074    15.0057   4.360000   4.359520     2.4485     1.6889   -0.00265   -0.00523    -0.1424    99.4203 1.0000e-12 0.0000e+00 9.9999e+04      98.75    187.207     4.3024    123.355     2.8350    35.5165    35.5136    26.3769    26.3751    1511.36    1511.35         30 0.0000e+00
       7136  99.866936    246.000    244.472    15.0063    15.0048   4.360068   4.359596     2.4457     1.6854   -0.00145   -0.00450    -0.1424    99.4034 1.0000e-12 0.0000e+00 9.9999e+04      98.75    187.015     4.2980    122.794     2.8221    35.5177    35.5148    26.3781    26.3762    1511.37    1511.36         19 0.0000e+00
       7154  99.866943    247.000    245.459    15.0076    15.0061   4.360377   4.359930     2.4438     1.6823   -0.00161   -0.00343    -0.1424    99.4047 1.0000e-12 0.0000e+00 9.9999e+04      98.75    186.857     4.2944    122.333     2.8115    35.5189    35.5162    26.3788    26.3770    1511.40    1511.39         17 0.0000e+00
       7170  99.866951    248.000    246.460    15.0106    15.0092   4.360854   4.360459     2.4421     1.6792   -0.00231   -0.00314    -0.1424    99.4023 1.0000e-12 0.0000e+00 9.9999e+04      98.75    186.708     4.2909    122.052     2.8050    35.5201    35.5179    26.3791    26.3777    1511.42    1511.42         15 0.0000e+00
       7186  99.866959    249.000    247.458    15.0116    15.0102   4.361079   4.360657     2.4403     1.6769   -0.00315   -0.00314    -0.1424    99.3808 1.0000e-12 0.0000e+00 9.9999e+04      98.75    186.589     4.2882    121.953     2.8027    35.5209    35.5183    26.3795    26.3778    1511.44    1511.44         17 0.0000e+00
       7204  99.866966    250.000    248.454    15.0109    15.0097   4.361089   4.360680     2.4389     1.6740   -0.00370   -0.00276    -0.1424    99.3905 1.0000e-12 0.0000e+00 9.9999e+04      98.75    186.563     4.2876    121.732     2.7977    35.5212    35.5186    26.3800    26.3782    1511.46    1511.45         21 0.0000e+00
       7229  99.866982    251.000    249.442    15.0065    15.0061   4.360607   4.360282     2.4374     1.6708   -0.00437   -0.00260    -0.1424    99.3861 1.0000e-12 0.0000e+00 9.9999e+04      98.75    186.380     4.2834    121.571     2.7940    35.5204    35.5178    26.3803    26.3784    1511.46    1511.46         28 0.0000e+00
       7260  99.866997    252.000    250.432    14.9629    14.9641   4.355211   4.354677     2.4328     1.6685   -0.00367   -0.00216    -0.1398    99.3772 1.0000e-12 0.0000e+00 9.9999e+04      98.75    185.894     4.2722    122.151     2.8073    35.5103    35.5044    26.3821    26.3773    1511.33    1511.32         34 0.0000e+00
       7296  99.867012    253.000    251.423    14.6493    14.6604   4.318353   4.318682     2.4308     1.6704   -0.00302   -0.00194    -0.1246    99.3808 1.0000e-12 0.0000e+00 9.9999e+04      98.75    187.902     4.3185    123.332     2.8345    35.4576    35.4505    26.4099    26.4020    1510.29    1510.31         35 0.0000e+00
       7325  99.867027    254.000    252.406    14.3873    14.3944   4.288840   4.288994     2.4367     1.6703   -0.00089   -0.00410    -0.1430    99.3641 1.0000e-12 0.0000e+00 9.9999e+04      98.75    189.334     4.3515    123.302     2.8339    35.4245    35.4194    26.4409    26.4354    1509.43    1509.44         22 0.0000e+00
       7343  99.867035    255.000    253.403    14.3620    14.3546   4.285765   4.284226     2.4359     1.6682    0.00118   -0.00311    -0.1424    99.3574 1.0000e-12 0.0000e+00 9.9999e+04      98.75    188.693     4.3368    122.914     2.8250    35.4188    35.4112    26.4418    26.4376    1509.36    1509.32         17 0.0000e+00
       7359  99.867043    256.000    254.405    14.3085    14.3104   4.279447   4.279123     2.4333     1.6663    0.00145    0.00116    -0.1424    99.3598 1.0000e-12 0.0000e+00 9.9999e+04      98.75    188.301     4.3278    122.865     2.8239    35.4088    35.4041    26.4456    26.4416    1509.19    1509.19         15 0.0000e+00
       7375  99.867050    257.000    255.405    14.2927    14.2920   4.277556   4.277045     2.4292     1.6647    0.00038    0.00475    -0.1424    99.3543 1.0000e-12 0.0000e+00 9.9999e+04      98.75    187.834     4.3171    122.879     2.8242    35.4053    35.4012    26.4463    26.4433    1509.15    1509.14         17 0.0000e+00
       7394  99.867058    258.000    256.396    14.2897    14.2883   4.277206   4.276669     2.4244     1.6631   -0.00149    0.00230    -0.1424    99.3570 1.0000e-12 0.0000e+00 9.9999e+04      98.75    187.494     4.3093    122.762     2.8215    35.4044    35.4007    26.4463    26.4438    1509.16    1509.15         22 0.0000e+00
       7417  99.867073    259.000    257.381    14.2875    14.2865   4.276952   4.276501     2.4201     1.6608   -0.00277   -0.00286    -0.1424    99.3496 1.0000e-12 0.0000e+00 9.9999e+04      98.75    187.352     4.3060    122.311     2.8111    35.4037    35.4004    26.4462    26.4439    1509.16    1509.16         22 0.0000e+00
       7438  99.867081    260.000    258.377    14.2800    14.2795   4.276132   4.275726     2.4178     1.6580   -0.00248   -0.00565    -0.1424    99.3506 1.0000e-12 0.0000e+00 9.9999e+04      98.75    187.400     4.3071    121.978     2.8035    35.4026    35.3992    26.4470    26.4445    1509.16    1509.15         20 0.0000e+00
       7458  99.867088    261.000    259.374    14.2699    14.2691   4.274969   4.274527     2.4161     1.6554   -0.00194   -0.00572    -0.1424    99.3396 1.0000e-12 0.0000e+00 9.9999e+04      98.75    187.303     4.3049    121.817     2.7998    35.4006    35.3973    26.4477    26.4453    1509.14    1509.13         22 0.0000e+00
       7482  99.867104    262.000    260.369    14.2608    14.2576   4.273923   4.273232     2.4143     1.6527   -0.00268   -0.00415    -0.1424    99.3395 1.0000e-12 0.0000e+00 9.9999e+04      98.75    187.252     4.3037    121.684     2.7967    35.3988    35.3953    26.4483    26.4462    1509.12    1509.11         27 0.0000e+00
       7513  99.867119    263.000    261.355    14.2445    14.2429   4.271984   4.271464     2.4120     1.6500   -0.00311   -0.00215    -0.1424    99.3395 1.0000e-12 0.0000e+00 9.9999e+04      98.75    187.009     4.2981    121.556     2.7938    35.3953    35.3920    26.4491    26.4468    1509.08    1509.07         33 0.0000e+00
       7544  99.867134    264.000    262.343    14.2002    14.2004   4.266891   4.266336     2.4087     1.6477   -0.00264   -0.00185    -0.1424    99.3331 1.0000e-12 0.0000e+00 9.9999e+04      98.75    186.902     4.2957    121.498     2.7925    35.3883    35.3829    26.4531    26.4489    1508.95    1508.94         27 0.0000e+00
       7568  99.867142    265.000    263.338    14.1233    14.1238   4.258140   4.257607     2.4070     1.6460   -0.00209   -0.00159    -0.1424    99.3357 1.0000e-12 0.0000e+00 9.9999e+04      98.75    187.200     4.3026    121.485     2.7922    35.3770    35.3716    26.4606    26.4564    1508.70    1508.70         22 0.0000e+00
       7588  99.867157    266.000    264.338    14.0603    14.0607   4.250959   4.250371     2.4068     1.6445   -0.00194   -0.00250    -0.1424    99.3367 1.0000e-12 0.0000e+00 9.9999e+04      98.75    187.630     4.3125    121.489     2.7923    35.3675    35.3617    26.4667    26.4621    1508.50    1508.50         20 0.0000e+00
       7610  99.867165    267.000    265.328    13.9905    13.9904   4.243054   4.242533     2.4070     1.6427   -0.00174   -0.00227    -0.1424    99.3319 1.0000e-12 0.0000e+00 9.9999e+04      98.76    187.769     4.3157    121.384     2.7899    35.3576    35.3528    26.4737    26.4701    1508.28    1508.28         22 0.0000e+00
       7631  99.867172    268.000    266.316    13.9737    13.9723   4.241218   4.240747     2.4054     1.6406   -0.00178   -0.00159    -0.1424    99.3130 1.0000e-12 0.0000e+00 9.9999e+04      98.76    187.581     4.3114    121.064     2.7826    35.3554    35.3523    26.4756    26.4735    1508.24    1508.23         20 0.0000e+00
       7649  99.867180    269.000    267.309    13.9738    13.9725   4.241276   4.240811     2.4041     1.6383   -0.00179   -0.00038    -0.1424    99.3299 1.0000e-12 0.0000e+00 9.9999e+04      98.76    187.271     4.3043    120.712     2.7745    35.3555    35.3524    26.4757    26.4736    1508.26    1508.25         17 0.0000e+00
       7665  99.867195    270.000    268.302    13.9703    13.9690   4.240901   4.240438     2.4011     1.6362   -0.00185    0.00010    -0.1424    99.3257 1.0000e-12 0.0000e+00 9.9999e+04      98.76    186.811     4.2937    120.513     2.7699    35.3548    35.3516    26.4760    26.4737    1508.26    1508.26         16 0.0000e+00
       7681  99.867203    271.000    269.310    13.9677    13.9660   4.240623   4.240119     2.3982     1.6341   -0.00215   -0.00095    -0.1424    99.3173 1.0000e-12 0.0000e+00 9.9999e+04      98.76    186.725     4.2917    120.431     2.7680    35.3542    35.3510    26.4761    26.4740    1508.27    1508.26         16 0.0000e+00
       7698  99.867210    272.000    270.303    13.9043    13.9058   4.233453   4.232986     2.3968     1.6324   -0.00262   -0.00160    -0.1424    99.3089 1.0000e-12 0.0000e+00 9.9999e+04      98.76    187.128     4.3010    120.491     2.7694    35.3451    35.3393    26.4823    26.4775    1508.07    1508.07         19 0.0000e+00
       7722  99.867218    273.000    271.295    13.8852    13.8843   4.231300   4.230850     2.3960     1.6301   -0.00310   -0.00318    -0.1424    99.3117 1.0000e-12 0.0000e+00 9.9999e+04      98.75    187.214     4.3030    120.375     2.7667    35.3421    35.3387    26.4840    26.4816    1508.02    1508.02         30 0.0000e+00
       7757  99.867233    274.000    272.275    13.8751    13.8739   4.230102   4.229691     2.3944     1.6271   -0.00262   -0.00284    -0.1424    99.3118 1.0000e-12 0.0000e+00 9.9999e+04      98.75    187.093     4.3002    119.982     2.7577    35.3398    35.3370    26.4844    26.4825    1508.00    1508.00         35 0.0000e+00
       7785  99.867249    275.000    273.271    13.8653    13.8639   4.229099   4.228652     2.3934     1.6239   -0.00224   -0.00089    -0.1424    99.3118 1.0000e-12 0.0000e+00 9.9999e+04      98.75    187.176     4.3021    119.670     2.7505    35.3389    35.3361    26.4858    26.4840    1507.99    1507.98         24 0.0000e+00
       7810  99.867264    276.000    274.268    13.8614    13.8600   4.228755   4.228352     2.3932     1.6218   -0.00206   -0.00104    -0.1424    99.3042 1.0000e-12 0.0000e+00 9.9999e+04      98.76    187.032     4.2988    119.727     2.7519    35.3389    35.3364    26.4867    26.4850    1507.99    1507.98         25 0.0000e+00
       7835  99.867271    277.000    275.257    13.8492    13.8486   4.227460   4.227032     2.3903     1.6206   -0.00263   -0.00109    -0.1424    99.2948 1.0000e-12 0.0000e+00 9.9999e+04      98.76    186.490     4.2864    119.703     2.7513    35.3376    35.3342    26.4882    26.4857    1507.97    1507.96         26 0.0000e+00
       7859  99.867287    278.000    276.247    13.7882    13.7897   4.220590   4.220019     2.3868     1.6193   -0.00250   -0.00025    -0.1424    99.2853 1.0000e-12 0.0000e+00 9.9999e+04      98.76    186.560     4.2880    119.539     2.7475    35.3290    35.3223    26.4943    26.4888    1507.77    1507.77         20 0.0000e+00
       7878  99.867294    279.000    277.236    13.6819    13.6834   4.208839   4.208256     2.3859     1.6172   -0.00162   -0.00084    -0.1424    99.2857 1.0000e-12 0.0000e+00 9.9999e+04      98.76    187.220     4.3032    119.453     2.7456    35.3163    35.3095    26.5066    26.5010    1507.43    1507.43         17 0.0000e+00
       7893  99.867302    280.000    278.232    13.6277    13.6274   4.202703   4.202134     2.3863     1.6159   -0.00118   -0.00251    -0.1424    99.2767 1.0000e-12 0.0000e+00 9.9999e+04      98.76    187.509     4.3099    119.490     2.7465    35.3082    35.3032    26.5116    26.5078    1507.26    1507.25         15 0.0000e+00
       7907  99.867310    281.000    279.232    13.6070    13.6063   4.200273   4.199759     2.3858     1.6145   -0.00119   -0.00351    -0.1424    99.2742 1.0000e-12 0.0000e+00 9.9999e+04      98.76    187.378     4.3069    119.373     2.7438    35.3040    35.2998    26.5127    26.5095    1507.20    1507.19         14 0.0000e+00
       7923  99.867317    282.000    280.235    13.5932    13.5917   4.198683   4.198167     2.3844     1.6129   -0.00169   -0.00318    -0.1424    99.2563 1.0000e-12 0.0000e+00 9.9999e+04      98.76    187.155     4.3018    119.223     2.7403    35.3014    35.2979    26.5135    26.5111    1507.17    1507.16         16 0.0000e+00
       7940  99.867325    283.000    281.227    13.5894    13.5878   4.198259   4.197768     2.3824     1.6111   -0.00224   -0.00119    -0.1424    99.2605 1.0000e-12 0.0000e+00 9.9999e+04      98.76    186.978     4.2977    119.140     2.7384    35.3004    35.2973    26.5136    26.5115    1507.17    1507.16         20 0.0000e+00
       7967  99.867340    284.000    282.218    13.5874    13.5860   4.198028   4.197578     2.3804     1.6092   -0.00232   -0.00060    -0.1424    99.2628 1.0000e-12 0.0000e+00 9.9999e+04      98.76    186.956     4.2972    119.103     2.7376    35.2997    35.2968    26.5135    26.5115    1507.18    1507.17         34 0.0000e+00
       8004  99.867355    285.000    283.194    13.5840    13.5837   4.197630   4.197331     2.3783     1.6066   -0.00233   -0.00255    -0.1424    99.2568 1.0000e-12 0.0000e+00 9.9999e+04      98.76    186.723     4.2918    118.663     2.7275    35.2987    35.2962    26.5135    26.5115    1507.19    1507.18         33 0.0000e+00
       8028  99.867371    286.000    284.190    13.5774    13.5761   4.197024   4.196608     2.3757     1.6040   -0.00172   -0.00181    -0.1424    99.2524 1.0000e-12 0.0000e+00 9.9999e+04      98.75    186.341     4.2831    118.523     2.7243    35.2987    35.2959    26.5148    26.5130    1507.18    1507.17         21 0.0000e+00
       8047  99.867378    287.000    285.189    13.5742    13.5729   4.196710   4.196304     2.3733     1.6030   -0.00152   -0.00127    -0.1424    99.2402 1.0000e-12 0.0000e+00 9.9999e+04      98.75    186.094     4.2774    118.620     2.7265    35.2983    35.2956    26.5152    26.5134    1507.19    1507.18         17 0.0000e+00
       8066  99.867386    288.000    286.190    13.5202    13.5246   4.190483   4.190231     2.3708     1.6023   -0.00201   -0.00160    -0.1424    99.2277 1.0000e-12 0.0000e+00 9.9999e+04      98.75    186.263     4.2813    118.753     2.7296    35.2890    35.2826    26.5191    26.5133    1507.02    1507.02         22 0.0000e+00
       8089  99.867393    289.000    287.175    13.4155    13.4217   4.178907   4.179104     2.3700     1.6013   -0.00219   -0.00247    -0.1424    99.2299 1.0000e-12 0.0000e+00 9.9999e+04      98.75    186.816     4.2941    118.722     2.7289    35.2761    35.2722    26.5307    26.5264    1506.67    1506.69         24 0.0000e+00
       8112  99.867409    290.000    288.161    13.3852    13.3846   4.175612   4.175183     2.3693     1.5995   -0.00136   -0.00315    -0.1424    99.2197 1.0000e-12 0.0000e+00 9.9999e+04      98.75    186.790     4.2935    118.429     2.7222    35.2726    35.2691    26.5342    26.5316    1506.59    1506.58         19 0.0000e+00
       8130  99.867416    291.000    289.159    13.3773    13.3746   4.174807   4.174211     2.3681     1.5978   -0.00096   -0.00278    -0.1424    99.2239 1.0000e-12 0.0000e+00 9.9999e+04      98.75    186.661     4.2905    118.310     2.7194    35.2719    35.2687    26.5353    26.5334    1506.57    1506.56         17 0.0000e+00
