data/CTD/abra2/abra2006.cnv
* Sea-Bird SBE 9 Data File:
* FileName = C:\SEASOFT\ABRACOS2\data\abra2006.hex
* Software Version Seasave V 7.26.1.8
* Temperature SN = 6083
* Conductivity SN = 4355
* Number of Bytes Per Scan = 48
* Number of Voltage Words = 5
* Number of Scans Averaged by the Deck Unit = 1
* NMEA Latitude = 08 51.58 S
* NMEA Longitude = 034 35.29 W
* NMEA UTC (Time) = Apr 11 2017 09:56:57
** Cruise: ABRACOS2
** Ship: ANTEA
** Station: 6
** Bottom Depth: 2080
** Pressure frequency switch pos 2 before station:
** Pressure frequency switch pos 2 after station:
** Operator: JG/GA
** Comments:
# nquan = 30
# nvalues = 2017                        
# units = specified
# name 0 = scan: Scan Count
# name 1 = timeJ: Julian Days
# name 2 = prDM: Pressure, Digiquartz [db]
# name 3 = depSM: Depth [salt water, m]
# name 4 = t090C: Temperature [ITS-90, deg C]
# name 5 = t190C: Temperature, 2 [ITS-90, deg C]
# name 6 = c0S/m: Conductivity [S/m]
# name 7 = c1S/m: Conductivity, 2 [S/m]
# name 8 = sbeox0V: Oxygen raw, SBE 43 [V]
# name 9 = sbeox1V: Oxygen raw, SBE 43, 2 [V]
# name 10 = sbox1dV/dT: Oxygen, SBE 43, 2 [dov/dt]
# name 11 = sbox0dV/dT: Oxygen, SBE 43 [dov/dt]
# name 12 = flECO-AFL: Fluorescence, WET Labs ECO-AFL/FL [mg/m^3]
# name 13 = CStarTr0: Beam Transmission, WET Labs C-Star [%]
# name 14 = par: PAR/Irradiance, Biospherical/Licor
# name 15 = spar: SPAR/Surface Irradiance
# name 16 = cpar: CPAR/Corrected Irradiance [%]
# name 17 = altM: Altimeter [m]
# name 18 = sbox0Mm/Kg: Oxygen, SBE 43 [umol/kg], WS = 2
# name 19 = sbeox0ML/L: Oxygen, SBE 43 [ml/l], WS = 2
# name 20 = sbox1Mm/Kg: Oxygen, SBE 43, 2 [umol/kg], WS = 2
# name 21 = sbeox1ML/L: Oxygen, SBE 43, 2 [ml/l], WS = 2
# name 22 = sal00: Salinity, Practical [PSU]
# name 23 = sal11: Salinity, Practical, 2 [PSU]
# name 24 = sigma-é00: Density [sigma-theta, kg/m^3]
# name 25 = sigma-é11: Density, 2 [sigma-theta, kg/m^3]
# name 26 = svCM: Sound Velocity [Chen-Millero, m/s]
# name 27 = svCM1: Sound Velocity, 2 [Chen-Millero, m/s]
# name 28 = nbin: number of scans per bin
# name 29 = flag: flag
# span 0 =        739,      62832       
# span 1 = 101.414905, 101.444849       
# span 2 =      2.000,   1010.000       
# span 3 =      1.978,   1001.876       
# span 4 =     4.0724,    28.6889       
# span 5 =     4.0709,    28.6876       
# span 6 =   3.263404,   6.054942       
# span 7 =   3.263112,   6.054293       
# span 8 =     1.6541,     3.1149       
# span 9 =     1.4342,     2.6456       
# span 10 =   -0.03934,    0.03474      
# span 11 =   -0.04911,    0.03556      
# span 12 =    -0.1432,     0.6967      
# span 13 =    87.3218,    98.3965      
# span 14 = 1.0000e-12, 1.3831e+00      
# span 15 = 2.2551e+02, 1.9507e+03      
# span 16 = -1.079e+01, 5.8764e+04      
# span 17 =       0.77,     100.47      
# span 18 =    135.869,    202.230      
# span 19 =     3.1241,     4.6400      
# span 20 =    129.818,    198.560      
# span 21 =     2.9850,     4.5558      
# span 22 =    34.3980,    37.5670      
# span 23 =    34.3960,    37.5635      
# span 24 =    23.7944,    27.4071      
# span 25 =    23.7915,    27.4057      
# span 26 =    1481.89,    1546.22      
# span 27 =    1481.89,    1546.21      
# span 28 =         12,        131      
# span 29 = 0.0000e+00, 0.0000e+00      
# interval = decibars: 1                
# start_time = Apr 11 2017 09:56:57 [System UTC, first data scan.]
# bad_flag = -9.990e-29
*END*
[from data line 1257]
      31244 101.429619    761.000    755.337     5.2444     5.2439   3.354798   3.354610     1.6586     1.4389    0.00093    0.00052    -0.0973    92.7498 1.0000e-12 1.4073e+03 7.7525e-14      98.78    147.777     3.3990    146.080     3.3600    34.4608    34.4592    27.2267    27.2254    1483.55    1483.54         44 0.0000e+00
      31367 101.429672    760.000    754.346     5.2474     5.2463   3.354929   3.354690     1.6640     1.4437    0.00089    0.00102    -0.0995    92.6509 1.0000e-12 1.5805e+03 6.3324e-14      98.78    148.330     3.4118    146.525     3.3702    34.4597    34.4581    27.2254    27.2243    1483.54    1483.53        115 0.0000e+00
      31653 101.429810    759.000    753.359     5.2577     5.2561   3.355873   3.355631     1.6671     1.4458   -0.00033   -0.00020    -0.0919    92.4571 1.0000e-12 1.5128e+03 6.6431e-14      98.78    148.359     3.4124    146.555     3.3709    34.4604    34.4594    27.2248    27.2242    1483.57    1483.56         45 0.0000e+00
      31691 101.429832    758.000    752.360     5.2798     5.2792   3.357890   3.357759     1.6667     1.4457    0.00001    0.00005    -0.1000    92.4408 1.0000e-12 1.0923e+03 1.0830e-13      98.78    148.235     3.4095    146.341     3.3660    34.4615    34.4605    27.2230    27.2224    1483.64    1483.64         37 0.0000e+00
      31848 101.429909    757.000    751.372     5.2907     5.2900   3.358865   3.358675     1.6651     1.4440   -0.00021   -0.00008    -0.0942    92.3665 1.0000e-12 1.3134e+03 8.0136e-14      98.78    147.955     3.4031    146.109     3.3606    34.4619    34.4604    27.2221    27.2210    1483.67    1483.67        102 0.0000e+00
      32294 101.430122    756.000    750.400     5.2951     5.2940   3.359244   3.359018     1.6646     1.4436    0.00031   -0.00002    -0.0984    92.2479 1.0000e-12 1.5187e+03 6.5345e-14      98.78    147.888     3.4016    145.710     3.3515    34.4622    34.4607    27.2218    27.2208    1483.67    1483.67         64 0.0000e+00
      32997 101.430458    755.000    749.377     5.2983     5.2991   3.359528   3.359509     1.6654     1.4444    0.00003    0.00003    -0.0967    92.1429 1.0000e-12 1.4275e+03 7.0067e-14      98.78    147.898     3.4018    145.788     3.3533    34.4627    34.4617    27.2218    27.2209    1483.67    1483.67         32 0.0000e+00
      33061 101.430489    754.000    748.416     5.3068     5.3097   3.360370   3.360522     1.6644     1.4435   -0.00013   -0.00003    -0.1009    92.1373 1.0000e-12 1.4106e+03 7.0914e-14      98.78    147.419     3.3908    145.322     3.3425    34.4641    34.4629    27.2219    27.2206    1483.69    1483.70         22 0.0000e+00
      33079 101.430504    753.000    747.413     5.3165     5.3161   3.361205   3.361063     1.6638     1.4433   -0.00017   -0.00013    -0.0939    92.1373 1.0000e-12 1.0600e+03 9.5900e-14      98.78    147.303     3.3881    145.234     3.3405    34.4642    34.4630    27.2209    27.2199    1483.71    1483.71         17 0.0000e+00
      33097 101.430511    752.000    746.417     5.3210     5.3208   3.361625   3.361470     1.6629     1.4424   -0.00022   -0.00040    -0.1023    92.1373 1.0000e-12 8.9347e+02 1.1225e-13      98.78    147.037     3.3820    144.761     3.3296    34.4649    34.4633    27.2208    27.2196    1483.71    1483.71         19 0.0000e+00
      33123 101.430519    751.000    745.422     5.3228     5.3229   3.361759   3.361616     1.6616     1.4410   -0.00048   -0.00063    -0.0962    92.1373 1.0000e-12 8.8897e+02 1.4046e-13      98.78    146.934     3.3796    144.440     3.3223    34.4651    34.4633    27.2208    27.2194    1483.70    1483.70         36 0.0000e+00
      33164 101.430542    750.000    744.448     5.3220     5.3240   3.361647   3.361709     1.6600     1.4397   -0.00101   -0.00116    -0.0962    92.1373 1.0000e-12 1.4429e+03 6.4398e-14      98.78    146.659     3.3733    145.014     3.3355    34.4651    34.4638    27.2209    27.2196    1483.68    1483.69         35 0.0000e+00
      33188 101.430550    749.000    743.459     5.3337     5.3330   3.362725   3.362549     1.6585     1.4394   -0.00137   -0.00108    -0.0966    92.1373 1.0000e-12 1.3619e+03 7.3437e-14      98.78    146.344     3.3660    144.366     3.3205    34.4659    34.4647    27.2202    27.2192    1483.72    1483.71         20 0.0000e+00
      33206 101.430565    748.000    742.459     5.3347     5.3345   3.362785   3.362631     1.6577     1.4385   -0.00126   -0.00091    -0.1005    92.1373 1.0000e-12 1.1082e+03 9.1316e-14      98.78    146.302     3.3651    144.334     3.3198    34.4661    34.4646    27.2202    27.2190    1483.70    1483.70         16 0.0000e+00
      33222 101.430573    747.000    741.466     5.3347     5.3344   3.362726   3.362571     1.6570     1.4383   -0.00033   -0.00101    -0.0957    92.1373 1.0000e-12 8.9214e+02 1.1210e-13      98.78    146.208     3.3629    144.600     3.3259    34.4659    34.4645    27.2200    27.2189    1483.69    1483.68         17 0.0000e+00
      33238 101.430580    746.000    740.475     5.3344     5.3336   3.362636   3.362424     1.6563     1.4382   -0.00005   -0.00121    -0.1058    92.1373 1.0000e-12 8.9981e+02 1.1115e-13      98.78    146.157     3.3617    144.465     3.3228    34.4657    34.4641    27.2198    27.2187    1483.67    1483.66         16 0.0000e+00
      33254 101.430588    745.000    739.482     5.3373     5.3363   3.362883   3.362667     1.6558     1.4379   -0.00073   -0.00135    -0.0987    92.1373 1.0000e-12 9.0592e+02 1.1039e-13      98.78    146.198     3.3627    144.178     3.3162    34.4660    34.4646    27.2197    27.2187    1483.67    1483.66         16 0.0000e+00
      33272 101.430595    744.000    738.489     5.3405     5.3400   3.363130   3.362962     1.6558     1.4371   -0.00087   -0.00121    -0.0990    92.1373 1.0000e-12 8.9201e+02 1.1211e-13      98.78    146.396     3.3672    144.325     3.3196    34.4660    34.4647    27.2194    27.2184    1483.66    1483.66         19 0.0000e+00
      33294 101.430603    743.000    737.497     5.3420     5.3416   3.363210   3.363047     1.6563     1.4371   -0.00028   -0.00099    -0.1009    92.1308 1.0000e-12 1.1434e+03 8.8772e-14      98.69    146.504     3.3697    144.462     3.3227    34.4660    34.4645    27.2192    27.2180    1483.65    1483.65         25 0.0000e+00
      33322 101.430618    742.000    736.515     5.3422     5.3435   3.363182   3.363168     1.6564     1.4371   -0.00060   -0.00055    -0.0955    92.1242 1.0000e-12 1.3227e+03 7.5534e-14      98.66    146.216     3.3631    144.429     3.3220    34.4660    34.4645    27.2191    27.2178    1483.64    1483.64         30 0.0000e+00
      33349 101.430634    741.000    735.525     5.3464     5.3468   3.363527   3.363456     1.6558     1.4369   -0.00037    0.00041    -0.0985    92.1364 1.0000e-12 1.2745e+03 7.8654e-14      98.78    146.105     3.3605    144.286     3.3187    34.4661    34.4649    27.2187    27.2177    1483.64    1483.64         25 0.0000e+00
      33372 101.430641    740.000    734.533     5.3529     5.3527   3.364137   3.363993     1.6557     1.4370   -0.00003    0.00034    -0.1008    92.1360 1.0000e-12 7.3363e+02 1.7093e-13      98.78    146.164     3.3619    144.407     3.3215    34.4669    34.4655    27.2186    27.2174    1483.65    1483.64         22 0.0000e+00
      33394 101.430649    739.000    733.537     5.3587     5.3572   3.364654   3.364384     1.6557     1.4371   -0.00015   -0.00043    -0.0974    92.1307 1.0000e-12 8.7300e+02 1.1490e-13      98.78    146.131     3.3611    144.271     3.3184    34.4673    34.4658    27.2182    27.2172    1483.65    1483.65         21 0.0000e+00
      33417 101.430664    738.000    732.547     5.3614     5.3601   3.364847   3.364601     1.6557     1.4368   -0.00009   -0.00016    -0.0979    92.1373 1.0000e-12 9.1140e+02 1.1005e-13      98.78    146.103     3.3605    144.070     3.3137    34.4673    34.4658    27.2178    27.2168    1483.65    1483.64         24 0.0000e+00
      33443 101.430679    737.000    731.558     5.3621     5.3611   3.364862   3.364631     1.6557     1.4367    0.00012   -0.00014    -0.0951    92.1373 1.0000e-12 1.0347e+03 1.0516e-13      98.78    146.080     3.3600    144.333     3.3198    34.4673    34.4656    27.2177    27.2165    1483.63    1483.63         29 0.0000e+00
      33470 101.430687    736.000    730.569     5.3629     5.3621   3.364876   3.364673     1.6557     1.4368   -0.00015   -0.00021    -0.0943    92.1373 1.0000e-12 1.2627e+03 7.9339e-14      98.78    146.059     3.3595    143.988     3.3118    34.4671    34.4656    27.2175    27.2164    1483.62    1483.62         26 0.0000e+00
      33496 101.430702    735.000    729.578     5.3637     5.3629   3.364916   3.364705     1.6557     1.4362   -0.00016   -0.00024    -0.0915    92.1373 1.0000e-12 9.3867e+02 1.1879e-13      98.78    146.038     3.3590    144.187     3.3164    34.4672    34.4656    27.2174    27.2163    1483.61    1483.60         24 0.0000e+00
      33519 101.430710    734.000    728.592     5.3651     5.3641   3.364988   3.364758     1.6557     1.4370    0.00021    0.00016    -0.0896    92.1347 1.0000e-12 1.0926e+03 9.1283e-14      98.78    146.014     3.3584    144.499     3.3236    34.4671    34.4655    27.2172    27.2161    1483.60    1483.59         22 0.0000e+00
      33538 101.430725    733.000    727.598     5.3649     5.3640   3.364918   3.364683     1.6557     1.4371   -0.00028    0.00012    -0.0958    92.1357 1.0000e-12 1.1540e+03 8.6677e-14      98.78    145.957     3.3571    144.548     3.3247    34.4670    34.4653    27.2171    27.2159    1483.58    1483.57         17 0.0000e+00
      33555 101.430733    732.000    726.606     5.3650     5.3640   3.364875   3.364645     1.6556     1.4377   -0.00038   -0.00014    -0.1012    92.1207 1.0000e-12 1.1782e+03 8.4872e-14      98.78    145.944     3.3568    144.803     3.3306    34.4669    34.4653    27.2171    27.2159    1483.56    1483.56         17 0.0000e+00
      33572 101.430740    731.000    725.607     5.3640     5.3628   3.364678   3.364413     1.6555     1.4383    0.00035   -0.00012    -0.1017    92.1372 1.0000e-12 1.1648e+03 8.5854e-14      98.78    146.118     3.3608    144.910     3.3330    34.4661    34.4643    27.2166    27.2153    1483.54    1483.54         18 0.0000e+00
      33593 101.430748    730.000    724.615     5.3620     5.3608   3.364326   3.364039     1.6566     1.4392    0.00043    0.00016    -0.0956    92.1273 1.0000e-12 1.0056e+03 1.0774e-13      98.78    146.663     3.3734    145.679     3.3507    34.4646    34.4626    27.2156    27.2141    1483.52    1483.51         24 0.0000e+00
      33620 101.430763    729.000    723.635     5.3592     5.3577   3.363863   3.363508     1.6597     1.4421    0.00071    0.00003    -0.0940    92.1374 1.0000e-12 1.2446e+03 8.0228e-14      98.78    147.639     3.3958    146.769     3.3758    34.4628    34.4603    27.2144    27.2126    1483.49    1483.48         29 0.0000e+00
      33647 101.430771    728.000    722.643     5.3553     5.3539   3.363357   3.363036     1.6643     1.4454    0.00092    0.00064    -0.0919    92.1373 1.0000e-12 1.2457e+03 8.0275e-14      98.78    148.376     3.4128    147.685     3.3969    34.4615    34.4593    27.2138    27.2123    1483.45    1483.44         23 0.0000e+00
      33670 101.430786    727.000    721.646     5.3528     5.3514   3.363005   3.362703     1.6677     1.4494    0.00208    0.00214    -0.0979    92.1373 1.0000e-12 1.2264e+03 8.1542e-14      98.78    148.777     3.4220    148.206     3.4088    34.4605    34.4585    27.2133    27.2120    1483.42    1483.42         24 0.0000e+00
      33696 101.430801    726.000    720.658     5.3511     5.3502   3.362736   3.362505     1.6725     1.4514    0.00284    0.00375    -0.0976    92.1373 1.0000e-12 1.2316e+03 8.1196e-14      98.78    149.490     3.4384    148.003     3.4042    34.4597    34.4580    27.2130    27.2117    1483.40    1483.39         30 0.0000e+00
      33724 101.430809    725.000    719.677     5.3480     5.3476   3.362293   3.362095     1.6772     1.4551    0.00362    0.00386    -0.0940    92.1337 1.0000e-12 1.2292e+03 8.1354e-14      86.18    150.032     3.4508    148.799     3.4225    34.4583    34.4565    27.2121    27.2108    1483.37    1483.36         24 0.0000e+00
      33745 101.430824    724.000    718.674     5.3465     5.3455   3.362047   3.361793     1.6808     1.4572    0.00300    0.00399    -0.0893    92.1151 1.0000e-12 1.2193e+03 8.2012e-14      99.00    150.472     3.4610    148.955     3.4261    34.4575    34.4557    27.2117    27.2104    1483.34    1483.34         19 0.0000e+00
      33764 101.430832    723.000    717.688     5.3434     5.3415   3.361640   3.361270     1.6838     1.4593    0.00213    0.00431    -0.0942    92.1314 1.0000e-12 1.2150e+03 8.2305e-14      98.78    150.913     3.4711    149.975     3.4495    34.4565    34.4543    27.2113    27.2097    1483.31    1483.30         19 0.0000e+00
      33783 101.430840    722.000    716.691     5.3379     5.3362   3.360997   3.360655     1.6873     1.4629    0.00311    0.00401    -0.0926    92.1358 1.0000e-12 1.2059e+03 8.2927e-14      98.78    151.533     3.4854    151.093     3.4752    34.4554    34.4532    27.2110    27.2095    1483.27    1483.26         19 0.0000e+00
      33803 101.430847    721.000    715.707     5.3324     5.3311   3.360325   3.360031     1.6913     1.4665    0.00256    0.00400    -0.0951    92.1373 1.0000e-12 1.2122e+03 8.2494e-14      98.78    152.251     3.5019    151.613     3.4872    34.4538    34.4517    27.2104    27.2089    1483.23    1483.23         20 0.0000e+00
      33823 101.430862    720.000    714.707     5.3175     5.3159   3.358629   3.358209     1.6960     1.4702    0.00279    0.00399    -0.0930    92.1373 1.0000e-12 1.0749e+03 1.0126e-13      98.78    153.362     3.5274    152.894     3.5167    34.4502    34.4470    27.2093    27.2069    1483.15    1483.14         21 0.0000e+00
      33850 101.430870    719.000    713.714     5.3128     5.3033   3.358114   3.356884     1.7046     1.4771    0.00413    0.00450    -0.0956    92.1373 1.0000e-12 1.1728e+03 8.6622e-14      98.78    154.794     3.5604    154.038     3.5430    34.4495    34.4453    27.2093    27.2070    1483.12    1483.07         36 0.0000e+00
      33892 101.430893    718.000    712.744     5.3161     5.2974   3.358344   3.356163     1.7178     1.4841    0.00506    0.00630    -0.0977    92.1373 1.0000e-12 1.2548e+03 7.9568e-14      98.78    156.275     3.5944    153.735     3.5360    34.4493    34.4435    27.2087    27.2063    1483.11    1483.03         36 0.0000e+00
      33915 101.430901    717.000    711.752     5.2954     5.2927   3.356081   3.355593     1.7239     1.4881    0.00612    0.00774    -0.0990    92.1373 1.0000e-12 1.2498e+03 8.0013e-14      98.78    156.967     3.6103    156.010     3.5883    34.4451    34.4424    27.2078    27.2060    1483.01    1482.99         19 0.0000e+00
      33932 101.430908    716.000    710.752     5.2825     5.2766   3.354535   3.353683     1.7285     1.4929    0.00472    0.00760    -0.0936    92.1373 1.0000e-12 1.2052e+03 8.3076e-14      98.78    157.942     3.6328    157.892     3.6316    34.4412    34.4375    27.2062    27.2040    1482.93    1482.90         15 0.0000e+00
      33947 101.430916    715.000    709.762     5.2716     5.2670   3.353366   3.352704     1.7336     1.4977    0.00327    0.00745    -0.0922    92.1373 1.0000e-12 9.4631e+02 1.0603e-13      98.78    158.988     3.6568    159.133     3.6601    34.4394    34.4365    27.2061    27.2043    1482.87    1482.85         14 0.0000e+00
      33961 101.430923    714.000    708.771     5.2681     5.2655   3.352896   3.352458     1.7391     1.5027    0.00325    0.00700    -0.0984    92.1373 1.0000e-12 8.7727e+02 1.1401e-13      98.78    159.807     3.6757    159.984     3.6797    34.4381    34.4358    27.2055    27.2039    1482.84    1482.82         16 0.0000e+00
