data/CTD/abra2/abra2005.cnv
* Sea-Bird SBE 9 Data File:
* FileName = C:\SEASOFT\ABRACOS2\data\abra2005.hex
* Software Version Seasave V 7.26.1.8
* Temperature SN = 6083
* Conductivity SN = 4355
* Number of Bytes Per Scan = 48
* Number of Voltage Words = 5
* Number of Scans Averaged by the Deck Unit = 1
* NMEA Latitude = 09 13.09 S
* NMEA Longitude = 034 46.02 W
* NMEA UTC (Time) = Apr 10 2017 20:52:16
** Cruise: ABRACOS2
** Ship: ANTEA
** Station: 5
** Bottom Depth: 1434
** Pressure frequency switch pos 2 before station:
** Pressure frequency switch pos 2 after station:
** Operator: JG/GA
** Comments:
# nquan = 30
# nvalues = 2019                        
# units = specified
# name 0 = scan: Scan Count
# name 1 = timeJ: Julian Days
# name 2 = prDM: Pressure, Digiquartz [db]
# name 3 = depSM: Depth [salt water, m]
# name 4 = t090C: Temperature [ITS-90, deg C]
# name 5 = t190C: Temperature, 2 [ITS-90, deg C]
# name 6 = c0S/m: Conductivity [S/m]
# name 7 = c1S/m: Conductivity, 2 [S/m]
# name 8 = sbeox0V: Oxygen raw, SBE 43 [V]
# name 9 = sbeox1V: Oxygen raw, SBE 43, 2 [V]
# name 10 = sbox1dV/dT: Oxygen, SBE 43, 2 [dov/dt]
# name 11 = sbox0dV/dT: Oxygen, SBE 43 [dov/dt]
# name 12 = flECO-AFL: Fluorescence, WET Labs ECO-AFL/FL [mg/m^3]
# name 13 = CStarTr0: Beam Transmission, WET Labs C-Star [%]
# name 14 = par: PAR/Irradiance, Biospherical/Licor
# name 15 = spar: SPAR/Surface Irradiance
# name 16 = cpar: CPAR/Corrected Irradiance [%]
# name 17 = altM: Altimeter [m]
# name 18 = sbox0Mm/Kg: Oxygen, SBE 43 [umol/kg], WS = 2
# name 19 = sbeox0ML/L: Oxygen, SBE 43 [ml/l], WS = 2
# name 20 = sbox1Mm/Kg: Oxygen, SBE 43, 2 [umol/kg], WS = 2
# name 21 = sbeox1ML/L: Oxygen, SBE 43, 2 [ml/l], WS = 2
# name 22 = sal00: Salinity, Practical [PSU]
# name 23 = sal11: Salinity, Practical, 2 [PSU]
# name 24 = sigma-é00: Density [sigma-theta, kg/m^3]
# name 25 = sigma-é11: Density, 2 [sigma-theta, kg/m^3]
# name 26 = svCM: Sound Velocity [Chen-Millero, m/s]
# name 27 = svCM1: Sound Velocity, 2 [Chen-Millero, m/s]
# name 28 = nbin: number of scans per bin
# name 29 = flag: flag
# span 0 =        480,      59870       
# span 1 = 100.869860, 100.898502       
# span 2 =      2.000,   1011.000       
# span 3 =      1.985,   1002.868       
# span 4 =     4.0533,    29.3218       
# span 5 =     4.0527,    29.3008       
# span 6 =   3.263225,   6.120763       
# span 7 =   3.262989,   6.118000       
# span 8 =     1.6716,     3.1066       
# span 9 =     1.4504,     2.6439       
# span 10 =   -0.04247,    0.02696      
# span 11 =   -0.04313,    0.03392      
# span 12 =    -0.1434,     0.9110      
# span 13 =    85.3864,    98.4254      
# span 14 = 1.0000e-12, 1.0000e-12      
# span 15 = 0.0000e+00, 0.0000e+00      
# span 16 = 9.9999e+04, 9.9999e+04      
# span 17 =      33.14,     101.39      
# span 18 =    147.403,    201.649      
# span 19 =     3.3896,     4.6263      
# span 20 =    135.701,    199.518      
# span 21 =     3.1204,     4.5781      
# span 22 =    34.3985,    37.4903      
# span 23 =    34.3967,    37.4863      
# span 24 =    23.8043,    27.3939      
# span 25 =    23.8094,    27.3922      
# span 26 =    1481.49,    1546.80      
# span 27 =    1481.49,    1546.76      
# span 28 =         11,        142      
# span 29 = 0.0000e+00, 0.0000e+00      
# interval = decibars: 1                
# start_time = Apr 10 2017 20:52:16 [System UTC, first data scan.]
# bad_flag = -9.990e-29
*END*
[from data line 1596]
      41939 100.889854    424.000    421.177     9.6648     9.6604   3.776824   3.776319     2.0784     1.7849    0.00201    0.00140    -0.0990    89.7966 1.0000e-12 0.0000e+00 9.9999e+04      98.78    174.305     4.0078    173.559     3.9906    34.7997    34.7987    26.8604    26.8604    1495.37    1495.35         19 0.0000e+00
      41961 100.889862    423.000    420.182     9.6716     9.6651   3.777517   3.776763     2.0813     1.7869    0.00086    0.00238    -0.0978    89.8343 1.0000e-12 0.0000e+00 9.9999e+04      98.78    174.670     4.0162    174.049     4.0019    34.8007    34.7993    26.8600    26.8600    1495.37    1495.35         26 0.0000e+00
      41991 100.889877    422.000    419.199     9.6781     9.6691   3.778135   3.777146     2.0847     1.7902    0.00188    0.00257    -0.0933    89.8954 1.0000e-12 0.0000e+00 9.9999e+04      98.78    174.776     4.0186    174.205     4.0055    34.8013    34.7997    26.8594    26.8597    1495.38    1495.35         33 0.0000e+00
      42021 100.889893    421.000    418.212     9.6627     9.6624   3.776503   3.776260     2.0870     1.7916    0.00206    0.00304    -0.0961    89.9322 1.0000e-12 0.0000e+00 9.9999e+04      98.78    175.256     4.0296    174.087     4.0028    34.7998    34.7976    26.8608    26.8591    1495.31    1495.30         25 0.0000e+00
      42042 100.889908    420.000    417.220     9.6661     9.6421   3.776978   3.774068     2.0905     1.7929    0.00274    0.00293    -0.0984    89.9890 1.0000e-12 0.0000e+00 9.9999e+04      98.78    176.166     4.0506    176.315     4.0540    34.8019    34.7951    26.8618    26.8605    1495.31    1495.21         18 0.0000e+00
      42059 100.889915    419.000    416.227     9.7462     9.7248   3.785393   3.784142     2.0952     1.7994    0.00222    0.00213    -0.0966    90.0260 1.0000e-12 0.0000e+00 9.9999e+04      98.78    176.807     4.0653    179.405     4.1250    34.8114    34.8192    26.8559    26.8655    1495.59    1495.52         16 0.0000e+00
      42073 100.889915    418.000    415.234     9.8253     9.8487   3.793889   3.797115     2.1005     1.8099    0.00126    0.00188    -0.1248    90.0438 1.0000e-12 0.0000e+00 9.9999e+04      98.78    177.184     4.0739    179.300     4.1226    34.8227    34.8332    26.8514    26.8556    1495.88    1495.97         14 0.0000e+00
      42087 100.889923    417.000    414.234    10.0303    10.0584   3.816448   3.820912     2.1048     1.8094    0.00103    0.00252    -0.1194    90.0763 1.0000e-12 0.0000e+00 9.9999e+04      98.78    176.883     4.0670    177.073     4.0714    34.8563    34.8748    26.8429    26.8526    1496.64    1496.76         12 0.0000e+00
      42099 100.889931    416.000    413.251    10.2119    10.2251   3.834430   3.836066     2.1095     1.8148    0.00144    0.00336    -0.0930    90.0896 1.0000e-12 0.0000e+00 9.9999e+04      98.78    177.007     4.0697    178.057     4.0939    34.8653    34.8693    26.8189    26.8197    1497.28    1497.34         13 0.0000e+00
      42111 100.889938    415.000    412.249    10.2366    10.2476   3.836866   3.838224     2.1156     1.8203    0.00442    0.00503    -0.1015    90.1146 1.0000e-12 0.0000e+00 9.9999e+04      63.91    177.759     4.0870    179.311     4.1227    34.8668    34.8700    26.8158    26.8164    1497.36    1497.40         12 0.0000e+00
      42123 100.889946    414.000    411.249    10.2851    10.2835   3.842077   3.842179     2.1217     1.8253    0.01033    0.00683    -0.0916    90.1402 1.0000e-12 0.0000e+00 9.9999e+04      55.34    178.103     4.0949    179.367     4.1240    34.8737    34.8762    26.8127    26.8150    1497.52    1497.52         12 0.0000e+00
      42137 100.889954    413.000    410.259    10.3319    10.3321   3.847073   3.847238     2.1273     1.8302    0.01108    0.00801    -0.0835    90.1629 1.0000e-12 0.0000e+00 9.9999e+04      98.37    178.119     4.0953    178.908     4.1134    34.8799    34.8813    26.8094    26.8105    1497.68    1497.68         15 0.0000e+00
      42153 100.889961    412.000    409.260    10.3823    10.3749   3.852470   3.851833     2.1326     1.8337    0.00756    0.00849    -0.1012    90.1928 1.0000e-12 0.0000e+00 9.9999e+04      98.78    177.959     4.0916    178.098     4.0948    34.8867    34.8873    26.8059    26.8077    1497.85    1497.83         18 0.0000e+00
      42175 100.889969    411.000    408.274    10.4295    10.3985   3.857389   3.854177     2.1371     1.8366    0.00919    0.01073    -0.1195    90.2373 1.0000e-12 0.0000e+00 9.9999e+04      98.78    177.805     4.0880    177.408     4.0789    34.8916    34.8888    26.8016    26.8048    1498.01    1497.89         26 0.0000e+00
      42210 100.889984    410.000    407.286    10.4702    10.4508   3.861596   3.859579     2.1425     1.8389    0.00671    0.00868    -0.0996    90.3097 1.0000e-12 0.0000e+00 9.9999e+04      98.78    177.894     4.0900    177.476     4.0804    34.8956    34.8938    26.7975    26.7995    1498.14    1498.07         47 0.0000e+00
      42252 100.890007    409.000    406.313    10.5157    10.5136   3.866346   3.866124     2.1463     1.8433    0.00158    0.00404    -0.0995    90.3809 1.0000e-12 0.0000e+00 9.9999e+04      98.78    177.964     4.0916    177.996     4.0924    34.9005    34.9003    26.7933    26.7936    1498.29    1498.28         27 0.0000e+00
      42270 100.890015    408.000    405.323    10.5112    10.5012   3.865930   3.864895     2.1488     1.8454    0.00145    0.00358    -0.0976    90.4130 1.0000e-12 0.0000e+00 9.9999e+04      98.78    178.376     4.1011    178.101     4.0948    34.9010    34.9001    26.7946    26.7956    1498.26    1498.22         15 0.0000e+00
      42284 100.890022    407.000    404.321    10.5512    10.5642   3.869883   3.871209     2.1502     1.8461    0.00223    0.00286    -0.0931    90.4261 1.0000e-12 0.0000e+00 9.9999e+04      98.78    178.409     4.1019    177.737     4.0864    34.9031    34.9041    26.7891    26.7876    1498.39    1498.44         13 0.0000e+00
      42296 100.890030    406.000    403.316    10.5644    10.5674   3.871233   3.871457     2.1521     1.8471    0.00275    0.00221    -0.0965    90.4424 1.0000e-12 0.0000e+00 9.9999e+04      98.78    178.649     4.1074    177.811     4.0881    34.9046    34.9039    26.7879    26.7869    1498.42    1498.43         12 0.0000e+00
      42308 100.890030    405.000    402.317    10.5693    10.5686   3.871649   3.871554     2.1543     1.8477    0.00273    0.00197    -0.0991    90.4673 1.0000e-12 0.0000e+00 9.9999e+04      98.78    178.908     4.1133    178.064     4.0939    34.9045    34.9041    26.7870    26.7868    1498.42    1498.42         12 0.0000e+00
      42321 100.890038    404.000    401.334    10.5708    10.5691   3.871751   3.871569     2.1563     1.8491    0.00256    0.00226    -0.1046    90.4750 1.0000e-12 0.0000e+00 9.9999e+04      98.78    179.108     4.1179    178.351     4.1005    34.9045    34.9043    26.7867    26.7869    1498.41    1498.40         13 0.0000e+00
      42334 100.890045    403.000    400.336    10.5834    10.5798   3.873111   3.872765     2.1586     1.8506    0.00239    0.00281    -0.1263    90.4866 1.0000e-12 0.0000e+00 9.9999e+04      98.78    179.297     4.1223    178.444     4.1026    34.9066    34.9066    26.7861    26.7867    1498.44    1498.43         14 0.0000e+00
      42349 100.890053    402.000    399.345    10.6085    10.6055   3.875839   3.875536     2.1613     1.8517    0.00195    0.00307    -0.1242    90.5078 1.0000e-12 0.0000e+00 9.9999e+04      98.78    179.364     4.1238    178.378     4.1011    34.9106    34.9104    26.7848    26.7851    1498.52    1498.51         15 0.0000e+00
      42364 100.890060    401.000    398.351    10.6440    10.6445   3.879425   3.879805     2.1633     1.8532    0.00154    0.00365    -0.1271    90.5304 1.0000e-12 0.0000e+00 9.9999e+04      98.78    179.247     4.1211    178.575     4.1056    34.9132    34.9165    26.7805    26.7830    1498.63    1498.64         16 0.0000e+00
      42382 100.890068    400.000    397.357    10.6723    10.6775   3.882404   3.882974     2.1652     1.8554    0.00217    0.00411    -0.1347    90.5485 1.0000e-12 0.0000e+00 9.9999e+04      98.78    179.373     4.1240    178.833     4.1116    34.9166    34.9173    26.7781    26.7778    1498.72    1498.74         20 0.0000e+00
      42403 100.890076    399.000    396.370    10.6954    10.6931   3.884809   3.884640     2.1683     1.8578    0.00234    0.00416    -0.1024    90.5833 1.0000e-12 0.0000e+00 9.9999e+04      98.78    179.548     4.1280    178.810     4.1110    34.9191    34.9196    26.7760    26.7768    1498.79    1498.78         22 0.0000e+00
      42426 100.890091    398.000    395.380    10.7172    10.7125   3.887087   3.886654     2.1705     1.8593    0.00225    0.00335    -0.0999    90.6185 1.0000e-12 0.0000e+00 9.9999e+04      98.78    179.538     4.1277    178.414     4.1019    34.9216    34.9217    26.7741    26.7750    1498.85    1498.83         23 0.0000e+00
      42449 100.890099    397.000    394.387    10.7229    10.7267   3.887611   3.888050     2.1726     1.8596    0.00279    0.00297    -0.1012    90.6592 1.0000e-12 0.0000e+00 9.9999e+04      98.78    179.740     4.1324    178.200     4.0970    34.9219    34.9227    26.7732    26.7732    1498.85    1498.87         23 0.0000e+00
      42472 100.890114    396.000    393.394    10.7383    10.7402   3.889205   3.889372     2.1747     1.8606    0.00235    0.00304    -0.0946    90.7052 1.0000e-12 0.0000e+00 9.9999e+04      98.78    179.836     4.1346    179.020     4.1158    34.9236    34.9235    26.7718    26.7714    1498.89    1498.90         23 0.0000e+00
      42495 100.890121    395.000    392.406    10.7608    10.7650   3.891548   3.891997     2.1767     1.8642    0.00114    0.00219    -0.0981    90.7417 1.0000e-12 0.0000e+00 9.9999e+04      98.78    179.933     4.1368    179.702     4.1315    34.9261    34.9267    26.7698    26.7694    1498.96    1498.97         22 0.0000e+00
      42515 100.890129    394.000    391.423    10.7985    10.8003   3.895630   3.895991     2.1782     1.8662    0.00037    0.00227    -0.0993    90.7963 1.0000e-12 0.0000e+00 9.9999e+04      98.78    180.073     4.1400    179.533     4.1276    34.9316    34.9335    26.7673    26.7684    1499.08    1499.09         17 0.0000e+00
      42530 100.890137    393.000    390.423    10.8199    10.8279   3.897695   3.898551     2.1806     1.8679    0.00101    0.00222    -0.1017    90.8339 1.0000e-12 0.0000e+00 9.9999e+04      98.78    180.526     4.1504    179.840     4.1347    34.9324    34.9333    26.7640    26.7633    1499.14    1499.17         15 0.0000e+00
      42544 100.890144    392.000    389.420    10.8358    10.8493   3.899467   3.901067     2.1837     1.8699    0.00248    0.00208    -0.0923    90.8609 1.0000e-12 0.0000e+00 9.9999e+04      98.78    180.854     4.1580    180.294     4.1451    34.9354    34.9385    26.7635    26.7636    1499.19    1499.24         14 0.0000e+00
      42559 100.890152    391.000    388.423    10.9113    10.9139   3.907664   3.908217     2.1862     1.8726    0.00335    0.00201    -0.1036    90.9050 1.0000e-12 0.0000e+00 9.9999e+04      98.78    180.577     4.1516    180.534     4.1506    34.9459    34.9489    26.7582    26.7601    1499.45    1499.46         15 0.0000e+00
      42576 100.890160    390.000    387.433    10.9857    10.9851   3.915578   3.915642     2.1882     1.8757    0.00291    0.00216    -0.0975    90.9385 1.0000e-12 0.0000e+00 9.9999e+04      98.78    180.276     4.1446    180.376     4.1469    34.9546    34.9559    26.7515    26.7526    1499.70    1499.70         19 0.0000e+00
      42596 100.890175    389.000    386.444    11.0263    11.0333   3.919701   3.920546     2.1904     1.8781    0.00284    0.00376    -0.0939    90.9935 1.0000e-12 0.0000e+00 9.9999e+04      98.78    180.440     4.1484    180.001     4.1383    34.9576    34.9594    26.7466    26.7467    1499.83    1499.86         22 0.0000e+00
      42617 100.890182    388.000    385.465    11.0421    11.0365   3.921323   3.920496     2.1934     1.8800    0.00387    0.00457    -0.1022    91.0496 1.0000e-12 0.0000e+00 9.9999e+04      98.78    180.673     4.1537    180.010     4.1385    34.9592    34.9563    26.7449    26.7436    1499.87    1499.85         19 0.0000e+00
      42634 100.890190    387.000    384.471    11.0658    11.0728   3.924026   3.924981     2.1953     1.8812    0.00432    0.00331    -0.1232    91.0773 1.0000e-12 0.0000e+00 9.9999e+04      98.78    180.718     4.1548    179.841     4.1346    34.9640    34.9669    26.7443    26.7453    1499.94    1499.97         14 0.0000e+00
      42648 100.890198    386.000    383.474    11.0833    11.0934   3.925673   3.926676     2.1974     1.8818    0.00364    0.00254    -0.1072    91.1151 1.0000e-12 0.0000e+00 9.9999e+04      98.78    180.774     4.1560    179.888     4.1357    34.9642    34.9647    26.7413    26.7399    1499.99    1500.02         14 0.0000e+00
      42661 100.890205    385.000    382.473    11.1013    11.1077   3.927522   3.928235     2.1983     1.8830    0.00273    0.00290    -0.0905    91.1530 1.0000e-12 0.0000e+00 9.9999e+04      98.78    180.647     4.1531    180.107     4.1407    34.9660    34.9670    26.7394    26.7391    1500.04    1500.06         14 0.0000e+00
      42676 100.890213    384.000    381.469    11.1158    11.1193   3.928989   3.929356     2.1992     1.8844    0.00222    0.00332    -0.1181    91.1819 1.0000e-12 0.0000e+00 9.9999e+04      98.78    180.625     4.1526    180.227     4.1434    34.9673    34.9676    26.7378    26.7374    1500.07    1500.09         16 0.0000e+00
      42698 100.890221    383.000    380.482    11.1011    11.1070   3.927407   3.927806     2.2012     1.8858    0.00174    0.00299    -0.1243    91.2356 1.0000e-12 0.0000e+00 9.9999e+04      98.78    181.050     4.1624    180.150     4.1417    34.9659    34.9643    26.7393    26.7370    1500.00    1500.02         33 0.0000e+00
      42738 100.890236    382.000    379.512    11.0995    11.1069   3.927143   3.928064     2.2059     1.8883    0.00204    0.00181    -0.1006    91.3230 1.0000e-12 0.0000e+00 9.9999e+04      98.78    181.464     4.1719    180.757     4.1556    34.9653    34.9674    26.7391    26.7395    1499.98    1500.01         32 0.0000e+00
      42758 100.890251    381.000    378.519    11.1419    11.1452   3.931547   3.931877     2.2071     1.8901    0.00171    0.00191    -0.1237    91.3731 1.0000e-12 0.0000e+00 9.9999e+04      98.78    181.283     4.1677    180.618     4.1524    34.9693    34.9694    26.7345    26.7340    1500.12    1500.13         16 0.0000e+00
      42772 100.890259    380.000    377.531    11.1570    11.1690   3.933247   3.934507     2.2079     1.8909    0.00102    0.00274    -0.0989    91.4105 1.0000e-12 0.0000e+00 9.9999e+04      98.78    181.265     4.1673    180.446     4.1484    34.9723    34.9734    26.7341    26.7328    1500.16    1500.20         12 0.0000e+00
      42783 100.890259    379.000    376.527    11.1774    11.1805   3.935280   3.935593     2.2087     1.8913    0.00117    0.00309    -0.1008    91.4250 1.0000e-12 0.0000e+00 9.9999e+04      98.78    181.256     4.1671    180.431     4.1481    34.9736    34.9738    26.7314    26.7309    1500.21    1500.22         11 0.0000e+00
      42795 100.890266    378.000    375.527    11.1864    11.1871   3.936161   3.936233     2.2092     1.8917    0.00179    0.00281    -0.0915    91.4540 1.0000e-12 0.0000e+00 9.9999e+04      98.78    181.311     4.1683    180.476     4.1491    34.9742    34.9743    26.7302    26.7301    1500.23    1500.23         12 0.0000e+00
