data/CTD/abra2/abra2008.cnv
* Sea-Bird SBE 9 Data File:
* FileName = C:\SEASOFT\ABRACOS2\data\abra2008.hex
* Software Version Seasave V 7.26.1.8
* Temperature SN = 6083
* Conductivity SN = 4355
* Number of Bytes Per Scan = 48
* Number of Voltage Words = 5
* Number of Scans Averaged by the Deck Unit = 1
* NMEA Latitude = 08 42.79 S
* NMEA Longitude = 034 48.22 W
* NMEA UTC (Time) = Apr 11 2017 18:45:12
** Cruise: ABRACOS2
** Ship: ANTEA
** Station: 8
** Bottom Depth: 46
** Pressure frequency switch pos 2 before station:
** Pressure frequency switch pos 2 after station:
** Operator: JG/GA
** Comments:
# nquan = 30
# nvalues = 91                          
# units = specified
# name 0 = scan: Scan Count
# name 1 = timeJ: Julian Days
# name 2 = prDM: Pressure, Digiquartz [db]
# name 3 = depSM: Depth [salt water, m]
# name 4 = t090C: Temperature [ITS-90, deg C]
# name 5 = t190C: Temperature, 2 [ITS-90, deg C]
# name 6 = c0S/m: Conductivity [S/m]
# name 7 = c1S/m: Conductivity, 2 [S/m]
# name 8 = sbeox0V: Oxygen raw, SBE 43 [V]
# name 9 = sbeox1V: Oxygen raw, SBE 43, 2 [V]
# name 10 = sbox1dV/dT: Oxygen, SBE 43, 2 [dov/dt]
# name 11 = sbox0dV/dT: Oxygen, SBE 43 [dov/dt]
# name 12 = flECO-AFL: Fluorescence, WET Labs ECO-AFL/FL [mg/m^3]
# name 13 = CStarTr0: Beam Transmission, WET Labs C-Star [%]
# name 14 = par: PAR/Irradiance, Biospherical/Licor
# name 15 = spar: SPAR/Surface Irradiance
# name 16 = cpar: CPAR/Corrected Irradiance [%]
# name 17 = altM: Altimeter [m]
# name 18 = sbox0Mm/Kg: Oxygen, SBE 43 [umol/kg], WS = 2
# name 19 = sbeox0ML/L: Oxygen, SBE 43 [ml/l], WS = 2
# name 20 = sbox1Mm/Kg: Oxygen, SBE 43, 2 [umol/kg], WS = 2
# name 21 = sbeox1ML/L: Oxygen, SBE 43, 2 [ml/l], WS = 2
# name 22 = sal00: Salinity, Practical [PSU]
# name 23 = sal11: Salinity, Practical, 2 [PSU]
# name 24 = sigma-é00: Density [sigma-theta, kg/m^3]
# name 25 = sigma-é11: Density, 2 [sigma-theta, kg/m^3]
# name 26 = svCM: Sound Velocity [Chen-Millero, m/s]
# name 27 = svCM1: Sound Velocity, 2 [Chen-Millero, m/s]
# name 28 = nbin: number of scans per bin
# name 29 = flag: flag
# span 0 =       -873,       7041       
# span 1 = 101.780966, 101.784786       
# span 2 =      1.000,     46.000       
# span 3 =      0.973,     45.735       
# span 4 =    27.3905,    28.8651       
# span 5 =    27.3876,    28.8599       
# span 6 =   5.893055,   6.052829       
# span 7 =   5.892325,   6.052189       
# span 8 =     2.9849,     3.0863       
# span 9 =     2.5715,     2.6445       
# span 10 =   -0.01023,    0.00686      
# span 11 =   -0.01276,    0.00396      
# span 12 =    -0.0821,     0.5244      
# span 13 =    95.9427,    97.3855      
# span 14 = 3.7795e-02, 4.8282e-01      
# span 15 = 1.8929e+02, 5.6408e+02      
# span 16 = 9.8373e-03, 2.1530e-01      
# span 17 =       0.76,      61.84      
# span 18 =    185.181,    197.555      
# span 19 =     4.2451,     4.5314      
# span 20 =    184.085,    195.962      
# span 21 =     4.2199,     4.4948      
# span 22 =    37.1809,    37.4974      
# span 23 =    37.1770,    37.4958      
# span 24 =    23.7563,    24.3833      
# span 25 =    23.7562,    24.3821      
# span 26 =    1543.26,    1545.97      
# span 27 =    1543.25,    1545.96      
# span 28 =          6,        158      
# span 29 = 0.0000e+00, 0.0000e+00      
# interval = decibars: 1                
# start_time = Apr 11 2017 18:45:12 [System UTC, first data scan.]
# bad_flag = -9.990e-29
*END*
       -873 101.780968      1.000      1.019    28.7773    28.7425   6.020534   6.016638     2.9849     2.5782    0.00221   -0.00022    -0.0314    97.3544 3.9906e-01 5.6408e+02 7.0791e-02      61.84    185.181     4.2451    184.829     4.2371    37.1903    37.1902    23.7846    23.7962    1545.34    1545.27          6 0.0000e+00
        959 101.781853      2.000      1.988    28.8169    28.8190   6.024731   6.024550     2.9989     2.5734   -0.00170    0.00027    -0.0821    97.3254 1.4335e-01 4.7773e+02 3.3446e-02      23.62    186.202     4.2684    184.085     4.2199    37.1883    37.1853    23.7699    23.7670    1545.44    1545.44        138 0.0000e+00
       1399 101.782066      3.000      2.983    28.7851    28.7817   6.020952   6.020055     2.9966     2.5745    0.00100   -0.00100    -0.0813    97.3671 1.0805e-01 5.1470e+02 2.1044e-02      24.21    186.023     4.2644    184.391     4.2269    37.1865    37.1829    23.7793    23.7778    1545.39    1545.38         72 0.0000e+00
       1465 101.782097      4.000      3.972    28.7825    28.7798   6.020621   6.019928     2.9941     2.5739   -0.00107   -0.00020    -0.0813    97.3826 7.4146e-02 5.1428e+02 1.4423e-02      42.15    186.043     4.2648    184.227     4.2232    37.1858    37.1831    23.7798    23.7786    1545.40    1545.39         36 0.0000e+00
       1495 101.782112      5.000      4.970    28.7260    28.7252   6.013701   6.012978     2.9951     2.5738    0.00177   -0.00392    -0.0813    97.3794 5.9082e-02 5.1366e+02 1.1502e-02      40.75    186.234     4.2693    184.575     4.2312    37.1814    37.1770    23.7955    23.7924    1545.29    1545.28         29 0.0000e+00
       1522 101.782120      6.000      5.964    28.7170    28.7139   6.012654   6.011852     2.9972     2.5739   -0.00141    0.00130    -0.0813    97.3636 4.7690e-02 4.3642e+02 1.0581e-02      39.76    186.509     4.2756    184.449     4.2284    37.1809    37.1777    23.7982    23.7968    1545.29    1545.28         25 0.0000e+00
       1547 101.782135      7.000      6.963    28.6861    28.6830   6.011760   6.010988     2.9982     2.5720   -0.00036    0.00082    -0.0813    97.3855 3.7795e-02 1.8929e+02 1.8582e-02      38.72    186.720     4.2805    184.760     4.2356    37.1985    37.1956    23.8218    23.8207    1545.26    1545.25         24 0.0000e+00
       1576 101.782150      8.000      7.961    28.6451    28.6436   6.009227   6.008562     3.0024     2.5776   -0.00010    0.00116    -0.0813    97.3568 4.4665e-02 4.1560e+02 9.8373e-03      37.56    187.077     4.2888    185.312     4.2483    37.2126    37.2092    23.8462    23.8441    1545.20    1545.19         37 0.0000e+00
       1616 101.782166      9.000      8.942    28.6393    28.6373   6.009295   6.008656     3.0003     2.5756    0.00108    0.00255    -0.0813    97.1761 1.1557e-01 4.5377e+02 2.7460e-02      36.55    186.730     4.2809    184.808     4.2368    37.2174    37.2144    23.8518    23.8503    1545.21    1545.20         36 0.0000e+00
       1643 101.782181     10.000      9.939    28.6381    28.6366   6.009737   6.009087     2.9996     2.5744    0.00275    0.00229    -0.0813    97.1523 1.6021e-01 5.1441e+02 3.1144e-02      36.00    186.914     4.2851    185.206     4.2459    37.2211    37.2177    23.8551    23.8531    1545.23    1545.22         23 0.0000e+00
       1666 101.782188     11.000     10.945    28.6295    28.6282   6.009106   6.008467     3.0020     2.5805   -0.00113   -0.00133    -0.0801    97.1714 2.0290e-01 5.1270e+02 3.9576e-02      35.07    187.239     4.2926    186.317     4.2714    37.2231    37.2196    23.8596    23.8574    1545.23    1545.22         24 0.0000e+00
       1697 101.782204     12.000     11.935    28.6220    28.6205   6.008943   6.008307     3.0055     2.5885   -0.00084   -0.00115    -0.0522    97.1222 2.6101e-01 5.1364e+02 5.0816e-02      33.88    187.471     4.2979    186.557     4.2770    37.2276    37.2243    23.8655    23.8635    1545.23    1545.23         38 0.0000e+00
       1734 101.782227     13.000     12.920    28.6221    28.6202   6.010136   6.009482     3.0071     2.5873    0.00686    0.00304    -0.0281    96.9590 3.4188e-01 5.1372e+02 6.6549e-02      32.81    187.607     4.3011    186.011     4.2645    37.2355    37.2324    23.8716    23.8698    1545.26    1545.25         32 0.0000e+00
       1760 101.782234     14.000     13.920    28.6239    28.6223   6.010770   6.010195     3.0107     2.5854    0.00519    0.00238    -0.0203    96.7191 3.9709e-01 5.1244e+02 7.7492e-02      32.02    187.989     4.3098    185.892     4.2617    37.2383    37.2355    23.8731    23.8715    1545.28    1545.28         23 0.0000e+00
       1784 101.782249     15.000     14.917    28.6264    28.6248   6.011508   6.010928     3.0134     2.5855   -0.00103    0.00112    -0.0167    96.5498 4.1126e-01 5.1004e+02 8.0633e-02      31.04    187.977     4.3096    185.996     4.2641    37.2411    37.2383    23.8745    23.8729    1545.31    1545.30         25 0.0000e+00
       1812 101.782265     16.000     15.916    28.6279    28.6261   6.011925   6.011296     3.0101     2.5851   -0.00129    0.00261     0.0078    96.4036 3.9995e-01 4.9169e+02 8.3964e-02      29.96    187.651     4.3021    186.218     4.2692    37.2426    37.2396    23.8752    23.8735    1545.33    1545.32         35 0.0000e+00
       1856 101.782280     17.000     16.898    28.6271    28.6254   6.012002   6.011368     3.0083     2.5887   -0.00063    0.00003     0.0103    96.2530 4.4761e-01 4.1775e+02 1.1052e-01      28.79    187.635     4.3017    186.268     4.2704    37.2434    37.2403    23.8762    23.8744    1545.35    1545.34         43 0.0000e+00
       1886 101.782295     18.000     17.890    28.6276    28.6257   6.012231   6.011565     3.0070     2.5851    0.00218   -0.00233     0.0102    96.2325 4.8282e-01 5.1416e+02 9.3765e-02      28.03    187.654     4.3022    186.090     4.2663    37.2443    37.2411    23.8767    23.8750    1545.36    1545.36         22 0.0000e+00
       1907 101.782310     19.000     18.896    28.6271    28.6254   6.012256   6.011618     3.0114     2.5876    0.00242   -0.00084     0.0075    96.1982 4.5877e-01 5.1040e+02 8.9884e-02      27.13    188.202     4.3147    186.318     4.2715    37.2445    37.2415    23.8771    23.8754    1545.38    1545.37         22 0.0000e+00
       1931 101.782318     20.000     19.895    28.6225    28.6207   6.012020   6.011381     3.0154     2.5872   -0.00192   -0.00048     0.0236    96.1805 4.2116e-01 5.1010e+02 8.2564e-02      26.21    188.443     4.3203    186.740     4.2812    37.2462    37.2432    23.8800    23.8783    1545.39    1545.38         28 0.0000e+00
       1969 101.782341     21.000     20.881    28.5825    28.5805   6.011746   6.011081     3.0198     2.5937    0.00011    0.00309     0.0492    96.0967 4.1095e-01 5.1190e+02 8.0279e-02      25.02    188.852     4.3298    187.072     4.2890    37.2755    37.2724    23.9155    23.9138    1545.35    1545.34         44 0.0000e+00
       2006 101.782356     22.000     21.870    28.5580    28.5564   6.013316   6.012627     3.0215     2.5902    0.00417    0.00299     0.0719    95.9779 4.1884e-01 5.1243e+02 8.1736e-02      24.13    188.786     4.3284    186.581     4.2779    37.3054    37.3019    23.9462    23.9441    1545.35    1545.34         29 0.0000e+00
       2032 101.782372     23.000     22.869    28.5585    28.5565   6.015590   6.014845     3.0186     2.5906    0.00251    0.00322     0.0457    95.9935 4.0365e-01 5.1099e+02 7.8992e-02      23.40    188.633     4.3249    186.859     4.2843    37.3207    37.3170    23.9577    23.9556    1545.38    1545.37         24 0.0000e+00
       2056 101.782379     24.000     23.866    28.5674    28.5654   6.018742   6.018137     3.0205     2.5894   -0.00238    0.00150     0.0397    96.0805 3.8004e-01 5.0976e+02 7.4556e-02      22.37    188.828     4.3294    186.557     4.2774    37.3354    37.3328    23.9659    23.9646    1545.43    1545.43         26 0.0000e+00
       2085 101.782394     25.000     24.859    28.5815    28.5790   6.023241   6.022360     3.0203     2.5909   -0.00060   -0.00189     0.0323    96.1981 3.4998e-01 3.6418e+02 1.3795e-01      21.24    188.867     4.3304    187.017     4.2880    37.3556    37.3514    23.9764    23.9741    1545.50    1545.49         32 0.0000e+00
       2119 101.782410     26.000     25.851    28.5877    28.5862   6.025270   6.024775     3.0258     2.5931   -0.00064    0.00084     0.0087    96.4528 3.3322e-01 5.1514e+02 6.3246e-02      19.75    189.100     4.3358    186.948     4.2864    37.3646    37.3623    23.9812    23.9800    1545.54    1545.53         33 0.0000e+00
       2148 101.782425     27.000     26.846    28.5957    28.5933   6.027747   6.026968     3.0184     2.5934    0.00173    0.00083     0.0102    96.5261 3.2183e-01 5.1045e+02 6.3048e-02      19.21    188.314     4.3178    186.765     4.2822    37.3754    37.3718    23.9867    23.9849    1545.59    1545.58         28 0.0000e+00
       2178 101.782440     28.000     27.845    28.6085    28.6069   6.031621   6.031126     3.0175     2.5880    0.00090    0.00245    -0.0200    96.6351 3.0105e-01 5.0971e+02 5.9064e-02      18.37    188.485     4.3217    186.074     4.2664    37.3922    37.3899    23.9951    23.9940    1545.65    1545.64         34 0.0000e+00
       2217 101.782455     29.000     28.833    28.6244    28.6229   6.036199   6.035722     3.0181     2.5835   -0.00161   -0.00488    -0.0203    96.7705 2.8275e-01 5.1092e+02 5.5338e-02      17.35    188.478     4.3216    185.845     4.2612    37.4114    37.4092    24.0044    24.0032    1545.72    1545.71         40 0.0000e+00
       2251 101.782471     30.000     29.823    28.6532    28.6518   6.043755   6.043427     3.0149     2.5844   -0.00332    0.00072    -0.0203    96.8523 2.6534e-01 5.0977e+02 5.2052e-02      16.52    187.838     4.3070    186.094     4.2670    37.4413    37.4401    24.0173    24.0169    1545.83    1545.82         26 0.0000e+00
       2274 101.782486     31.000     30.823    28.6766    28.6746   6.050664   6.050095     3.0095     2.5854   -0.00347    0.00047    -0.0203    96.9473 2.5575e-01 3.5994e+02 8.8520e-02      15.71    187.489     4.2990    186.061     4.2663    37.4709    37.4685    24.0319    24.0307    1545.93    1545.92         22 0.0000e+00
       2295 101.782494     32.000     31.822    28.6752    28.6735   6.052372   6.051733     3.0090     2.5866    0.00005   -0.00013    -0.0203    96.9913 2.3886e-01 4.5429e+02 5.6977e-02      14.75    187.618     4.3020    186.042     4.2659    37.4837    37.4805    24.0420    24.0402    1545.95    1545.95         22 0.0000e+00
       2323 101.782509     33.000     32.820    28.6716    28.6699   6.052829   6.052189     3.0086     2.5830    0.00109   -0.00479    -0.0203    97.0302 2.2012e-01 5.0611e+02 4.3786e-02      13.59    187.662     4.3031    185.496     4.2534    37.4894    37.4863    24.0476    24.0458    1545.97    1545.96         36 0.0000e+00
       2369 101.782532     34.000     33.802    28.6460    28.6445   6.050397   6.049707     3.0080     2.5817   -0.00092   -0.00056    -0.0502    97.0592 2.0603e-01 5.1128e+02 4.0298e-02      12.18    187.514     4.2997    185.760     4.2595    37.4923    37.4886    24.0584    24.0562    1545.93    1545.93         47 0.0000e+00
       2405 101.782547     35.000     34.798    28.6166    28.6150   6.047170   6.046440     3.0039     2.5794   -0.00226    0.00107    -0.0251    96.9847 1.8764e-01 5.1043e+02 3.6757e-02      11.64    187.448     4.2982    185.590     4.2556    37.4926    37.4887    24.0685    24.0662    1545.89    1545.88         29 0.0000e+00
       2433 101.782562     36.000     35.795    28.5555    28.5556   6.039773   6.039118     3.0043     2.5801    0.00059   -0.00261    -0.0203    97.0888 1.8334e-01 5.0966e+02 3.5974e-02      10.82    187.687     4.3038    185.666     4.2575    37.4887    37.4841    24.0861    24.0826    1545.77    1545.77         29 0.0000e+00
       2461 101.782578     37.000     36.789    28.4769    28.4769   6.029940   6.029070     3.0055     2.5723   -0.00190   -0.00223    -0.0203    97.0711 1.7017e-01 5.0966e+02 3.3388e-02       9.88    188.229     4.3163    185.015     4.2426    37.4816    37.4754    24.1071    24.1024    1545.61    1545.60         27 0.0000e+00
       2490 101.782593     38.000     37.790    28.2802    28.2791   6.005168   6.003807     3.0126     2.5741   -0.00043    0.00003    -0.0092    97.0302 1.5521e-01 5.0966e+02 3.0456e-02       8.83    189.439     4.3443    186.628     4.2798    37.4628    37.4540    24.1583    24.1521    1545.18    1545.17         34 0.0000e+00
       2538 101.782616     39.000     38.777    28.1253    28.1235   5.985658   5.984887     3.0218     2.5791   -0.00190    0.00396     0.0584    96.8983 1.4672e-01 4.2572e+02 3.7449e-02       7.51    190.266     4.3634    187.573     4.3016    37.4477    37.4437    24.1984    24.1960    1544.85    1544.84         58 0.0000e+00
       2767 101.782722     40.000     39.773    27.9915    27.9960   5.969108   5.969075     3.0105     2.5814   -0.00118    0.00085     0.0846    96.7360 1.3446e-01 4.7649e+02 2.9574e-02       6.39    189.799     4.3529    188.079     4.3134    37.4367    37.4329    24.2343    24.2300    1544.56    1544.56        158 0.0000e+00
       3136 101.782898     41.000     40.766    27.8894    27.9014   5.956489   5.957433     3.0089     2.5771   -0.00129   -0.00064     0.1118    96.5986 1.2255e-01 5.0616e+02 2.4250e-02       5.46    190.029     4.3582    187.971     4.3110    37.4282    37.4253    24.2616    24.2554    1544.34    1544.36         94 0.0000e+00
       3257 101.782959     42.000     41.760    27.7770    27.7771   5.942281   5.941758     3.0161     2.5874    0.00161    0.00156     0.1558    96.4801 1.1064e-01 4.8032e+02 2.6248e-02       4.41    190.951     4.3795    189.367     4.3432    37.4165    37.4127    24.2898    24.2869    1544.10    1544.09        153 0.0000e+00
       3397 101.783028     43.000     42.753    27.6787    27.6824   5.929746   5.929685     3.0236     2.5960    0.00123    0.00081     0.1835    96.3798 1.0399e-01 5.0429e+02 2.0630e-02       3.50    191.916     4.4018    190.582     4.3711    37.4053    37.4020    24.3137    24.3100    1543.89    1543.89        103 0.0000e+00
       3556 101.783104     44.000     43.748    27.5292    27.5301   5.910682   5.910199     3.0456     2.6139    0.00007   -0.00009     0.2320    96.2427 9.2459e-02 4.6288e+02 3.1831e-02       2.50    194.379     4.4584    193.183     4.4310    37.3885    37.3844    24.3499    24.3465    1543.55    1543.55        107 0.0000e+00
       4111 101.783371     45.000     44.746    27.4366    27.4423   5.898947   5.899163     3.0705     2.6335    0.00407    0.00338     0.3049    96.1673 7.9481e-02 4.6329e+02 1.8324e-02       1.46    196.580     4.5090    195.169     4.4766    37.3784    37.3754    24.3725    24.3684    1543.35    1543.36        118 0.0000e+00
       5359 101.783974     46.000     45.735    27.3905    27.3876   5.893055   5.892324     3.0863     2.6445   -0.00096   -0.00099     0.5244    96.1187 7.0365e-02 4.9948e+02 1.4015e-02      47.46    197.555     4.5314    195.962     4.4948    37.3728    37.3699    24.3833    24.3821    1543.26    1543.25        149 0.0000e+00
       5509 101.784042     45.000     44.742    27.4108    27.4071   5.895806   5.895091     3.0822     2.6433   -0.00176   -0.00097     0.3963    96.0985 7.5291e-02 4.9367e+02 1.5245e-02       0.92    196.485     4.5068    194.979     4.4723    37.3766    37.3744    24.3795    24.3791    1543.29    1543.28         31 0.0000e+00
       5544 101.784065     44.000     43.744    27.5105    27.5095   5.908730   5.908585     3.0613     2.6257    0.00089   -0.00123     0.2817    96.1020 8.5475e-02 4.9367e+02 1.7299e-02       1.80    194.497     4.4611    192.287     4.4104    37.3896    37.3893    24.3568    24.3569    1543.51    1543.51         44 0.0000e+00
