data/CTD/abra2/abra2002.cnv
* Sea-Bird SBE 9 Data File:
* FileName = C:\SEASOFT\ABRACOS2\data\abra2002.hex
* Software Version Seasave V 7.26.1.8
* Temperature SN = 6083
* Conductivity SN = 4355
* Number of Bytes Per Scan = 48
* Number of Voltage Words = 5
* Number of Scans Averaged by the Deck Unit = 1
* NMEA Latitude = 08 51.05 S
* NMEA Longitude = 034 43.46 W
* NMEA UTC (Time) = Apr 09 2017 20:43:25
** Cruise: ABRACOS2
** Ship: ANTEA
** Station: 2
** Bottom Depth: 1336
** Pressure frequency switch pos 2 before station:
** Pressure frequency switch pos 2 after station:
** Operator: JG
** Comments:
# nquan = 30
# nvalues = 1510                        
# units = specified
# name 0 = scan: Scan Count
# name 1 = timeJ: Julian Days
# name 2 = prDM: Pressure, Digiquartz [db]
# name 3 = depSM: Depth [salt water, m]
# name 4 = t090C: Temperature [ITS-90, deg C]
# name 5 = t190C: Temperature, 2 [ITS-90, deg C]
# name 6 = c0S/m: Conductivity [S/m]
# name 7 = c1S/m: Conductivity, 2 [S/m]
# name 8 = sbeox0V: Oxygen raw, SBE 43 [V]
# name 9 = sbeox1V: Oxygen raw, SBE 43, 2 [V]
# name 10 = sbox1dV/dT: Oxygen, SBE 43, 2 [dov/dt]
# name 11 = sbox0dV/dT: Oxygen, SBE 43 [dov/dt]
# name 12 = flECO-AFL: Fluorescence, WET Labs ECO-AFL/FL [mg/m^3]
# name 13 = CStarTr0: Beam Transmission, WET Labs C-Star [%]
# name 14 = par: PAR/Irradiance, Biospherical/Licor
# name 15 = spar: SPAR/Surface Irradiance
# name 16 = cpar: CPAR/Corrected Irradiance [%]
# name 17 = altM: Altimeter [m]
# name 18 = sbox0Mm/Kg: Oxygen, SBE 43 [umol/kg], WS = 2
# name 19 = sbeox0ML/L: Oxygen, SBE 43 [ml/l], WS = 2
# name 20 = sbox1Mm/Kg: Oxygen, SBE 43, 2 [umol/kg], WS = 2
# name 21 = sbeox1ML/L: Oxygen, SBE 43, 2 [ml/l], WS = 2
# name 22 = sal00: Salinity, Practical [PSU]
# name 23 = sal11: Salinity, Practical, 2 [PSU]
# name 24 = sigma-é00: Density [sigma-theta, kg/m^3]
# name 25 = sigma-é11: Density, 2 [sigma-theta, kg/m^3]
# name 26 = svCM: Sound Velocity [Chen-Millero, m/s]
# name 27 = svCM1: Sound Velocity, 2 [Chen-Millero, m/s]
# name 28 = nbin: number of scans per bin
# name 29 = flag: flag
# span 0 =        339,      48463       
# span 1 =  99.863659,  99.886867       
# span 2 =      1.000,    756.000       
# span 3 =      0.969,    750.386       
# span 4 =     5.1700,    28.6671       
# span 5 =     5.1685,    28.6653       
# span 6 =   3.342582,   6.041805       
# span 7 =   3.342273,   6.041146       
# span 8 =     1.9450,     3.0814       
# span 9 =     1.5157,     3.0001       
# span 10 =   -0.05166,    0.07898      
# span 11 =   -0.01753,    0.02307      
# span 12 =    -0.1438,     0.9835      
# span 13 =    86.8251,    99.5164      
# span 14 = 1.0000e-12, 1.3513e-02      
# span 15 = 0.0000e+00, 0.0000e+00      
# span 16 = 9.9999e+04, 9.9999e+04      
# span 17 =     -18.22,     100.92      
# span 18 =    172.058,    196.587      
# span 19 =     3.9561,     4.5101      
# span 20 =    117.084,    349.434      
# span 21 =     2.6913,     8.0367      
# span 22 =    34.3994,    37.5282      
# span 23 =    34.3976,    37.5288      
# span 24 =    23.7757,    27.1869      
# span 25 =    23.7738,    27.1854      
# span 26 =    1482.89,    1546.03      
# span 27 =    1482.88,    1546.02      
# span 28 =         12,        153      
# span 29 = 0.0000e+00, 0.0000e+00      
# interval = decibars: 1                
# start_time = Apr 09 2017 20:43:26 [System UTC, first data scan.]
# bad_flag = -9.990e-29
*END*
[from data line 726]
      16862  99.871628    728.000    722.633     5.2500     5.2485   3.348858   3.348501     1.9585     1.5342    0.00050   -0.00054    -0.1119    97.9003 1.0000e-12 0.0000e+00 9.9999e+04      98.78    185.827     4.2740    142.914     3.2870    34.4036    34.4010    27.1803    27.1785    1482.95    1482.94         19 0.0000e+00
      16879  99.871635    729.000    723.624     5.2445     5.2433   3.348404   3.348055     1.9583     1.5348    0.00043   -0.00056    -0.1119    97.8935 1.0000e-12 0.0000e+00 9.9999e+04      98.78    185.703     4.2712    143.013     3.2893    34.4035    34.4007    27.1809    27.1789    1482.95    1482.94         15 0.0000e+00
      16894  99.871643    730.000    724.623     5.2403     5.2395   3.348061   3.347771     1.9575     1.5346    0.00035   -0.00026    -0.1119    97.8917 1.0000e-12 0.0000e+00 9.9999e+04      98.78    185.509     4.2667    142.999     3.2890    34.4034    34.4009    27.1813    27.1795    1482.94    1482.94         15 0.0000e+00
      16909  99.871651    731.000    725.618     5.2347     5.2340   3.347604   3.347306     1.9570     1.5352    0.00022   -0.00011    -0.1119    97.8792 1.0000e-12 0.0000e+00 9.9999e+04      98.78    185.388     4.2639    143.220     3.2941    34.4034    34.4007    27.1820    27.1800    1482.94    1482.93         15 0.0000e+00
      16924  99.871658    732.000    726.614     5.2299     5.2283   3.347199   3.346816     1.9557     1.5355    0.00028   -0.00007    -0.1119    97.8654 1.0000e-12 0.0000e+00 9.9999e+04      98.78    185.267     4.2612    143.398     3.2982    34.4032    34.4004    27.1825    27.1804    1482.94    1482.93         17 0.0000e+00
      16945  99.871666    733.000    727.605     5.2180     5.2165   3.346118   3.345729     1.9550     1.5363    0.00047   -0.00051    -0.1119    97.8579 1.0000e-12 0.0000e+00 9.9999e+04      98.78    185.501     4.2665    143.640     3.3037    34.4025    34.3995    27.1832    27.1811    1482.90    1482.89         24 0.0000e+00
      16983  99.871681    734.000    728.586     5.2107     5.2097   3.345445   3.345143     1.9542     1.5375    0.00056   -0.00132    -0.1119    97.8456 1.0000e-12 0.0000e+00 9.9999e+04      98.78    185.528     4.2672    143.900     3.3097    34.4017    34.3993    27.1835    27.1817    1482.89    1482.88         49 0.0000e+00
      17021  99.871704    735.000    729.579     5.2095     5.2074   3.345373   3.344961     1.9537     1.5392    0.00079   -0.00058    -0.1119    97.8270 1.0000e-12 0.0000e+00 9.9999e+04      98.78    185.625     4.2694    144.241     3.3176    34.4016    34.3991    27.1836    27.1819    1482.90    1482.89         31 0.0000e+00
      17059  99.871719    736.000    730.567     5.2056     5.2040   3.345034   3.344674     1.9537     1.5406    0.00097   -0.00045    -0.1119    97.8165 1.0000e-12 0.0000e+00 9.9999e+04      98.78    185.684     4.2707    144.236     3.3174    34.4013    34.3988    27.1838    27.1820    1482.90    1482.89         43 0.0000e+00
      17098  99.871742    737.000    731.560     5.2013     5.1999   3.344693   3.344360     1.9536     1.5417    0.00101   -0.00001    -0.1119    97.7905 1.0000e-12 0.0000e+00 9.9999e+04      98.78    185.647     4.2699    144.724     3.3287    34.4013    34.3988    27.1843    27.1825    1482.90    1482.89         35 0.0000e+00
      17137  99.871758    738.000    732.551     5.1983     5.1968   3.344457   3.344121     1.9529     1.5439    0.00062   -0.00004    -0.1119    97.7828 1.0000e-12 0.0000e+00 9.9999e+04      98.78    185.514     4.2668    145.198     3.3396    34.4012    34.3988    27.1846    27.1829    1482.90    1482.89         44 0.0000e+00
      17178  99.871780    739.000    733.536     5.1953     5.1940   3.344231   3.343911     1.9524     1.5462    0.00132   -0.00034    -0.1119    97.7750 1.0000e-12 0.0000e+00 9.9999e+04      98.78    185.618     4.2692    145.375     3.3436    34.4011    34.3988    27.1849    27.1832    1482.91    1482.90         36 0.0000e+00
      17210  99.871796    740.000    734.533     5.1925     5.1911   3.344037   3.343712     1.9524     1.5477    0.00135   -0.00040    -0.1119    97.7617 1.0000e-12 0.0000e+00 9.9999e+04      98.78    185.674     4.2705    145.851     3.3546    34.4013    34.3989    27.1853    27.1837    1482.91    1482.90         29 0.0000e+00
      17258  99.871819    741.000    735.526     5.1918     5.1904   3.344007   3.343682     1.9521     1.5508    0.00136   -0.00016    -0.1119    97.7299 1.0000e-12 0.0000e+00 9.9999e+04      98.78    185.571     4.2682    146.245     3.3636    34.4011    34.3989    27.1853    27.1837    1482.93    1482.92         81 0.0000e+00
      17421  99.871895    742.000    736.513     5.1911     5.1897   3.343982   3.343663     1.9504     1.5624    0.00167   -0.00027    -0.1119    97.6378 1.0000e-12 0.0000e+00 9.9999e+04      98.78    185.435     4.2650    148.157     3.4076    34.4010    34.3989    27.1853    27.1838    1482.94    1482.93        112 0.0000e+00
      17651  99.872009    743.000    737.504     5.1901     5.1888   3.343927   3.343620     1.9500     1.5851    0.00304   -0.00006    -0.1119    97.5085 1.0000e-12 0.0000e+00 9.9999e+04      98.78    185.439     4.2651    152.026     3.4966    34.4009    34.3987    27.1854    27.1838    1482.95    1482.94         63 0.0000e+00
      17731  99.872047    744.000    738.490     5.1890     5.1875   3.343854   3.343529     1.9499     1.5952    0.00291    0.00012    -0.1119    97.4604 1.0000e-12 0.0000e+00 9.9999e+04      98.78    185.470     4.2658    154.200     3.5466    34.4008    34.3986    27.1854    27.1838    1482.96    1482.96         58 0.0000e+00
      17767  99.872063    745.000    739.487     5.1866     5.1852   3.343681   3.343371     1.9499     1.6031    0.00283    0.00007    -0.1119    97.4246 1.0000e-12 0.0000e+00 9.9999e+04      98.78    185.505     4.2666    155.598     3.5788    34.4008    34.3986    27.1857    27.1841    1482.97    1482.96         32 0.0000e+00
      17798  99.872078    746.000    740.474     5.1841     5.1827   3.343492   3.343183     1.9499     1.6084    0.00427   -0.00016    -0.1119    97.4282 1.0000e-12 0.0000e+00 9.9999e+04      98.78    185.541     4.2675    156.021     3.5885    34.4007    34.3985    27.1859    27.1844    1482.98    1482.97         31 0.0000e+00
      17826  99.872093    747.000    741.461     5.1822     5.1808   3.343374   3.343056     1.9499     1.6130    0.00521   -0.00013    -0.1119    97.3898 1.0000e-12 0.0000e+00 9.9999e+04      98.78    185.553     4.2677    157.105     3.6134    34.4007    34.3985    27.1862    27.1846    1482.99    1482.98         24 0.0000e+00
      17847  99.872101    748.000    742.455     5.1813     5.1798   3.343320   3.343009     1.9498     1.6178    0.00415 -6.756e-07    -0.1119    97.3880 1.0000e-12 0.0000e+00 9.9999e+04      98.78    185.400     4.2642    158.387     3.6429    34.4006    34.3985    27.1862    27.1847    1483.00    1482.99         20 0.0000e+00
      17867  99.872108    749.000    743.453     5.1788     5.1775   3.343139   3.342825     1.9487     1.6227    0.00396   -0.00002    -0.1119    97.3755 1.0000e-12 0.0000e+00 9.9999e+04      98.78    185.388     4.2640    159.327     3.6645    34.4005    34.3982    27.1864    27.1848    1483.01    1483.00         20 0.0000e+00
      17890  99.872124    750.000    744.445     5.1769     5.1755   3.342995   3.342679     1.9487     1.6286    0.00431   -0.00007    -0.1119    97.3663 1.0000e-12 0.0000e+00 9.9999e+04      98.78    185.511     4.2668    160.411     3.6895    34.4004    34.3981    27.1865    27.1849    1483.01    1483.01         25 0.0000e+00
      17933  99.872147    751.000    745.433     5.1763     5.1743   3.342966   3.342603     1.9487     1.6400    0.00585   -0.00032    -0.1119    97.3452 1.0000e-12 0.0000e+00 9.9999e+04      98.78    185.553     4.2677    161.677     3.7186    34.4001    34.3980    27.1864    27.1850    1483.03    1483.02         69 0.0000e+00
      17989  99.872169    752.000    746.412     5.1742     5.1727   3.342817   3.342505     1.9488     1.6524    0.00648   -0.00011    -0.1119    97.3206 1.0000e-12 0.0000e+00 9.9999e+04      98.78    185.442     4.2652    163.311     3.7562    34.4001    34.3980    27.1867    27.1852    1483.04    1483.03         29 0.0000e+00
      18013  99.872185    753.000    747.416     5.1738     5.1725   3.342831   3.342541     1.9479     1.6582    0.00568    0.00001    -0.1119    97.3162 1.0000e-12 0.0000e+00 9.9999e+04      98.78    185.291     4.2617    164.123     3.7748    34.4002    34.3981    27.1868    27.1853    1483.05    1483.04         25 0.0000e+00
      18044  99.872200    754.000    748.407     5.1725     5.1713   3.342735   3.342451     1.9476     1.6665    0.00520   -0.00011    -0.1119    97.2969 1.0000e-12 0.0000e+00 9.9999e+04      98.78    185.428     4.2649    166.614     3.8321    34.3999    34.3978    27.1867    27.1852    1483.06    1483.05         40 0.0000e+00
      18084  99.872215    755.000    749.390     5.1711     5.1698   3.342661   3.342362     1.9473     1.6807    0.00560   -0.00061    -0.1119    97.2836 1.0000e-12 0.0000e+00 9.9999e+04      98.78    185.354     4.2632    169.651     3.9020    34.4000    34.3978    27.1869    27.1854    1483.07    1483.06         35 0.0000e+00
      18246  99.872292    756.000    750.386     5.1700     5.1685   3.342587   3.342277     1.9462     1.7482    0.00980   -0.00008    -0.1136    97.2290 1.0000e-12 0.0000e+00 9.9999e+04      98.78    185.328     4.2626    179.399     4.1262    34.3997    34.3977    27.1869    27.1854    1483.08    1483.08        153 0.0000e+00
      18746  99.872536    755.000    749.394     5.1706     5.1690   3.342582   3.342273     1.9453     1.9986    0.01416   -0.00004    -0.1063    97.0756 1.0000e-12 0.0000e+00 9.9999e+04      98.78    185.280     4.2615    216.387     4.9769    34.3995    34.3977    27.1866    27.1854    1483.07    1483.06         97 0.0000e+00
      19142  99.872726    754.000    748.400     5.1720     5.1704   3.342665   3.342346     1.9456     2.2688    0.02094   -0.00032    -0.1088    97.0331 1.0000e-12 0.0000e+00 9.9999e+04      98.78    185.328     4.2626    254.923     5.8633    34.3995    34.3976    27.1865    27.1851    1483.06    1483.05         88 0.0000e+00
      19495  99.872894    753.000    747.409     5.1728     5.1713   3.342693   3.342395     1.9460     2.4854    0.01517   -0.00008    -0.1146    97.0582 1.0000e-12 0.0000e+00 9.9999e+04      98.78    185.301     4.2620    284.972     6.5544    34.3995    34.3977    27.1864    27.1851    1483.05    1483.04         77 0.0000e+00
      19642  99.872971    752.000    746.428     5.1734     5.1718   3.342689   3.342390     1.9450     2.5528    0.01228   -0.00051    -0.1118    97.0866 1.0000e-12 0.0000e+00 9.9999e+04      98.78    185.058     4.2564    292.814     6.7347    34.3994    34.3976    27.1862    27.1850    1483.03    1483.02         43 0.0000e+00
      19668  99.872978    751.000    745.430     5.1741     5.1724   3.342715   3.342431     1.9451     2.5576   -0.00886   -0.00028    -0.1119    97.0944 1.0000e-12 0.0000e+00 9.9999e+04      98.78    185.094     4.2572    291.259     6.6990    34.3995    34.3979    27.1861    27.1851    1483.02    1483.01         20 0.0000e+00
      19688  99.872986    750.000    744.440     5.1758     5.1738   3.342837   3.342511     1.9451     2.5622    0.00866   -0.00008    -0.1119    97.1027 1.0000e-12 0.0000e+00 9.9999e+04      98.78    185.038     4.2559    293.838     6.7583    34.3996    34.3979    27.1860    27.1849    1483.01    1483.00         20 0.0000e+00
      19708  99.873001    749.000    743.451     5.1783     5.1764   3.343031   3.342722     1.9451     2.5712    0.00911   -0.00014    -0.1119    97.1117 1.0000e-12 0.0000e+00 9.9999e+04      98.78    185.002     4.2551    293.069     6.7406    34.3998    34.3982    27.1859    27.1849    1483.00    1482.99         21 0.0000e+00
      19730  99.873009    748.000    742.451     5.1793     5.1777   3.343076   3.342786     1.9451     2.5723    0.00487    0.00006    -0.1119    97.1220 1.0000e-12 0.0000e+00 9.9999e+04      98.78    185.003     4.2551    294.759     6.7795    34.3998    34.3981    27.1858    27.1846    1482.99    1482.98         23 0.0000e+00
      19755  99.873024    747.000    741.466     5.1800     5.1786   3.343104   3.342825     1.9456     2.5881    0.00774    0.00004    -0.1119    97.1234 1.0000e-12 0.0000e+00 9.9999e+04      98.78    185.213     4.2599    301.861     6.9428    34.3999    34.3981    27.1857    27.1845    1482.98    1482.97         27 0.0000e+00
      19784  99.873039    746.000    740.479     5.1808     5.1801   3.343121   3.342921     1.9463     2.6027    0.00495    0.00004    -0.1119    97.1372 1.0000e-12 0.0000e+00 9.9999e+04      98.78    185.078     4.2568    296.270     6.8142    34.3998    34.3982    27.1856    27.1844    1482.96    1482.96         29 0.0000e+00
      19810  99.873047    745.000    739.485     5.1824     5.1824   3.343242   3.343097     1.9463     2.6002    0.01215    0.00028    -0.1119    97.1213 1.0000e-12 0.0000e+00 9.9999e+04      98.78    185.046     4.2561    298.191     6.8584    34.4000    34.3984    27.1856    27.1843    1482.95    1482.95         25 0.0000e+00
      19834  99.873062    744.000    738.498     5.1848     5.1835   3.343430   3.343143     1.9463     2.6204    0.01534    0.00048    -0.1119    97.1514 1.0000e-12 0.0000e+00 9.9999e+04      98.78    185.019     4.2555    309.220     7.1121    34.4001    34.3982    27.1854    27.1840    1482.95    1482.94         22 0.0000e+00
      19856  99.873070    743.000    737.502     5.1876     5.1860   3.343629   3.343351     1.9463     2.6340    0.00242    0.00037    -0.1119    97.1487 1.0000e-12 0.0000e+00 9.9999e+04      98.78    185.083     4.2569    305.833     7.0342    34.4001    34.3985    27.1850    27.1839    1482.94    1482.93         23 0.0000e+00
      19880  99.873085    742.000    736.513     5.1899     5.1890   3.343806   3.343582     1.9468     2.6478    0.00503    0.00009    -0.1119    97.1638 1.0000e-12 0.0000e+00 9.9999e+04      98.78    185.148     4.2584    307.230     7.0663    34.4003    34.3986    27.1849    27.1837    1482.93    1482.93         24 0.0000e+00
      19903  99.873093    741.000    735.525     5.1926     5.1916   3.343995   3.343777     1.9472     2.6551    0.02134    0.00006    -0.1134    97.1716 1.0000e-12 0.0000e+00 9.9999e+04      98.78    185.142     4.2583    305.751     7.0323    34.4002    34.3987    27.1845    27.1834    1482.93    1482.92         23 0.0000e+00
      19925  99.873100    740.000    734.533     5.1946     5.1948   3.344148   3.344053     1.9474     2.6618    0.01292    0.00021    -0.1148    97.1749 1.0000e-12 0.0000e+00 9.9999e+04      98.78    185.073     4.2567    305.565     7.0280    34.4004    34.3990    27.1844    27.1833    1482.92    1482.92         21 0.0000e+00
      19946  99.873116    739.000    733.542     5.2047     5.2037   3.345037   3.344862     1.9475     2.6645    0.01215    0.00041    -0.1195    97.1788 1.0000e-12 0.0000e+00 9.9999e+04      98.78    185.016     4.2554    301.814     6.9417    34.4008    34.3997    27.1835    27.1828    1482.95    1482.94         20 0.0000e+00
      19965  99.873123    738.000    732.550     5.2125     5.2112   3.345711   3.345450     1.9478     2.6594    0.00829    0.00037    -0.1199    97.1803 1.0000e-12 0.0000e+00 9.9999e+04      98.78    185.079     4.2568    297.967     6.8532    34.4010    34.3994    27.1828    27.1816    1482.96    1482.95         19 0.0000e+00
