data/CTD/abra2/abra2001.cnv
* Sea-Bird SBE 9 Data File:
* FileName = C:\SEASOFT\ABRACOS2\data\abra001.hex
* Software Version Seasave V 7.26.1.8
* Temperature SN = 6083
* Conductivity SN = 4355
* Number of Bytes Per Scan = 48
* Number of Voltage Words = 5
* Number of Scans Averaged by the Deck Unit = 1
* NMEA Latitude = 08 39.81 S
* NMEA Longitude = 034 47.84 W
* NMEA UTC (Time) = Apr 09 2017 16:35:33
** Cruise: ABRACOS2
** Ship: ANTEA
** Station: 1
** Bottom Depth: 45
** Pressure frequency switch pos 2 before station:
** Pressure frequency switch pos 2 after station:
** Operator: JG/GO
** Comments:
# nquan = 30
# nvalues = 86                          
# units = specified
# name 0 = scan: Scan Count
# name 1 = timeJ: Julian Days
# name 2 = prDM: Pressure, Digiquartz [db]
# name 3 = depSM: Depth [salt water, m]
# name 4 = t090C: Temperature [ITS-90, deg C]
# name 5 = t190C: Temperature, 2 [ITS-90, deg C]
# name 6 = c0S/m: Conductivity [S/m]
# name 7 = c1S/m: Conductivity, 2 [S/m]
# name 8 = sbeox0V: Oxygen raw, SBE 43 [V]
# name 9 = sbeox1V: Oxygen raw, SBE 43, 2 [V]
# name 10 = sbox1dV/dT: Oxygen, SBE 43, 2 [dov/dt]
# name 11 = sbox0dV/dT: Oxygen, SBE 43 [dov/dt]
# name 12 = flECO-AFL: Fluorescence, WET Labs ECO-AFL/FL [mg/m^3]
# name 13 = CStarTr0: Beam Transmission, WET Labs C-Star [%]
# name 14 = par: PAR/Irradiance, Biospherical/Licor
# name 15 = spar: SPAR/Surface Irradiance
# name 16 = cpar: CPAR/Corrected Irradiance [%]
# name 17 = altM: Altimeter [m]
# name 18 = sbox0Mm/Kg: Oxygen, SBE 43 [umol/kg], WS = 2
# name 19 = sbeox0ML/L: Oxygen, SBE 43 [ml/l], WS = 2
# name 20 = sbox1Mm/Kg: Oxygen, SBE 43, 2 [umol/kg], WS = 2
# name 21 = sbeox1ML/L: Oxygen, SBE 43, 2 [ml/l], WS = 2
# name 22 = sal00: Salinity, Practical [PSU]
# name 23 = sal11: Salinity, Practical, 2 [PSU]
# name 24 = sigma-é00: Density [sigma-theta, kg/m^3]
# name 25 = sigma-é11: Density, 2 [sigma-theta, kg/m^3]
# name 26 = svCM: Sound Velocity [Chen-Millero, m/s]
# name 27 = svCM1: Sound Velocity, 2 [Chen-Millero, m/s]
# name 28 = nbin: number of scans per bin
# name 29 = flag: flag
# span 0 =       -263,       6144       
# span 1 =  99.691239,  99.694328       
# span 2 =      1.000,     44.000       
# span 3 =      0.999,     43.752       
# span 4 =    28.5449,    28.7341       
# span 5 =    28.5434,    28.7213       
# span 6 =   6.017897,   6.029635       
# span 7 =   6.017234,   6.027863       
# span 8 =     3.0101,     3.0483       
# span 9 =     2.8296,     2.8654       
# span 10 =   -0.00665,    0.00694      
# span 11 =   -0.00361,    0.00470      
# span 12 =    -0.1221,     0.0395      
# span 13 =    95.8809,    99.1766      
# span 14 = 1.0744e-01, 8.7971e-01      
# span 15 = 2.3139e+02, 1.1124e+03      
# span 16 = 1.6744e-02, 3.6044e-01      
# span 17 =       0.75,      98.68      
# span 18 =    187.314,    191.430      
# span 19 =     4.2943,     4.3892      
# span 20 =    189.731,    193.627      
# span 21 =     4.3498,     4.4395      
# span 22 =    37.2865,    37.3490      
# span 23 =    37.2840,    37.3456      
# span 24 =    23.8718,    23.9843      
# span 25 =    23.8743,    23.9824      
# span 26 =    1545.27,    1545.75      
# span 27 =    1545.26,    1545.74      
# span 28 =         21,        131      
# span 29 = 0.0000e+00, 0.0000e+00      
# interval = decibars: 1                
# start_time = Apr 09 2017 16:35:34 [System UTC, first data scan.]
# bad_flag = -9.990e-29
*END*
[from data line 49]
       4301  99.693436     38.000     37.788    28.5455    28.5437   6.018784   6.018110     3.0394     2.8654   -0.00015    0.00245     0.0102    98.2789 2.8045e-01 7.4247e+02 3.7769e-02       5.83    190.405     4.3657    193.535     4.4374    37.3487    37.3454    23.9843    23.9824    1545.63    1545.63         21 0.0000e+00
       4323  99.693451     37.000     36.781    28.5452    28.5435   6.018682   6.018014     3.0332     2.8586    0.00260    0.00197     0.0102    98.3175 2.9752e-01 7.4767e+02 3.9791e-02       6.66    189.895     4.3540    192.602     4.4161    37.3485    37.3451    23.9841    23.9822    1545.62    1545.61         23 0.0000e+00
       4356  99.693466     36.000     35.791    28.5452    28.5435   6.018560   6.017901     3.0351     2.8521    0.00016   -0.00137     0.0102    98.3175 3.2006e-01 7.4016e+02 4.3254e-02       7.97    190.279     4.3628    192.423     4.4119    37.3480    37.3447    23.9837    23.9818    1545.60    1545.59         48 0.0000e+00
       4404  99.693489     35.000     34.804    28.5451    28.5436   6.018486   6.017833     3.0348     2.8520   -0.00641   -0.00145     0.0102    98.3467 3.3914e-01 7.2767e+02 4.6605e-02       9.13    190.133     4.3594    192.740     4.4192    37.3478    37.3444    23.9835    23.9814    1545.58    1545.58         40 0.0000e+00
       4440  99.693504     34.000     33.804    28.5453    28.5438   6.018412   6.017766     3.0359     2.8516   -0.00049    0.00115     0.0102    98.3582 3.5817e-01 7.3389e+02 4.8803e-02       9.95    190.163     4.3601    192.103     4.4046    37.3475    37.3441    23.9831    23.9811    1545.57    1545.56         36 0.0000e+00
       4480  99.693527     33.000     32.811    28.5473    28.5456   6.018383   6.017724     3.0298     2.8420    0.00057   -0.00017     0.0102    98.3429 3.7443e-01 4.6536e+02 6.2809e-02      10.89    189.515     4.3453    191.809     4.3979    37.3460    37.3427    23.9812    23.9793    1545.55    1545.54         43 0.0000e+00
       4523  99.693550     32.000     31.821    28.5481    28.5467   6.018345   6.017697     3.0243     2.8452   -0.00665   -0.00274     0.0102    98.3744 3.9836e-01 7.3197e+02 5.4692e-02      11.83    189.201     4.3381    191.934     4.4007    37.3454    37.3420    23.9804    23.9783    1545.54    1545.53         40 0.0000e+00
       4556  99.693565     31.000     30.828    28.5489    28.5471   6.018307   6.017655     3.0229     2.8454    0.00294   -0.00361     0.0102    98.4002 4.1295e-01 7.2019e+02 5.7337e-02      12.71    189.148     4.3368    192.198     4.4068    37.3448    37.3417    23.9797    23.9779    1545.52    1545.51         28 0.0000e+00
       4584  99.693573     30.000     29.827    28.5502    28.5485   6.018287   6.017618     3.0234     2.8460   -0.00036   -0.00245     0.0102    98.4147 4.3727e-01 7.2265e+02 6.0507e-02      13.64    189.201     4.3381    191.972     4.4016    37.3440    37.3406    23.9785    23.9765    1545.51    1545.50         29 0.0000e+00
       4618  99.693596     29.000     28.831    28.5558    28.5548   6.018329   6.017674     3.0225     2.8440    0.00092   -0.00065    -0.0172    98.4251 4.7301e-01 7.2563e+02 6.5185e-02      14.74    188.963     4.3326    191.545     4.3918    37.3401    37.3363    23.9737    23.9711    1545.50    1545.49         40 0.0000e+00
       4666  99.693619     28.000     27.839    28.5552    28.5550   6.018263   6.017623     3.0203     2.8427   -0.00146   -0.00076    -0.0202    98.4575 4.9945e-01 7.1937e+02 6.9435e-02      15.77    188.888     4.3309    191.751     4.3965    37.3405    37.3361    23.9741    23.9709    1545.48    1545.47         61 0.0000e+00
       4724  99.693642     27.000     26.856    28.5587    28.5564   6.018243   6.017570     3.0222     2.8402    0.00111   -0.00041    -0.0203    98.4470 5.0602e-01 7.1141e+02 7.1165e-02      16.59    189.101     4.3357    191.263     4.3853    37.3378    37.3350    23.9708    23.9694    1545.47    1545.46         39 0.0000e+00
       4750  99.693657     26.000     25.857    28.5610    28.5592   6.018202   6.017543     3.0233     2.8392   -0.00027   -0.00034    -0.0203    98.4799 5.3593e-01 2.3139e+02 1.1599e-01      17.27    189.043     4.3344    191.358     4.3875    37.3361    37.3329    23.9687    23.9668    1545.45    1545.45         23 0.0000e+00
       4773  99.693665     25.000     24.852    28.5619    28.5602   6.018141   6.017470     3.0223     2.8381   -0.00238    0.00138    -0.0203    98.4750 5.6931e-01 7.1209e+02 7.9856e-02      18.16    188.860     4.3302    190.828     4.3753    37.3353    37.3319    23.9676    23.9656    1545.44    1545.43         24 0.0000e+00
       4816  99.693687     24.000     23.860    28.5631    28.5613   6.018053   6.017385     3.0212     2.8340   -0.00152    0.00041    -0.0248    98.4990 6.1251e-01 7.1035e+02 8.6247e-02      19.49    188.841     4.3298    190.808     4.3748    37.3340    37.3308    23.9662    23.9644    1545.42    1545.41         65 0.0000e+00
       4893  99.693726     23.000     22.880    28.5648    28.5628   6.017987   6.017330     3.0218     2.8450   -0.00174   -0.00009    -0.0531    98.5331 5.9202e-01 7.0336e+02 8.4174e-02      20.44    188.643     4.3252    192.063     4.4036    37.3325    37.3295    23.9644    23.9628    1545.41    1545.40         30 0.0000e+00
       4914  99.693733     22.000     21.873    28.5658    28.5644   6.017906   6.017241     3.0169     2.8444    0.00216    0.00166    -0.0344    98.5247 6.3700e-01 7.1355e+02 8.9269e-02      21.07    188.284     4.3170    191.742     4.3962    37.3315    37.3280    23.9632    23.9611    1545.39    1545.38         24 0.0000e+00
       4947  99.693748     21.000     20.874    28.5698    28.5681   6.017897   6.017251     3.0174     2.8394    0.00546   -0.00126    -0.0217    98.5376 6.9974e-01 5.0019e+02 1.1437e-01      22.20    188.568     4.3235    190.545     4.3688    37.3286    37.3254    23.9596    23.9578    1545.38    1545.37         48 0.0000e+00
       5012  99.693779     20.000     19.892    28.5757    28.5745   6.018023   6.017386     3.0177     2.8313   -0.00582    0.00045    -0.0330    98.6061 6.8538e-01 7.1191e+02 9.8179e-02      23.39    188.482     4.3215    190.919     4.3773    37.3251    37.3216    23.9550    23.9528    1545.37    1545.37         62 0.0000e+00
       5051  99.693802     19.000     18.894    28.5811    28.5786   6.018360   6.017659     3.0218     2.8335   -0.00285   -0.00114    -0.0323    98.6297 6.7249e-01 6.9687e+02 9.6498e-02      24.00    188.764     4.3279    190.326     4.3637    37.3235    37.3206    23.9519    23.9506    1545.36    1545.36         28 0.0000e+00
       5080  99.693817     18.000     17.893    28.5910    28.5885   6.019038   6.018336     3.0187     2.8297    0.00443    0.00001    -0.0499    98.6275 7.2275e-01 6.9469e+02 1.0405e-01      24.94    188.295     4.3171    190.505     4.3678    37.3208    37.3178    23.9465    23.9451    1545.37    1545.36         34 0.0000e+00
       5130  99.693840     17.000     16.906    28.6007    28.5985   6.019620   6.018944     3.0129     2.8428   -0.00300   -0.00002    -0.0508    98.6764 7.3507e-01 6.8012e+02 1.0807e-01      26.27    187.960     4.3094    191.602     4.3930    37.3176    37.3145    23.9408    23.9392    1545.37    1545.36         57 0.0000e+00
       5175  99.693863     16.000     15.907    28.6135    28.6109   6.020167   6.019489     3.0149     2.8330    0.00694   -0.00279    -0.0508    98.7290 7.0113e-01 4.4511e+02 2.0868e-01      27.15    188.033     4.3111    190.111     4.3587    37.3116    37.3090    23.9319    23.9308    1545.37    1545.36         44 0.0000e+00
       5228  99.693886     15.000     14.916    28.6258    28.6234   6.020470   6.019817     3.0101     2.8342   -0.00578    0.00106    -0.0508    98.8252 6.8997e-01 6.8093e+02 9.9518e-02      28.22    187.679     4.3029    190.638     4.3708    37.3044    37.3017    23.9223    23.9211    1545.37    1545.37         54 0.0000e+00
       5288  99.693916     14.000     13.921    28.6380    28.6362   6.020904   6.020246     3.0117     2.8344    0.00097   -0.00139    -0.0564    98.9059 6.4571e-01 6.6974e+02 9.6414e-02      29.11    187.665     4.3026    190.622     4.3703    37.2982    37.2949    23.9135    23.9116    1545.38    1545.37         64 0.0000e+00
       5350  99.693947     13.000     12.928    28.6464    28.6443   6.021368   6.020689     3.0112     2.8348    0.00048   -0.00091    -0.0817    98.9739 5.3072e-01 6.6648e+02 7.9616e-02      29.92    187.823     4.3062    190.541     4.3685    37.2951    37.2920    23.9083    23.9066    1545.37    1545.37         64 0.0000e+00
       5399  99.693970     12.000     11.932    28.6477    28.6420   6.021435   6.020564     3.0172     2.8355   -0.00013    0.00122    -0.0813    98.9541 4.1933e-01 6.6579e+02 6.2983e-02      30.76    188.122     4.3130    190.297     4.3629    37.2949    37.2933    23.9076    23.9083    1545.36    1545.35         35 0.0000e+00
       5446  99.693993     11.000     10.937    28.6534    28.6434   6.021774   6.020647     3.0119     2.8303    0.00002    0.00236    -0.0925    99.0029 3.8583e-01 4.8997e+02 6.6719e-02      32.02    187.625     4.3016    190.219     4.3611    37.2930    37.2930    23.9042    23.9075    1545.35    1545.33         61 0.0000e+00
       5504  99.694023     10.000      9.944    28.6615    28.6583   6.022202   6.021482     3.0164     2.8341   -0.00022   -0.00217    -0.0819    99.0831 3.0959e-01 6.4680e+02 4.7689e-02      32.92    188.020     4.3107    190.409     4.3654    37.2900    37.2875    23.8991    23.8983    1545.35    1545.34         59 0.0000e+00
       5563  99.694046      9.000      8.951    28.6788    28.6662   6.023974   6.022217     3.0153     2.8357    0.00007    0.00317    -0.0951    99.1085 2.1368e-01 6.5359e+02 3.2674e-02      33.72    187.778     4.3051    190.501     4.3675    37.2891    37.2867    23.8925    23.8950    1545.37    1545.34         47 0.0000e+00
       5608  99.694069      8.000      7.954    28.6950    28.6849   6.025800   6.024239     3.0116     2.8363    0.00081   -0.00038    -0.1079    99.1239 1.7432e-01 6.4952e+02 2.6837e-02      34.72    187.465     4.2979    190.281     4.3624    37.2895    37.2865    23.8874    23.8885    1545.39    1545.36         54 0.0000e+00
       5663  99.694099      7.000      6.961    28.7102    28.7077   6.027188   6.026496     3.0180     2.8296    0.00036   -0.00282    -0.0808    99.1584 1.2775e-01 4.3393e+02 2.5023e-02      35.77    188.023     4.3106    189.731     4.3498    37.2875    37.2846    23.8807    23.8794    1545.40    1545.39         48 0.0000e+00
       5711  99.694122      6.000      5.965    28.7112    28.7086   6.027357   6.026529     3.0165     2.8345   -0.00294    0.00325    -0.1026    99.1486 1.3314e-01 6.1975e+02 2.1472e-02      36.69    187.658     4.3023    190.473     4.3668    37.2882    37.2845    23.8808    23.8789    1545.39    1545.38         57 0.0000e+00
       5770  99.694145      5.000      4.975    28.7341    28.7213   6.029635   6.027863     3.0122     2.8408    0.00276   -0.00188    -0.0985    99.1766 1.0744e-01 6.3905e+02 1.6803e-02      37.51    187.314     4.2943    190.667     4.3712    37.2865    37.2841    23.8718    23.8743    1545.42    1545.39         49 0.0000e+00
       5832  99.694176      4.000      3.977    28.7205    28.7154   6.028106   6.027124     3.0166     2.8409    0.00220   -0.00048    -0.1028    99.1473 1.4880e-01 6.3351e+02 2.3463e-02       3.44    187.731     4.3039    190.691     4.3718    37.2868    37.2840    23.8765    23.8761    1545.37    1545.36         85 0.0000e+00
       5918  99.694221      3.000      2.983    28.7117    28.7101   6.027093   6.026521     3.0140     2.8444    0.00093   -0.00024    -0.0933    99.1393 2.0298e-01 5.2275e+02 4.0567e-02       1.32    187.483     4.2982    190.918     4.3770    37.2869    37.2842    23.8794    23.8779    1545.34    1545.33         86 0.0000e+00
       6144  99.694328      2.000      1.985    28.7066    28.7051   6.026512   6.025911     3.0153     2.8444    0.00034   -0.00008    -0.1045    99.0390 2.4774e-01 5.5646e+02 4.2620e-02       3.53    187.569     4.3002    190.882     4.3762    37.2872    37.2841    23.8813    23.8795    1545.31    1545.30        131 0.0000e+00
