data/CTD/abra2/abra2005.cnv
* Sea-Bird SBE 9 Data File:
* FileName = C:\SEASOFT\ABRACOS2\data\abra2005.hex
* Software Version Seasave V 7.26.1.8
* Temperature SN = 6083
* Conductivity SN = 4355
* Number of Bytes Per Scan = 48
* Number of Voltage Words = 5
* Number of Scans Averaged by the Deck Unit = 1
* NMEA Latitude = 09 13.09 S
* NMEA Longitude = 034 46.02 W
* NMEA UTC (Time) = Apr 10 2017 20:52:16
** Cruise: ABRACOS2
** Ship: ANTEA
** Station: 5
** Bottom Depth: 1434
** Pressure frequency switch pos 2 before station:
** Pressure frequency switch pos 2 after station:
** Operator: JG/GA
** Comments:
# nquan = 30
# nvalues = 2019                        
# units = specified
# name 0 = scan: Scan Count
# name 1 = timeJ: Julian Days
# name 2 = prDM: Pressure, Digiquartz [db]
# name 3 = depSM: Depth [salt water, m]
# name 4 = t090C: Temperature [ITS-90, deg C]
# name 5 = t190C: Temperature, 2 [ITS-90, deg C]
# name 6 = c0S/m: Conductivity [S/m]
# name 7 = c1S/m: Conductivity, 2 [S/m]
# name 8 = sbeox0V: Oxygen raw, SBE 43 [V]
# name 9 = sbeox1V: Oxygen raw, SBE 43, 2 [V]
# name 10 = sbox1dV/dT: Oxygen, SBE 43, 2 [dov/dt]
# name 11 = sbox0dV/dT: Oxygen, SBE 43 [dov/dt]
# name 12 = flECO-AFL: Fluorescence, WET Labs ECO-AFL/FL [mg/m^3]
# name 13 = CStarTr0: Beam Transmission, WET Labs C-Star [%]
# name 14 = par: PAR/Irradiance, Biospherical/Licor
# name 15 = spar: SPAR/Surface Irradiance
# name 16 = cpar: CPAR/Corrected Irradiance [%]
# name 17 = altM: Altimeter [m]
# name 18 = sbox0Mm/Kg: Oxygen, SBE 43 [umol/kg], WS = 2
# name 19 = sbeox0ML/L: Oxygen, SBE 43 [ml/l], WS = 2
# name 20 = sbox1Mm/Kg: Oxygen, SBE 43, 2 [umol/kg], WS = 2
# name 21 = sbeox1ML/L: Oxygen, SBE 43, 2 [ml/l], WS = 2
# name 22 = sal00: Salinity, Practical [PSU]
# name 23 = sal11: Salinity, Practical, 2 [PSU]
# name 24 = sigma-é00: Density [sigma-theta, kg/m^3]
# name 25 = sigma-é11: Density, 2 [sigma-theta, kg/m^3]
# name 26 = svCM: Sound Velocity [Chen-Millero, m/s]
# name 27 = svCM1: Sound Velocity, 2 [Chen-Millero, m/s]
# name 28 = nbin: number of scans per bin
# name 29 = flag: flag
# span 0 =        480,      59870       
# span 1 = 100.869860, 100.898502       
# span 2 =      2.000,   1011.000       
# span 3 =      1.985,   1002.868       
# span 4 =     4.0533,    29.3218       
# span 5 =     4.0527,    29.3008       
# span 6 =   3.263225,   6.120763       
# span 7 =   3.262989,   6.118000       
# span 8 =     1.6716,     3.1066       
# span 9 =     1.4504,     2.6439       
# span 10 =   -0.04247,    0.02696      
# span 11 =   -0.04313,    0.03392      
# span 12 =    -0.1434,     0.9110      
# span 13 =    85.3864,    98.4254      
# span 14 = 1.0000e-12, 1.0000e-12      
# span 15 = 0.0000e+00, 0.0000e+00      
# span 16 = 9.9999e+04, 9.9999e+04      
# span 17 =      33.14,     101.39      
# span 18 =    147.403,    201.649      
# span 19 =     3.3896,     4.6263      
# span 20 =    135.701,    199.518      
# span 21 =     3.1204,     4.5781      
# span 22 =    34.3985,    37.4903      
# span 23 =    34.3967,    37.4863      
# span 24 =    23.8043,    27.3939      
# span 25 =    23.8094,    27.3922      
# span 26 =    1481.49,    1546.80      
# span 27 =    1481.49,    1546.76      
# span 28 =         11,        142      
# span 29 = 0.0000e+00, 0.0000e+00      
# interval = decibars: 1                
# start_time = Apr 10 2017 20:52:16 [System UTC, first data scan.]
# bad_flag = -9.990e-29
*END*
[from data line 242]
       8136 100.873550    244.000    242.480    14.8517    14.8500   4.340055   4.339511     2.4213     2.0654    0.00119   -0.00074    -0.1424    98.3608 1.0000e-12 0.0000e+00 9.9999e+04      98.75    185.484     4.2628    183.959     4.2277    35.4761    35.4727    26.3799    26.3776    1510.80    1510.79         38 0.0000e+00
       8168 100.873566    245.000    243.471    14.8317    14.8304   4.337838   4.337234     2.4201     2.0633    0.00144    0.00106    -0.1424    98.3588 1.0000e-12 0.0000e+00 9.9999e+04      98.75    185.415     4.2612    184.000     4.2287    35.4737    35.4693    26.3824    26.3793    1510.75    1510.74         25 0.0000e+00
       8190 100.873581    246.000    244.464    14.7919    14.7920   4.333358   4.332842     2.4195     2.0631   -0.00064    0.00032    -0.1424    98.3575 1.0000e-12 0.0000e+00 9.9999e+04      98.75    185.708     4.2680    184.527     4.2408    35.4684    35.4636    26.3870    26.3833    1510.64    1510.63         20 0.0000e+00
       8209 100.873589    247.000    245.463    14.7695    14.7685   4.330953   4.330476     2.4206     2.0637   -0.00181   -0.00059    -0.1424    98.3524 1.0000e-12 0.0000e+00 9.9999e+04      98.75    185.896     4.2723    184.514     4.2405    35.4664    35.4628    26.3904    26.3879    1510.58    1510.57         19 0.0000e+00
       8227 100.873596    248.000    246.456    14.7776    14.7764   4.332089   4.331613     2.4200     2.0629   -0.00139   -0.00096    -0.1424    98.3438 1.0000e-12 0.0000e+00 9.9999e+04      98.75    185.594     4.2654    183.938     4.2273    35.4690    35.4657    26.3907    26.3884    1510.63    1510.62         18 0.0000e+00
       8246 100.873604    249.000    247.446    14.7695    14.7692   4.331201   4.330782     2.4184     2.0608   -0.00049   -0.00067    -0.1424    98.3345 1.0000e-12 0.0000e+00 9.9999e+04      98.75    185.386     4.2606    183.662     4.2210    35.4678    35.4643    26.3915    26.3889    1510.61    1510.61         18 0.0000e+00
       8263 100.873611    250.000    248.440    14.7559    14.7556   4.329620   4.329182     2.4169     2.0597    0.00045    0.00048    -0.1223    98.3358 1.0000e-12 0.0000e+00 9.9999e+04      98.75    185.389     4.2607    183.890     4.2262    35.4653    35.4616    26.3926    26.3898    1510.59    1510.58         17 0.0000e+00
       8280 100.873619    251.000    249.435    14.7498    14.7488   4.329024   4.328576     2.4162     2.0590   -0.00010    0.00038    -0.1195    98.3371 1.0000e-12 0.0000e+00 9.9999e+04      98.75    185.433     4.2617    184.348     4.2367    35.4650    35.4617    26.3937    26.3914    1510.58    1510.57         16 0.0000e+00
       8296 100.873627    252.000    250.435    14.7352    14.7353   4.327308   4.326861     2.4153     2.0604   -0.00160   -0.00102    -0.1419    98.3390 1.0000e-12 0.0000e+00 9.9999e+04      98.75    185.627     4.2662    184.842     4.2481    35.4621    35.4579    26.3947    26.3914    1510.55    1510.54         17 0.0000e+00
       8314 100.873642    253.000    251.434    14.6867    14.6894   4.321612   4.321267     2.4168     2.0612   -0.00211   -0.00199    -0.1162    98.3219 1.0000e-12 0.0000e+00 9.9999e+04      98.76    186.291     4.2814    185.069     4.2533    35.4535    35.4479    26.3987    26.3937    1510.40    1510.40         22 0.0000e+00
       8344 100.873650    254.000    252.417    14.6044    14.6067   4.311921   4.311575     2.4208     2.0623   -0.00022   -0.00127    -0.1393    98.3220 1.0000e-12 0.0000e+00 9.9999e+04      98.76    187.184     4.3020    185.483     4.2629    35.4390    35.4338    26.4053    26.4008    1510.14    1510.14         37 0.0000e+00
       8379 100.873672    255.000    253.404    14.5130    14.5129   4.301131   4.300644     2.4261     2.0644    0.00138    0.00159    -0.1425    98.3163 1.0000e-12 0.0000e+00 9.9999e+04      98.76    187.958     4.3198    186.164     4.2786    35.4227    35.4183    26.4125    26.4091    1509.84    1509.84         28 0.0000e+00
       8403 100.873680    256.000    254.395    14.4820    14.4821   4.297421   4.296953     2.4274     2.0641    0.00071    0.00312    -0.1424    98.2963 1.0000e-12 0.0000e+00 9.9999e+04      98.76    187.934     4.3193    185.738     4.2688    35.4164    35.4119    26.4143    26.4108    1509.75    1509.75         23 0.0000e+00
       8424 100.873695    257.000    255.389    14.4297    14.4306   4.291418   4.290890     2.4278     2.0636    0.00105    0.00380    -0.1424    98.3133 1.0000e-12 0.0000e+00 9.9999e+04      98.75    188.238     4.3263    186.241     4.2804    35.4083    35.4026    26.4193    26.4148    1509.59    1509.59         18 0.0000e+00
       8441 100.873703    258.000    256.384    14.3751    14.3750   4.285382   4.284791     2.4287     2.0645    0.00169    0.00347    -0.1424    98.3113 1.0000e-12 0.0000e+00 9.9999e+04      98.75    188.495     4.3322    186.589     4.2884    35.4020    35.3966    26.4262    26.4221    1509.43    1509.42         17 0.0000e+00
       8457 100.873711    259.000    257.385    14.3589    14.3585   4.283574   4.283131     2.4286     2.0641    0.00033    0.00193    -0.1424    98.2942 1.0000e-12 0.0000e+00 9.9999e+04      98.75    188.444     4.3310    186.566     4.2879    35.3996    35.3959    26.4279    26.4251    1509.39    1509.38         16 0.0000e+00
       8474 100.873718    260.000    258.381    14.3515    14.3511   4.282702   4.282239     2.4282     2.0646   -0.00075    0.00068    -0.1424    98.2841 1.0000e-12 0.0000e+00 9.9999e+04      98.75    188.358     4.3291    186.699     4.2909    35.3980    35.3941    26.4282    26.4253    1509.38    1509.37         18 0.0000e+00
       8495 100.873726    261.000    259.373    14.3087    14.3092   4.277678   4.277160     2.4270     2.0641    0.00028    0.00087    -0.1424    98.2714 1.0000e-12 0.0000e+00 9.9999e+04      98.75    188.363     4.3292    186.162     4.2786    35.3902    35.3849    26.4313    26.4271    1509.25    1509.25         23 0.0000e+00
       8520 100.873741    262.000    260.358    14.2534    14.2541   4.271431   4.270970     2.4254     2.0613    0.00023    0.00018    -0.1212    98.2680 1.0000e-12 0.0000e+00 9.9999e+04      98.75    188.367     4.3293    185.990     4.2747    35.3825    35.3775    26.4372    26.4332    1509.08    1509.08         25 0.0000e+00
       8543 100.873749    263.000    261.349    14.1883    14.1901   4.264034   4.263607     2.4235     2.0597    0.00037   -0.00087    -0.1340    98.2671 1.0000e-12 0.0000e+00 9.9999e+04      98.75    188.433     4.3308    186.527     4.2870    35.3730    35.3675    26.4438    26.4391    1508.87    1508.87         21 0.0000e+00
       8563 100.873756    264.000    262.346    14.1501    14.1500   4.259767   4.259305     2.4217     2.0598   -0.00153   -0.00133    -0.1425    98.2563 1.0000e-12 0.0000e+00 9.9999e+04      98.75    188.398     4.3301    186.739     4.2919    35.3680    35.3638    26.4480    26.4448    1508.76    1508.76         20 0.0000e+00
       8583 100.873772    265.000    263.345    14.1260    14.1265   4.256968   4.256573     2.4201     2.0585   -0.00253   -0.00176    -0.1424    98.2542 1.0000e-12 0.0000e+00 9.9999e+04      98.75    188.522     4.3329    186.151     4.2784    35.3637    35.3595    26.4498    26.4464    1508.70    1508.69         22 0.0000e+00
       8607 100.873779    266.000    264.333    14.0962    14.0963   4.253555   4.253123     2.4195     2.0560   -0.00116   -0.00191    -0.1277    98.2470 1.0000e-12 0.0000e+00 9.9999e+04      98.76    188.478     4.3319    186.245     4.2806    35.3588    35.3547    26.4524    26.4491    1508.61    1508.61         25 0.0000e+00
       8632 100.873795    267.000    265.323    14.0654    14.0652   4.250022   4.249515     2.4160     2.0550   -0.00049   -0.00215    -0.1284    98.2326 1.0000e-12 0.0000e+00 9.9999e+04      98.76    187.991     4.3207    186.415     4.2845    35.3537    35.3492    26.4550    26.4515    1508.52    1508.52         24 0.0000e+00
       8654 100.873802    268.000    266.319    13.9934    13.9949   4.241935   4.241316     2.4133     2.0540   -0.00229   -0.00114    -0.1421    98.2056 1.0000e-12 0.0000e+00 9.9999e+04      98.76    188.388     4.3299    186.534     4.2873    35.3440    35.3369    26.4627    26.4568    1508.29    1508.29         22 0.0000e+00
       8677 100.873817    269.000    267.314    13.9236    13.9233   4.234403   4.233922     2.4130     2.0526   -0.00166   -0.00160    -0.1424    98.2242 1.0000e-12 0.0000e+00 9.9999e+04      98.76    188.582     4.3344    186.362     4.2834    35.3375    35.3332    26.4723    26.4691    1508.08    1508.07         23 0.0000e+00
       8700 100.873825    270.000    268.298    13.9007    13.9017   4.231750   4.231276     2.4099     2.0497   -0.00102   -0.00375    -0.1424    98.2188 1.0000e-12 0.0000e+00 9.9999e+04      98.76    188.185     4.3253    185.933     4.2735    35.3332    35.3280    26.4739    26.4696    1508.01    1508.01         22 0.0000e+00
       8720 100.873833    271.000    269.297    13.8366    13.8365   4.224658   4.223997     2.4080     2.0478   -0.00114   -0.00202    -0.1424    98.2169 1.0000e-12 0.0000e+00 9.9999e+04      98.76    188.322     4.3285    186.170     4.2790    35.3255    35.3194    26.4813    26.4766    1507.81    1507.80         19 0.0000e+00
       8738 100.873840    272.000    270.288    13.8147    13.8135   4.222261   4.221685     2.4058     2.0463   -0.00153   -0.00074    -0.1424    98.2103 1.0000e-12 0.0000e+00 9.9999e+04      98.76    188.077     4.3228    186.079     4.2769    35.3228    35.3185    26.4838    26.4807    1507.75    1507.74         17 0.0000e+00
       8755 100.873848    273.000    271.287    13.7948    13.7944   4.219874   4.219284     2.4030     2.0445   -0.00259   -0.00235    -0.1424    98.2008 1.0000e-12 0.0000e+00 9.9999e+04      98.76    187.838     4.3173    185.596     4.2658    35.3184    35.3132    26.4846    26.4807    1507.70    1507.69         18 0.0000e+00
       8774 100.873863    274.000    272.280    13.7284    13.7300   4.212199   4.211672     2.4002     2.0411   -0.00276   -0.00291    -0.1424    98.1951 1.0000e-12 0.0000e+00 9.9999e+04      98.76    187.938     4.3197    185.091     4.2542    35.3071    35.3007    26.4897    26.4844    1507.49    1507.48         19 0.0000e+00
       8794 100.873871    275.000    273.269    13.6567    13.6571   4.204070   4.203368     2.3980     2.0374   -0.00212   -0.00261    -0.1424    98.1983 1.0000e-12 0.0000e+00 9.9999e+04      98.76    188.058     4.3224    185.282     4.2586    35.2964    35.2895    26.4964    26.4909    1507.26    1507.25         20 0.0000e+00
       8813 100.873878    276.000    274.262    13.5615    13.5621   4.193498   4.192743     2.3955     2.0354   -0.00234   -0.00356    -0.1317    98.1844 1.0000e-12 0.0000e+00 9.9999e+04      98.75    188.292     4.3279    185.661     4.2674    35.2843    35.2767    26.5066    26.5006    1506.95    1506.94         20 0.0000e+00
       8833 100.873886    277.000    275.260    13.4570    13.4589   4.181656   4.180975     2.3943     2.0330   -0.00388   -0.00361    -0.1170    98.1705 1.0000e-12 0.0000e+00 9.9999e+04      98.75    188.780     4.3391    185.792     4.2704    35.2687    35.2606    26.5161    26.5094    1506.60    1506.60         19 0.0000e+00
       8854 100.873901    278.000    276.254    13.3979    13.3983   4.175107   4.174574     2.3933     2.0310   -0.00425   -0.00293    -0.1421    98.1701 1.0000e-12 0.0000e+00 9.9999e+04      98.75    188.788     4.3393    186.033     4.2760    35.2611    35.2556    26.5223    26.5180    1506.41    1506.41         23 0.0000e+00
       8880 100.873909    279.000    277.244    13.3703    13.3698   4.171965   4.171461     2.3901     2.0290   -0.00282   -0.00252    -0.1424    98.1665 1.0000e-12 0.0000e+00 9.9999e+04      98.75    188.348     4.3292    186.217     4.2803    35.2565    35.2522    26.5245    26.5212    1506.34    1506.33         29 0.0000e+00
       8908 100.873924    280.000    278.231    13.3615    13.3611   4.170971   4.170485     2.3851     2.0292   -0.00259   -0.00121    -0.1424    98.1686 1.0000e-12 0.0000e+00 9.9999e+04      98.76    187.831     4.3174    186.509     4.2870    35.2548    35.2506    26.5250    26.5218    1506.32    1506.31         26 0.0000e+00
       8933 100.873940    281.000    279.229    13.3163    13.3174   4.166039   4.165603     2.3817     2.0271   -0.00188   -0.00252    -0.1424    98.1599 1.0000e-12 0.0000e+00 9.9999e+04      98.76    187.828     4.3173    185.760     4.2698    35.2495    35.2444    26.5301    26.5259    1506.18    1506.18         24 0.0000e+00
       8956 100.873947    282.000    280.220    13.2839    13.2834   4.162546   4.162041     2.3788     2.0250   -0.00078   -0.00380    -0.1424    98.1521 1.0000e-12 0.0000e+00 9.9999e+04      98.76    187.735     4.3152    185.848     4.2718    35.2460    35.2416    26.5340    26.5307    1506.09    1506.08         23 0.0000e+00
       8978 100.873962    283.000    281.209    13.2592    13.2590   4.159827   4.159312     2.3763     2.0231   -0.00015   -0.00408    -0.1424    98.1357 1.0000e-12 0.0000e+00 9.9999e+04      98.76    187.634     4.3129    185.512     4.2641    35.2426    35.2380    26.5365    26.5329    1506.02    1506.01         20 0.0000e+00
       8997 100.873970    284.000    282.203    13.2285    13.2290   4.156508   4.156059     2.3744     2.0209   -0.00228   -0.00330    -0.1424    98.1455 1.0000e-12 0.0000e+00 9.9999e+04      98.76    187.510     4.3100    185.586     4.2658    35.2392    35.2345    26.5400    26.5363    1505.93    1505.93         18 0.0000e+00
       9014 100.873978    285.000    283.197    13.2080    13.2082   4.154205   4.153738     2.3720     2.0200   -0.00237   -0.00297    -0.1424    98.1449 1.0000e-12 0.0000e+00 9.9999e+04      98.76    187.065     4.2998    185.476     4.2633    35.2359    35.2313    26.5417    26.5381    1505.87    1505.87         16 0.0000e+00
       9030 100.873985    286.000    284.197    13.1786    13.1793   4.150929   4.150404     2.3677     2.0180   -0.00186   -0.00276    -0.1424    98.1467 1.0000e-12 0.0000e+00 9.9999e+04      98.76    186.725     4.2920    184.917     4.2504    35.2316    35.2260    26.5443    26.5399    1505.79    1505.78         17 0.0000e+00
       9047 100.873993    287.000    285.190    13.0856    13.0891   4.140367   4.139697     2.3647     2.0149   -0.00251   -0.00257    -0.1424    98.1379 1.0000e-12 0.0000e+00 9.9999e+04      98.76    187.161     4.3021    184.734     4.2462    35.2170    35.2074    26.5518    26.5437    1505.48    1505.48         18 0.0000e+00
       9066 100.874001    288.000    286.181    12.9486    12.9491   4.125452   4.124761     2.3635     2.0116   -0.00211   -0.00284    -0.1424    98.1353 1.0000e-12 0.0000e+00 9.9999e+04      98.76    187.721     4.3150    184.530     4.2416    35.2017    35.1946    26.5675    26.5620    1505.02    1505.01         19 0.0000e+00
       9086 100.874008    289.000    287.176    12.9239    12.9237   4.122663   4.122124     2.3612     2.0065   -0.00233   -0.00481    -0.1424    98.1443 1.0000e-12 0.0000e+00 9.9999e+04      98.76    187.478     4.3094    184.083     4.2314    35.1975    35.1926    26.5693    26.5655    1504.95    1504.94         21 0.0000e+00
       9107 100.874023    290.000    288.170    12.8470    12.8501   4.114073   4.113509     2.3585     2.0032   -0.00382   -0.00449    -0.1424    98.1483 1.0000e-12 0.0000e+00 9.9999e+04      98.76    187.486     4.3096    184.800     4.2479    35.1865    35.1782    26.5761    26.5691    1504.70    1504.70         22 0.0000e+00
       9132 100.874031    291.000    289.160    12.7515    12.7533   4.103635   4.103227     2.3547     2.0015   -0.00483   -0.00222    -0.1424    98.1453 1.0000e-12 0.0000e+00 9.9999e+04      98.76    187.337     4.3063    185.188     4.2568    35.1750    35.1695    26.5861    26.5815    1504.38    1504.38         27 0.0000e+00
