data/CTD/abra2/abra2005.cnv
* Sea-Bird SBE 9 Data File:
* FileName = C:\SEASOFT\ABRACOS2\data\abra2005.hex
* Software Version Seasave V 7.26.1.8
* Temperature SN = 6083
* Conductivity SN = 4355
* Number of Bytes Per Scan = 48
* Number of Voltage Words = 5
* Number of Scans Averaged by the Deck Unit = 1
* NMEA Latitude = 09 13.09 S
* NMEA Longitude = 034 46.02 W
* NMEA UTC (Time) = Apr 10 2017 20:52:16
** Cruise: ABRACOS2
** Ship: ANTEA
** Station: 5
** Bottom Depth: 1434
** Pressure frequency switch pos 2 before station:
** Pressure frequency switch pos 2 after station:
** Operator: JG/GA
** Comments:
# nquan = 30
# nvalues = 2019                        
# units = specified
# name 0 = scan: Scan Count
# name 1 = timeJ: Julian Days
# name 2 = prDM: Pressure, Digiquartz [db]
# name 3 = depSM: Depth [salt water, m]
# name 4 = t090C: Temperature [ITS-90, deg C]
# name 5 = t190C: Temperature, 2 [ITS-90, deg C]
# name 6 = c0S/m: Conductivity [S/m]
# name 7 = c1S/m: Conductivity, 2 [S/m]
# name 8 = sbeox0V: Oxygen raw, SBE 43 [V]
# name 9 = sbeox1V: Oxygen raw, SBE 43, 2 [V]
# name 10 = sbox1dV/dT: Oxygen, SBE 43, 2 [dov/dt]
# name 11 = sbox0dV/dT: Oxygen, SBE 43 [dov/dt]
# name 12 = flECO-AFL: Fluorescence, WET Labs ECO-AFL/FL [mg/m^3]
# name 13 = CStarTr0: Beam Transmission, WET Labs C-Star [%]
# name 14 = par: PAR/Irradiance, Biospherical/Licor
# name 15 = spar: SPAR/Surface Irradiance
# name 16 = cpar: CPAR/Corrected Irradiance [%]
# name 17 = altM: Altimeter [m]
# name 18 = sbox0Mm/Kg: Oxygen, SBE 43 [umol/kg], WS = 2
# name 19 = sbeox0ML/L: Oxygen, SBE 43 [ml/l], WS = 2
# name 20 = sbox1Mm/Kg: Oxygen, SBE 43, 2 [umol/kg], WS = 2
# name 21 = sbeox1ML/L: Oxygen, SBE 43, 2 [ml/l], WS = 2
# name 22 = sal00: Salinity, Practical [PSU]
# name 23 = sal11: Salinity, Practical, 2 [PSU]
# name 24 = sigma-é00: Density [sigma-theta, kg/m^3]
# name 25 = sigma-é11: Density, 2 [sigma-theta, kg/m^3]
# name 26 = svCM: Sound Velocity [Chen-Millero, m/s]
# name 27 = svCM1: Sound Velocity, 2 [Chen-Millero, m/s]
# name 28 = nbin: number of scans per bin
# name 29 = flag: flag
# span 0 =        480,      59870       
# span 1 = 100.869860, 100.898502       
# span 2 =      2.000,   1011.000       
# span 3 =      1.985,   1002.868       
# span 4 =     4.0533,    29.3218       
# span 5 =     4.0527,    29.3008       
# span 6 =   3.263225,   6.120763       
# span 7 =   3.262989,   6.118000       
# span 8 =     1.6716,     3.1066       
# span 9 =     1.4504,     2.6439       
# span 10 =   -0.04247,    0.02696      
# span 11 =   -0.04313,    0.03392      
# span 12 =    -0.1434,     0.9110      
# span 13 =    85.3864,    98.4254      
# span 14 = 1.0000e-12, 1.0000e-12      
# span 15 = 0.0000e+00, 0.0000e+00      
# span 16 = 9.9999e+04, 9.9999e+04      
# span 17 =      33.14,     101.39      
# span 18 =    147.403,    201.649      
# span 19 =     3.3896,     4.6263      
# span 20 =    135.701,    199.518      
# span 21 =     3.1204,     4.5781      
# span 22 =    34.3985,    37.4903      
# span 23 =    34.3967,    37.4863      
# span 24 =    23.8043,    27.3939      
# span 25 =    23.8094,    27.3922      
# span 26 =    1481.49,    1546.80      
# span 27 =    1481.49,    1546.76      
# span 28 =         11,        142      
# span 29 = 0.0000e+00, 0.0000e+00      
# interval = decibars: 1                
# start_time = Apr 10 2017 20:52:16 [System UTC, first data scan.]
# bad_flag = -9.990e-29
*END*
[from data line 1886]
      50861 100.894157    134.000    133.214    21.8077    21.8079   5.204445   5.204899     2.6489     2.2616    0.00295    0.00045    -0.0589    92.4204 1.0000e-12 0.0000e+00 9.9999e+04      98.78    181.399     4.1658    180.901     4.1544    36.7607    36.7642    25.6180    25.6206    1530.54    1530.54         15 0.0000e+00
      50874 100.894165    133.000    132.216    21.8979    21.8924   5.216776   5.216715     2.6564     2.2688    0.00059    0.00234    -0.0627    92.3659 1.0000e-12 0.0000e+00 9.9999e+04      98.78    181.789     4.1747    181.980     4.1792    36.7823    36.7865    25.6091    25.6138    1530.78    1530.77         13 0.0000e+00
      50887 100.894173    132.000    131.217    22.1592    22.1342   5.252165   5.250454     2.6623     2.2790    0.00032    0.00409    -0.0579    92.3333 1.0000e-12 0.0000e+00 9.9999e+04      98.78    181.263     4.1626    182.274     4.1858    36.8406    36.8484    25.5795    25.5925    1531.51    1531.46         13 0.0000e+00
      50899 100.894173    131.000    130.224    22.3745    22.3526   5.280416   5.278888     2.6662     2.2866    0.00285    0.00461    -0.0609    92.2909 1.0000e-12 0.0000e+00 9.9999e+04      98.78    180.870     4.1534    181.754     4.1737    36.8811    36.8876    25.5490    25.5602    1532.10    1532.05         12 0.0000e+00
      50911 100.894180    130.000    129.224    22.6180    22.6010   5.312931   5.312097     2.6701     2.2916    0.00590    0.00609    -0.0389    92.2450 1.0000e-12 0.0000e+00 9.9999e+04      98.78    180.510     4.1450    181.021     4.1568    36.9304    36.9383    25.5167    25.5276    1532.76    1532.73         12 0.0000e+00
      50924 100.894188    129.000    128.224    22.7328    22.7326   5.327858   5.328402     2.6768     2.2965    0.00877    0.00894    -0.0231    92.2004 1.0000e-12 0.0000e+00 9.9999e+04      98.78    180.770     4.1509    180.890     4.1537    36.9506    36.9549    25.4989    25.5023    1533.06    1533.07         13 0.0000e+00
      50938 100.894196    128.000    127.226    22.8053    22.8196   5.337781   5.340179     2.6830     2.3028    0.01288    0.01164    -0.0303    92.1583 1.0000e-12 0.0000e+00 9.9999e+04      98.78    180.978     4.1556    181.305     4.1632    36.9671    36.9737    25.4905    25.4914    1533.25    1533.29         15 0.0000e+00
      50957 100.894203    127.000    126.233    22.9283    22.9322   5.354486   5.355499     2.6903     2.3110    0.01517    0.01003    -0.0122    92.0899 1.0000e-12 0.0000e+00 9.9999e+04      98.78    181.121     4.1589    181.386     4.1650    36.9939    36.9984    25.4752    25.4775    1533.57    1533.59         26 0.0000e+00
      50992 100.894218    126.000    125.254    23.0682    23.0665   5.372667   5.372818     2.7030     2.3196    0.01045    0.01030    -0.0001    91.9746 1.0000e-12 0.0000e+00 9.9999e+04      98.78    181.577     4.1692    181.295     4.1628    37.0176    37.0202    25.4524    25.4549    1533.94    1533.94         41 0.0000e+00
      51027 100.894241    125.000    124.264    23.1873    23.1867   5.388477   5.388546     2.7117     2.3269    0.00879    0.00922     0.0182    91.8319 1.0000e-12 0.0000e+00 9.9999e+04      98.78    181.759     4.1733    181.434     4.1659    37.0403    37.0413    25.4349    25.4358    1534.25    1534.25         28 0.0000e+00
      51052 100.894249    124.000    123.275    23.2453    23.2447   5.396073   5.396001     2.7174     2.3313    0.00538    0.00839     0.0403    91.6817 1.0000e-12 0.0000e+00 9.9999e+04      98.78    181.921     4.1770    181.634     4.1705    37.0507    37.0506    25.4258    25.4259    1534.39    1534.39         21 0.0000e+00
      51070 100.894257    123.000    122.291    23.2789    23.2778   5.400624   5.400529     2.7185     2.3345    0.00570    0.00679     0.0301    91.5283 1.0000e-12 0.0000e+00 9.9999e+04      98.78    181.991     4.1786    181.712     4.1722    37.0579    37.0582    25.4213    25.4219    1534.46    1534.46         15 0.0000e+00
      51083 100.894264    122.000    121.288    23.3229    23.3204   5.406604   5.406526     2.7232     2.3354    0.00471    0.00583     0.0337    91.4113 1.0000e-12 0.0000e+00 9.9999e+04      98.78    182.494     4.1901    181.935     4.1773    37.0675    37.0690    25.4157    25.4176    1534.57    1534.56         13 0.0000e+00
      51095 100.894272    121.000    120.286    23.4008    23.4032   5.417678   5.418886     2.7283     2.3390    0.00434    0.00544     0.0408    91.2855 1.0000e-12 0.0000e+00 9.9999e+04      98.78    182.774     4.1965    182.380     4.1875    37.0880    37.0952    25.4083    25.4131    1534.77    1534.78         11 0.0000e+00
      51107 100.894272    120.000    119.277    23.5581    23.5509   5.438230   5.437928     2.7332     2.3446    0.00430    0.00522     0.0304    91.1725 1.0000e-12 0.0000e+00 9.9999e+04      98.78    182.726     4.1953    182.560     4.1916    37.1146    37.1183    25.3821    25.3870    1535.17    1535.16         12 0.0000e+00
      51119 100.894279    119.000    118.288    23.6544    23.6477   5.450892   5.450706     2.7385     2.3479    0.00438    0.00412     0.0524    91.0275 1.0000e-12 0.0000e+00 9.9999e+04      98.78    182.900     4.1993    182.591     4.1922    37.1315    37.1357    25.3663    25.3715    1535.42    1535.40         13 0.0000e+00
      51133 100.894287    118.000    117.289    23.7373    23.7418   5.461800   5.462719     2.7457     2.3538    0.00364    0.00406     0.0689    90.8746 1.0000e-12 0.0000e+00 9.9999e+04      98.78    183.206     4.2063    182.880     4.1988    37.1461    37.1493    25.3529    25.3540    1535.62    1535.64         16 0.0000e+00
      51151 100.894295    117.000    116.298    23.8033    23.8014   5.470632   5.470634     2.7533     2.3609    0.00482    0.00759     0.1007    90.6913 1.0000e-12 0.0000e+00 9.9999e+04      98.78    183.387     4.2103    182.911     4.1994    37.1589    37.1605    25.3429    25.3447    1535.78    1535.78         21 0.0000e+00
      51175 100.894310    116.000    115.313    23.8779    23.8777   5.480422   5.480519     2.7595     2.3639    0.00843    0.01039     0.1286    90.4601 1.0000e-12 0.0000e+00 9.9999e+04      98.78    183.501     4.2129    182.217     4.1835    37.1717    37.1726    25.3303    25.3310    1535.96    1535.96         26 0.0000e+00
      51203 100.894325    115.000    114.322    23.9274    23.9269   5.487097   5.486991     2.7663     2.3669    0.00927    0.01094     0.1313    90.2086 1.0000e-12 0.0000e+00 9.9999e+04      98.78    183.820     4.2202    182.965     4.2006    37.1817    37.1813    25.3231    25.3229    1536.08    1536.08         28 0.0000e+00
      51228 100.894333    114.000    113.335    23.9838    23.9832   5.495070   5.495145     2.7718     2.3759    0.00517    0.00743     0.1323    89.9258 1.0000e-12 0.0000e+00 9.9999e+04      98.78    184.125     4.2272    184.054     4.2256    37.1958    37.1968    25.3169    25.3178    1536.22    1536.22         23 0.0000e+00
      51248 100.894341    113.000    112.342    24.0877    24.0903   5.509474   5.510401     2.7773     2.3832    0.00141    0.00619     0.1342    89.7018 1.0000e-12 0.0000e+00 9.9999e+04      98.78    184.349     4.2323    183.736     4.2182    37.2192    37.2240    25.3035    25.3064    1536.48    1536.49         17 0.0000e+00
      51265 100.894348    112.000    111.341    24.2296    24.2281   5.528865   5.529286     2.7831     2.3831    0.00361    0.00566     0.1944    89.5145 1.0000e-12 0.0000e+00 9.9999e+04      98.78    184.268     4.2303    182.966     4.2005    37.2486    37.2531    25.2831    25.2870    1536.85    1536.85         16 0.0000e+00
      51280 100.894356    111.000    110.344    24.3509    24.3476   5.545098   5.545102     2.7855     2.3863    0.00734    0.00521     0.1915    89.3253 1.0000e-12 0.0000e+00 9.9999e+04      98.78    183.967     4.2233    182.924     4.1994    37.2710    37.2738    25.2635    25.2667    1537.15    1537.14         16 0.0000e+00
      51297 100.894363    110.000    109.349    24.4046    24.4019   5.552171   5.551922     2.7887     2.3879    0.00895    0.00568     0.2178    89.1536 1.0000e-12 0.0000e+00 9.9999e+04      98.78    184.098     4.2263    182.365     4.1865    37.2803    37.2806    25.2543    25.2554    1537.27    1537.27         17 0.0000e+00
      51314 100.894379    109.000    108.353    24.4299    24.4282   5.555705   5.555449     2.7931     2.3850    0.00607    0.00705     0.3151    88.9589 1.0000e-12 0.0000e+00 9.9999e+04      98.78    184.234     4.2294    182.198     4.1827    37.2863    37.2858    25.2512    25.2512    1537.32    1537.32         18 0.0000e+00
      51334 100.894386    108.000    107.360    24.4668    24.4656   5.560816   5.560678     2.7941     2.3904    0.00284    0.00636     0.2882    88.7708 1.0000e-12 0.0000e+00 9.9999e+04      98.78    184.153     4.2275    183.495     4.2124    37.2946    37.2945    25.2462    25.2465    1537.41    1537.40         22 0.0000e+00
      51357 100.894394    107.000    106.373    24.4967    24.4951   5.564501   5.564129     2.7991     2.3979    0.00226    0.00475     0.2850    88.5802 1.0000e-12 0.0000e+00 9.9999e+04      98.78    184.880     4.2442    184.105     4.2264    37.2979    37.2964    25.2396    25.2389    1537.47    1537.46         22 0.0000e+00
      51379 100.894409    106.000    105.378    24.5351    24.5390   5.569608   5.570363     2.8105     2.4042   -0.00053    0.00452     0.3114    88.4061 1.0000e-12 0.0000e+00 9.9999e+04      98.78    186.047     4.2710    185.101     4.2493    37.3049    37.3074    25.2332    25.2339    1537.55    1537.56         22 0.0000e+00
      51399 100.894417    105.000    104.381    24.7582    24.7547   5.597518   5.597833     2.8234     2.4171    0.00570    0.00254     0.3380    88.2151 1.0000e-12 0.0000e+00 9.9999e+04      98.78    186.317     4.2770    185.845     4.2662    37.3303    37.3356    25.1845    25.1896    1538.10    1538.10         20 0.0000e+00
      51422 100.894424    104.000    103.385    24.9573    24.9584   5.621651   5.621989     2.8331     2.4264    0.00749    0.00699     0.4342    87.9561 1.0000e-12 0.0000e+00 9.9999e+04      98.78    186.326     4.2770    185.696     4.2625    37.3469    37.3485    25.1362    25.1371    1538.58    1538.58         26 0.0000e+00
      51448 100.894440    103.000    102.391    24.9947    24.9949   5.626451   5.626381     2.8450     2.4384    0.01049    0.01358     0.3979    87.6928 1.0000e-12 0.0000e+00 9.9999e+04      98.78    187.088     4.2944    186.459     4.2800    37.3522    37.3515    25.1287    25.1281    1538.66    1538.66         26 0.0000e+00
      51477 100.894455    102.000    101.397    25.0337    25.0371   5.631147   5.631430     2.8529     2.4417    0.01151    0.01174     0.4605    87.5218 1.0000e-12 0.0000e+00 9.9999e+04      98.78    187.284     4.2989    185.688     4.2623    37.3555    37.3547    25.1191    25.1175    1538.74    1538.75         33 0.0000e+00
      51517 100.894470    101.000    100.408    25.0631    25.0620   5.634284   5.633883     2.8591     2.4485    0.00787    0.00918     0.5801    87.1825 1.0000e-12 0.0000e+00 9.9999e+04      98.78    187.496     4.3037    186.481     4.2804    37.3549    37.3529    25.1096    25.1084    1538.79    1538.79         46 0.0000e+00
      51561 100.894493    100.000     99.414    25.0732    25.0742   5.635232   5.635105     2.8629     2.4485    0.00282    0.00422     0.6610    86.9612 1.0000e-12 0.0000e+00 9.9999e+04      98.78    187.680     4.3079    185.772     4.2641    37.3540    37.3523    25.1058    25.1041    1538.80    1538.80         39 0.0000e+00
      51599 100.894516     99.000     98.416    25.0870    25.0844   5.636647   5.636063     2.8651     2.4516    0.00172    0.00230     0.7072    86.7972 1.0000e-12 0.0000e+00 9.9999e+04      98.78    187.789     4.3104    186.504     4.2809    37.3536    37.3513    25.1011    25.1002    1538.81    1538.81         42 0.0000e+00
      51654 100.894539     98.000     97.426    25.0884    25.0871   5.636497   5.636013     2.8674     2.4479    0.00141    0.00157     0.7114    86.6958 1.0000e-12 0.0000e+00 9.9999e+04      98.78    187.901     4.3130    185.521     4.2583    37.3516    37.3490    25.0991    25.0976    1538.80    1538.79         63 0.0000e+00
      51712 100.894569     97.000     96.431    25.0853    25.0839   5.635870   5.635342     2.8690     2.4451   -0.00236    0.00090     0.7493    86.8006 1.0000e-12 0.0000e+00 9.9999e+04      98.78    187.973     4.3146    185.345     4.2543    37.3498    37.3470    25.0986    25.0969    1538.77    1538.77         58 0.0000e+00
      51812 100.894615     96.000     95.437    25.0836    25.0824   5.635468   5.634950     2.8684     2.4490   -0.00114   -0.00074     0.8049    87.1617 1.0000e-12 0.0000e+00 9.9999e+04      98.78    187.836     4.3115    186.096     4.2715    37.3485    37.3456    25.0982    25.0963    1538.75    1538.74         60 0.0000e+00
      51892 100.894653     95.000     94.441    25.0834    25.0819   5.635177   5.634632     2.8677     2.4460    0.00059    0.00106     0.8171    87.4573 1.0000e-12 0.0000e+00 9.9999e+04      98.78    187.747     4.3094    185.372     4.2549    37.3469    37.3440    25.0969    25.0952    1538.73    1538.72         68 0.0000e+00
      52020 100.894714     94.000     93.454    25.0845    25.0832   5.635090   5.634559     2.8651     2.4425   -0.00112   -0.00208     0.7908    87.8300 1.0000e-12 0.0000e+00 9.9999e+04      98.78    187.631     4.3068    185.219     4.2514    37.3456    37.3428    25.0956    25.0938    1538.72    1538.71         90 0.0000e+00
      52111 100.894760     93.000     92.454    25.0899    25.0887   5.635295   5.634757     2.8650     2.4442    0.00095    0.00012     0.8554    87.9586 1.0000e-12 0.0000e+00 9.9999e+04      98.78    187.495     4.3036    185.412     4.2558    37.3430    37.3400    25.0918    25.0900    1538.71    1538.70        109 0.0000e+00
      54052 100.895699     92.000     91.469    25.1177    25.1173   5.638503   5.638004     2.8727     2.4459   -0.00131    0.00072     0.9110    88.5689 1.0000e-12 0.0000e+00 9.9999e+04      98.78    188.011     4.3154    185.574     4.2595    37.3444    37.3410    25.0843    25.0818    1538.76    1538.76         85 0.0000e+00
      53895 100.895622     91.000     90.469    25.1291    25.1276   5.639657   5.639057     2.8694     2.4497   -0.00004    0.00003     0.8612    88.2269 1.0000e-12 0.0000e+00 9.9999e+04      98.77    187.858     4.3119    185.941     4.2679    37.3439    37.3406    25.0803    25.0783    1538.77    1538.76         22 0.0000e+00
      53907 100.895622     90.000     89.484    25.1279    25.1266   5.639312   5.638725     2.8721     2.4509    0.00033   -0.00072     0.7498    88.1940 1.0000e-12 0.0000e+00 9.9999e+04      98.77    188.323     4.3226    186.402     4.2785    37.3427    37.3394    25.0797    25.0776    1538.75    1538.74         18 0.0000e+00
      53923 100.895630     89.000     88.482    25.1385    25.1365   5.640689   5.640184     2.8766     2.4546    0.00150    0.00135     0.8049    88.2254 1.0000e-12 0.0000e+00 9.9999e+04      98.78    188.895     4.3357    187.572     4.3053    37.3446    37.3424    25.0778    25.0768    1538.76    1538.75         15 0.0000e+00
      53938 100.895638     88.000     87.487    25.1868    25.1859   5.646759   5.646366     2.8835     2.4645    0.00232    0.00150     0.8260    88.2041 1.0000e-12 0.0000e+00 9.9999e+04      98.77    189.524     4.3501    188.601     4.3289    37.3503    37.3481    25.0672    25.0658    1538.86    1538.86         15 0.0000e+00
