data/CTD/abra2/abra2006.cnv
* Sea-Bird SBE 9 Data File:
* FileName = C:\SEASOFT\ABRACOS2\data\abra2006.hex
* Software Version Seasave V 7.26.1.8
* Temperature SN = 6083
* Conductivity SN = 4355
* Number of Bytes Per Scan = 48
* Number of Voltage Words = 5
* Number of Scans Averaged by the Deck Unit = 1
* NMEA Latitude = 08 51.58 S
* NMEA Longitude = 034 35.29 W
* NMEA UTC (Time) = Apr 11 2017 09:56:57
** Cruise: ABRACOS2
** Ship: ANTEA
** Station: 6
** Bottom Depth: 2080
** Pressure frequency switch pos 2 before station:
** Pressure frequency switch pos 2 after station:
** Operator: JG/GA
** Comments:
# nquan = 30
# nvalues = 2017                        
# units = specified
# name 0 = scan: Scan Count
# name 1 = timeJ: Julian Days
# name 2 = prDM: Pressure, Digiquartz [db]
# name 3 = depSM: Depth [salt water, m]
# name 4 = t090C: Temperature [ITS-90, deg C]
# name 5 = t190C: Temperature, 2 [ITS-90, deg C]
# name 6 = c0S/m: Conductivity [S/m]
# name 7 = c1S/m: Conductivity, 2 [S/m]
# name 8 = sbeox0V: Oxygen raw, SBE 43 [V]
# name 9 = sbeox1V: Oxygen raw, SBE 43, 2 [V]
# name 10 = sbox1dV/dT: Oxygen, SBE 43, 2 [dov/dt]
# name 11 = sbox0dV/dT: Oxygen, SBE 43 [dov/dt]
# name 12 = flECO-AFL: Fluorescence, WET Labs ECO-AFL/FL [mg/m^3]
# name 13 = CStarTr0: Beam Transmission, WET Labs C-Star [%]
# name 14 = par: PAR/Irradiance, Biospherical/Licor
# name 15 = spar: SPAR/Surface Irradiance
# name 16 = cpar: CPAR/Corrected Irradiance [%]
# name 17 = altM: Altimeter [m]
# name 18 = sbox0Mm/Kg: Oxygen, SBE 43 [umol/kg], WS = 2
# name 19 = sbeox0ML/L: Oxygen, SBE 43 [ml/l], WS = 2
# name 20 = sbox1Mm/Kg: Oxygen, SBE 43, 2 [umol/kg], WS = 2
# name 21 = sbeox1ML/L: Oxygen, SBE 43, 2 [ml/l], WS = 2
# name 22 = sal00: Salinity, Practical [PSU]
# name 23 = sal11: Salinity, Practical, 2 [PSU]
# name 24 = sigma-é00: Density [sigma-theta, kg/m^3]
# name 25 = sigma-é11: Density, 2 [sigma-theta, kg/m^3]
# name 26 = svCM: Sound Velocity [Chen-Millero, m/s]
# name 27 = svCM1: Sound Velocity, 2 [Chen-Millero, m/s]
# name 28 = nbin: number of scans per bin
# name 29 = flag: flag
# span 0 =        739,      62832       
# span 1 = 101.414905, 101.444849       
# span 2 =      2.000,   1010.000       
# span 3 =      1.978,   1001.876       
# span 4 =     4.0724,    28.6889       
# span 5 =     4.0709,    28.6876       
# span 6 =   3.263404,   6.054942       
# span 7 =   3.263112,   6.054293       
# span 8 =     1.6541,     3.1149       
# span 9 =     1.4342,     2.6456       
# span 10 =   -0.03934,    0.03474      
# span 11 =   -0.04911,    0.03556      
# span 12 =    -0.1432,     0.6967      
# span 13 =    87.3218,    98.3965      
# span 14 = 1.0000e-12, 1.3831e+00      
# span 15 = 2.2551e+02, 1.9507e+03      
# span 16 = -1.079e+01, 5.8764e+04      
# span 17 =       0.77,     100.47      
# span 18 =    135.869,    202.230      
# span 19 =     3.1241,     4.6400      
# span 20 =    129.818,    198.560      
# span 21 =     2.9850,     4.5558      
# span 22 =    34.3980,    37.5670      
# span 23 =    34.3960,    37.5635      
# span 24 =    23.7944,    27.4071      
# span 25 =    23.7915,    27.4057      
# span 26 =    1481.89,    1546.22      
# span 27 =    1481.89,    1546.21      
# span 28 =         12,        131      
# span 29 = 0.0000e+00, 0.0000e+00      
# interval = decibars: 1                
# start_time = Apr 11 2017 09:56:57 [System UTC, first data scan.]
# bad_flag = -9.990e-29
*END*
[from data line 1692]
      47124 101.437271    326.000    323.916    11.7939    11.7927   3.999706   3.999523     2.2370     1.9165   -0.00683   -0.00858    -0.1191    95.9437 1.0000e-12 9.3737e+02 1.0668e-13      98.78    181.113     4.1635    180.524     4.1500    35.0496    35.0489    26.6749    26.6746    1501.56    1501.56         17 0.0000e+00
      47142 101.437279    325.000    322.914    11.8001    11.7986   4.000333   4.000093     2.2406     1.9177   -0.00511   -0.00697    -0.0880    95.9431 1.0000e-12 9.3615e+02 1.0682e-13      98.78    181.359     4.1692    180.203     4.1426    35.0503    35.0494    26.6743    26.6739    1501.57    1501.56         18 0.0000e+00
      47161 101.437294    324.000    321.922    11.8032    11.8023   4.000614   4.000448     2.2427     1.9184   -0.00183   -0.00197    -0.0938    95.9473 1.0000e-12 9.3315e+02 1.0716e-13      98.78    181.134     4.1640    180.150     4.1414    35.0506    35.0498    26.6739    26.6734    1501.56    1501.56         22 0.0000e+00
      47187 101.437302    323.000    320.931    11.8310    11.8343   4.003685   4.004088     2.2430     1.9194    0.00215    0.00330    -0.0976    95.9498 1.0000e-12 9.3587e+02 1.0685e-13      98.78    180.769     4.1556    180.063     4.1394    35.0550    35.0557    26.6720    26.6720    1501.65    1501.66         30 0.0000e+00
      47219 101.437317    322.000    319.943    11.8714    11.8721   4.008025   4.008126     2.2434     1.9214    0.00121    0.00322    -0.1091    95.9556 1.0000e-12 9.4161e+02 1.0620e-13      98.78    180.821     4.1568    180.763     4.1555    35.0598    35.0601    26.6681    26.6682    1501.77    1501.78         31 0.0000e+00
      47247 101.437332    321.000    318.955    11.9300    11.9315   4.014471   4.014684     2.2453     1.9242    0.00080    0.00037    -0.1011    95.9525 1.0000e-12 9.4490e+02 1.0587e-13      98.78    180.604     4.1518    180.128     4.1409    35.0681    35.0688    26.6634    26.6636    1501.97    1501.97         26 0.0000e+00
      47269 101.437347    320.000    317.966    11.9866    11.9858   4.020710   4.020869     2.2440     1.9231    0.00111    0.00009    -0.1217    95.9512 1.0000e-12 6.8635e+02 1.7348e-13      98.78    179.386     4.1238    178.095     4.0941    35.0762    35.0785    26.6589    26.6608    1502.16    1502.16         19 0.0000e+00
      47286 101.437355    319.000    316.967    12.0366    12.0365   4.026181   4.026333     2.2394     1.9186    0.00253    0.00095    -0.1159    95.9489 1.0000e-12 9.3214e+02 1.0691e-13      98.78    178.017     4.0923    176.016     4.0463    35.0830    35.0846    26.6546    26.6559    1502.32    1502.32         15 0.0000e+00
      47301 101.437363    318.000    315.973    12.0754    12.0744   4.030516   4.030576     2.2331     1.9130    0.00260    0.00157    -0.0916    95.9522 1.0000e-12 9.2937e+02 1.0760e-13      98.78    177.149     4.0723    175.089     4.0250    35.0893    35.0908    26.6521    26.6534    1502.44    1502.44         14 0.0000e+00
      47315 101.437363    317.000    314.975    12.1004    12.0983   4.033012   4.032813     2.2286     1.9084    0.00112    0.00082    -0.0853    95.9432 1.0000e-12 9.2856e+02 1.0769e-13      98.78    177.228     4.0741    175.918     4.0440    35.0905    35.0905    26.6482    26.6486    1502.51    1502.50         15 0.0000e+00
      47331 101.437370    316.000    313.980    12.1087    12.1073   4.033741   4.033593     2.2275     1.9086   -0.00176   -0.00195    -0.0885    95.9470 1.0000e-12 9.3127e+02 1.0738e-13      98.78    178.362     4.1002    178.249     4.0976    35.0902    35.0901    26.6464    26.6465    1502.52    1502.52         17 0.0000e+00
      47348 101.437386    315.000    312.979    12.1324    12.1321   4.035997   4.036019     2.2331     1.9135   -0.00574   -0.00613    -0.1141    95.9371 1.0000e-12 9.3755e+02 1.0666e-13      98.78    180.222     4.1429    180.710     4.1541    35.0903    35.0909    26.6419    26.6423    1502.59    1502.59         19 0.0000e+00
      47373 101.437393    314.000    311.993    12.1629    12.1653   4.039123   4.039449     2.2471     1.9248   -0.00681   -0.00745    -0.0971    95.9164 1.0000e-12 9.4436e+02 1.0589e-13      98.78    181.962     4.1829    182.817     4.2026    35.0926    35.0935    26.6378    26.6380    1502.68    1502.69         31 0.0000e+00
      47409 101.437408    313.000    311.009    12.2133    12.2114   4.044638   4.044479     2.2633     1.9383    0.00480    0.00521    -0.1186    95.9202 1.0000e-12 9.4235e+02 1.0612e-13      98.78    182.646     4.1986    182.949     4.2056    35.0994    35.0996    26.6333    26.6338    1502.84    1502.83         36 0.0000e+00
      47438 101.437424    312.000    310.020    12.2590    12.2590   4.049576   4.049561     2.2715     1.9460    0.01133    0.01366    -0.1158    95.9301 1.0000e-12 9.4108e+02 1.0626e-13      98.78    182.910     4.2047    183.408     4.2161    35.1048    35.1047    26.6287    26.6286    1502.98    1502.98         23 0.0000e+00
      47459 101.437439    311.000    309.026    12.2890    12.2883   4.052843   4.052814     2.2768     1.9510    0.00959    0.01129    -0.0914    95.9253 1.0000e-12 9.3954e+02 1.0644e-13      98.78    183.227     4.2120    183.620     4.2210    35.1089    35.1092    26.6260    26.6263    1503.07    1503.07         20 0.0000e+00
      47477 101.437447    310.000    308.029    12.3276    12.3269   4.057010   4.057018     2.2807     1.9547    0.00699    0.00871    -0.0882    95.9261 1.0000e-12 9.4134e+02 1.0623e-13      98.78    183.259     4.2127    183.423     4.2164    35.1135    35.1142    26.6221    26.6227    1503.19    1503.19         18 0.0000e+00
      47495 101.437454    309.000    307.033    12.3472    12.3474   4.059124   4.059170     2.2836     1.9570    0.00632    0.00686    -0.0993    95.9237 1.0000e-12 9.4137e+02 1.0623e-13      98.78    183.288     4.2133    182.965     4.2059    35.1160    35.1163    26.6202    26.6204    1503.25    1503.25         17 0.0000e+00
      47513 101.437462    308.000    306.035    12.3762    12.3754   4.062281   4.062240     2.2859     1.9577    0.00600    0.00606    -0.1197    95.9048 1.0000e-12 8.3884e+02 1.3786e-13      98.78    183.311     4.2138    182.763     4.2013    35.1199    35.1203    26.6175    26.6180    1503.33    1503.33         19 0.0000e+00
      47533 101.437469    307.000    305.044    12.3858    12.3847   4.063171   4.062997     2.2882     1.9593    0.00512    0.00547    -0.1161    95.9046 1.0000e-12 8.1601e+02 1.3299e-13      98.78    183.359     4.2149    182.691     4.1996    35.1199    35.1192    26.6157    26.6153    1503.35    1503.35         22 0.0000e+00
      47557 101.437485    306.000    304.061    12.3930    12.3928   4.063922   4.063873     2.2900     1.9596    0.00307    0.00400    -0.1254    95.9046 1.0000e-12 9.4313e+02 1.0568e-13      98.78    183.394     4.2157    182.538     4.1961    35.1209    35.1206    26.6150    26.6148    1503.36    1503.36         23 0.0000e+00
      47578 101.437492    305.000    303.067    12.4105    12.4100   4.065796   4.065725     2.2915     1.9605    0.00163    0.00315    -0.1181    95.9046 1.0000e-12 9.3613e+02 1.0682e-13      98.78    183.350     4.2147    182.665     4.1990    35.1230    35.1228    26.6132    26.6132    1503.40    1503.40         19 0.0000e+00
      47596 101.437500    304.000    302.070    12.4264    12.4259   4.067496   4.067468     2.2918     1.9609    0.00140    0.00267    -0.1204    95.8976 1.0000e-12 9.3560e+02 1.0688e-13      98.78    183.192     4.2111    182.416     4.1932    35.1251    35.1253    26.6117    26.6120    1503.44    1503.44         18 0.0000e+00
      47614 101.437508    303.000    301.073    12.4489    12.4488   4.069959   4.069963     2.2922     1.9609    0.00056    0.00196    -0.1256    95.8770 1.0000e-12 9.3946e+02 1.0644e-13      98.78    183.246     4.2123    182.218     4.1887    35.1283    35.1284    26.6098    26.6098    1503.51    1503.51         20 0.0000e+00
      47635 101.437523    302.000    300.087    12.4703    12.4700   4.072235   4.072179     2.2937     1.9611    0.00083    0.00162    -0.1221    95.8769 1.0000e-12 9.4372e+02 1.0596e-13      98.78    183.400     4.2158    182.357     4.1919    35.1307    35.1304    26.6074    26.6073    1503.56    1503.56         21 0.0000e+00
      47655 101.437531    301.000    299.091    12.4766    12.4754   4.072824   4.072626     2.2953     1.9619    0.00072    0.00080    -0.1215    95.8769 1.0000e-12 9.4390e+02 1.0594e-13      98.78    183.458     4.2172    182.397     4.1928    35.1308    35.1300    26.6063    26.6059    1503.57    1503.57         19 0.0000e+00
      47674 101.437538    300.000    298.092    12.4836    12.4830   4.073545   4.073431     2.2961     1.9621    0.00007    0.00060    -0.1183    95.8769 1.0000e-12 9.3878e+02 1.0652e-13      98.78    183.445     4.2169    182.248     4.1894    35.1317    35.1312    26.6056    26.6053    1503.58    1503.58         19 0.0000e+00
      47695 101.437546    299.000    297.102    12.5028    12.5030   4.075613   4.075637     2.2973     1.9625    0.00032    0.00157    -0.0944    95.8746 1.0000e-12 9.3942e+02 1.0645e-13      98.78    183.563     4.2196    182.486     4.1948    35.1341    35.1341    26.6036    26.6036    1503.63    1503.63         25 0.0000e+00
      47727 101.437561    298.000    296.113    12.5300    12.5294   4.078495   4.078397     2.2997     1.9641    0.00058    0.00145    -0.1068    95.8500 1.0000e-12 9.4352e+02 1.0599e-13      98.78    183.702     4.2228    182.533     4.1959    35.1370    35.1366    26.6005    26.6003    1503.71    1503.71         33 0.0000e+00
      47754 101.437576    297.000    295.128    12.5549    12.5542   4.081235   4.081181     2.3024     1.9659    0.00042    0.00134    -0.1031    95.8546 1.0000e-12 9.4708e+02 1.0559e-13      98.78    184.089     4.2316    183.274     4.2129    35.1406    35.1407    26.5984    26.5986    1503.78    1503.78         21 0.0000e+00
      47773 101.437584    296.000    294.135    12.6001    12.6016   4.086542   4.087071     2.3050     1.9686    0.00136    0.00178    -0.1205    95.8585 1.0000e-12 9.4302e+02 1.0617e-13      98.78    183.713     4.2230    182.984     4.2063    35.1498    35.1536    26.5967    26.5993    1503.93    1503.94         18 0.0000e+00
      47790 101.437592    295.000    293.128    12.7244    12.7274   4.100466   4.101259     2.3035     1.9686    0.00091    0.00160    -0.1138    95.8477 1.0000e-12 6.5721e+02 1.8608e-13      98.78    182.580     4.1969    181.820     4.1794    35.1682    35.1729    26.5863    26.5894    1504.35    1504.36         17 0.0000e+00
      47807 101.437607    294.000    292.138    12.7962    12.7977   4.108320   4.108736     2.3017     1.9681    0.00122    0.00216    -0.1235    95.8356 1.0000e-12 9.2758e+02 1.0880e-13      98.78    182.071     4.1852    181.263     4.1666    35.1770    35.1797    26.5789    26.5807    1504.58    1504.59         18 0.0000e+00
      47826 101.437614    293.000    291.142    12.8425    12.8431   4.113392   4.113551     2.3000     1.9673    0.00283    0.00304    -0.0982    95.8385 1.0000e-12 9.4113e+02 1.0626e-13      98.78    181.876     4.1807    181.018     4.1610    35.1829    35.1839    26.5743    26.5749    1504.73    1504.73         21 0.0000e+00
      47851 101.437622    292.000    290.153    12.8646    12.8641   4.115761   4.115731     2.3001     1.9677    0.00090   -0.00055    -0.0919    95.8311 1.0000e-12 9.4923e+02 1.0535e-13      98.78    182.236     4.1889    181.855     4.1802    35.1855    35.1857    26.5719    26.5721    1504.79    1504.79         26 0.0000e+00
      47875 101.437637    291.000    289.168    12.9045    12.9072   4.120362   4.120849     2.3025     1.9706   -0.00075   -0.00246    -0.1136    95.8239 1.0000e-12 9.5305e+02 1.0493e-13      98.78    182.116     4.1862    181.790     4.1787    35.1927    35.1949    26.5695    26.5706    1504.91    1504.93         22 0.0000e+00
      47895 101.437645    290.000    288.171    12.9736    12.9744   4.128188   4.128633     2.3009     1.9704   -0.00080   -0.00150    -0.1183    95.8215 1.0000e-12 9.4763e+02 1.0553e-13      98.78    181.367     4.1689    180.679     4.1531    35.2037    35.2071    26.5641    26.5666    1505.14    1505.15         19 0.0000e+00
      47914 101.437653    289.000    287.175    13.0347    13.0357   4.134785   4.134992     2.3002     1.9690    0.00104    0.00051    -0.1119    95.8186 1.0000e-12 9.3800e+02 1.0661e-13      98.78    181.533     4.1727    180.756     4.1549    35.2103    35.2114    26.5569    26.5576    1505.33    1505.34         19 0.0000e+00
      47934 101.437660    288.000    286.175    13.0596    13.0594   4.137362   4.137400     2.3036     1.9713    0.00240    0.00177    -0.1119    95.8111 1.0000e-12 9.3543e+02 1.0690e-13      98.78    182.484     4.1946    182.209     4.1883    35.2122    35.2127    26.5534    26.5538    1505.40    1505.40         21 0.0000e+00
      47956 101.437675    287.000    285.189    13.0945    13.0947   4.141244   4.141382     2.3108     1.9764   -0.00002   -0.00085    -0.1119    95.8035 1.0000e-12 9.3849e+02 1.0656e-13      98.78    183.228     4.2117    182.805     4.2019    35.2171    35.2183    26.5501    26.5510    1505.51    1505.51         23 0.0000e+00
      47981 101.437691    286.000    284.194    13.1656    13.1694   4.149325   4.149992     2.3161     1.9807   -0.00008    0.00062    -0.1119    95.7803 1.0000e-12 9.4666e+02 1.0564e-13      98.78    182.887     4.2038    182.762     4.2009    35.2285    35.2313    26.5446    26.5460    1505.74    1505.76         28 0.0000e+00
      48008 101.437698    285.000    283.205    13.2304    13.2315   4.156394   4.156577     2.3187     1.9847    0.00450    0.00626    -0.1013    95.7821 1.0000e-12 7.6864e+02 1.5531e-13      98.78    182.905     4.2042    182.944     4.2051    35.2359    35.2367    26.5372    26.5375    1505.95    1505.95         26 0.0000e+00
      48033 101.437714    284.000    282.215    13.2707    13.2720   4.160967   4.161266     2.3238     1.9887    0.00445    0.00630    -0.1013    95.7696 1.0000e-12 9.3896e+02 1.0640e-13      98.78    183.573     4.2195    183.144     4.2097    35.2425    35.2441    26.5340    26.5350    1506.07    1506.08         23 0.0000e+00
      48054 101.437721    283.000    281.222    13.3615    13.3603   4.171059   4.171221     2.3287     1.9914    0.00386    0.00300    -0.1149    95.7633 1.0000e-12 9.4385e+02 1.0595e-13      98.78    183.651     4.2213    183.080     4.2082    35.2544    35.2570    26.5247    26.5270    1506.37    1506.37         20 0.0000e+00
      48073 101.437729    282.000    280.228    13.4081    13.4055   4.176282   4.176176     2.3325     1.9941    0.00364    0.00277    -0.1136    95.7464 1.0000e-12 9.3955e+02 1.0643e-13      98.78    183.660     4.2215    183.541     4.2187    35.2610    35.2625    26.5203    26.5220    1506.51    1506.51         18 0.0000e+00
      48091 101.437737    281.000    279.232    13.4555    13.4549   4.181408   4.181424     2.3349     1.9979    0.00378    0.00459    -0.0965    95.7401 1.0000e-12 9.3737e+02 1.0668e-13      98.78    183.699     4.2223    183.899     4.2269    35.2662    35.2668    26.5146    26.5152    1506.66    1506.66         16 0.0000e+00
      48107 101.437744    280.000    278.239    13.4771    13.4783   4.183883   4.184215     2.3383     2.0006    0.00329    0.00557    -0.0975    95.7400 1.0000e-12 9.3882e+02 1.0652e-13      98.78    183.963     4.2284    183.753     4.2236    35.2699    35.2719    26.5130    26.5143    1506.72    1506.73         17 0.0000e+00
      48124 101.437759    279.000    277.239    13.5465    13.5467   4.191893   4.192378     2.3410     2.0028    0.00320    0.00526    -0.1033    95.7308 1.0000e-12 9.4344e+02 1.0600e-13      98.78    183.860     4.2260    183.639     4.2210    35.2818    35.2861    26.5079    26.5112    1506.94    1506.95         18 0.0000e+00
