data/CTD/abra2/abra2004.cnv
* Sea-Bird SBE 9 Data File:
* FileName = C:\SEASOFT\ABRACOS2\data\abra2004.hex
* Software Version Seasave V 7.26.1.8
* Temperature SN = 6083
* Conductivity SN = 4355
* Number of Bytes Per Scan = 48
* Number of Voltage Words = 5
* Number of Scans Averaged by the Deck Unit = 1
* NMEA Latitude = 09 13.03 S
* NMEA Longitude = 035 04.57 W
* NMEA UTC (Time) = Apr 10 2017 16:20:26
** Cruise: ABRACOS2
** Ship: ANTEA
** Station: 4
** Bottom Depth: 37
** Pressure frequency switch pos 2 before station:
** Pressure frequency switch pos 2 after station:
** Operator: JG
** Comments:
# nquan = 30
# nvalues = 65                          
# units = specified
# name 0 = scan: Scan Count
# name 1 = timeJ: Julian Days
# name 2 = prDM: Pressure, Digiquartz [db]
# name 3 = depSM: Depth [salt water, m]
# name 4 = t090C: Temperature [ITS-90, deg C]
# name 5 = t190C: Temperature, 2 [ITS-90, deg C]
# name 6 = c0S/m: Conductivity [S/m]
# name 7 = c1S/m: Conductivity, 2 [S/m]
# name 8 = sbeox0V: Oxygen raw, SBE 43 [V]
# name 9 = sbeox1V: Oxygen raw, SBE 43, 2 [V]
# name 10 = sbox1dV/dT: Oxygen, SBE 43, 2 [dov/dt]
# name 11 = sbox0dV/dT: Oxygen, SBE 43 [dov/dt]
# name 12 = flECO-AFL: Fluorescence, WET Labs ECO-AFL/FL [mg/m^3]
# name 13 = CStarTr0: Beam Transmission, WET Labs C-Star [%]
# name 14 = par: PAR/Irradiance, Biospherical/Licor
# name 15 = spar: SPAR/Surface Irradiance
# name 16 = cpar: CPAR/Corrected Irradiance [%]
# name 17 = altM: Altimeter [m]
# name 18 = sbox0Mm/Kg: Oxygen, SBE 43 [umol/kg], WS = 2
# name 19 = sbeox0ML/L: Oxygen, SBE 43 [ml/l], WS = 2
# name 20 = sbox1Mm/Kg: Oxygen, SBE 43, 2 [umol/kg], WS = 2
# name 21 = sbeox1ML/L: Oxygen, SBE 43, 2 [ml/l], WS = 2
# name 22 = sal00: Salinity, Practical [PSU]
# name 23 = sal11: Salinity, Practical, 2 [PSU]
# name 24 = sigma-é00: Density [sigma-theta, kg/m^3]
# name 25 = sigma-é11: Density, 2 [sigma-theta, kg/m^3]
# name 26 = svCM: Sound Velocity [Chen-Millero, m/s]
# name 27 = svCM1: Sound Velocity, 2 [Chen-Millero, m/s]
# name 28 = nbin: number of scans per bin
# name 29 = flag: flag
# span 0 =        687,       5618       
# span 1 = 100.681187, 100.683565       
# span 2 =      2.000,     34.000       
# span 3 =      1.982,     33.816       
# span 4 =    28.4385,    28.6661       
# span 5 =    28.4405,    28.6646       
# span 6 =   6.007189,   6.016440       
# span 7 =   6.006547,   6.015874       
# span 8 =     2.9874,     3.0280       
# span 9 =     2.5665,     2.6002       
# span 10 =   -0.00665,    0.00426      
# span 11 =   -0.00545,    0.00425      
# span 12 =    -0.0819,     0.1159      
# span 13 =    95.9117,    96.9120      
# span 14 = 1.9455e-01, 9.7435e-01      
# span 15 = 4.8145e+02, 2.1630e+03      
# span 16 = 1.4101e-02, 5.8291e+03      
# span 17 =       0.86,      32.30      
# span 18 =    186.298,    189.970      
# span 19 =     4.2712,     4.3559      
# span 20 =    184.452,    188.603      
# span 21 =     4.2288,     4.3246      
# span 22 =    37.2468,    37.3608      
# span 23 =    37.2432,    37.3554      
# span 24 =    23.8647,    24.0286      
# span 25 =    23.8628,    24.0239      
# span 26 =    1545.12,    1545.45      
# span 27 =    1545.11,    1545.45      
# span 28 =         22,        193      
# span 29 = 0.0000e+00, 0.0000e+00      
# interval = decibars: 1                
# start_time = Apr 10 2017 16:20:26 [System UTC, first data scan.]
# bad_flag = -9.990e-29
*END*
        687 100.681190      2.000      1.982    28.6356    28.6334   6.012826   6.012101     3.0041     2.5880    0.00043    0.00008    -0.0787    96.6480 2.4190e-01 1.0378e+03 2.8988e-02       8.89    186.964     4.2863    185.879     4.2615    37.2472    37.2438    23.8749    23.8731    1545.12    1545.11         79 0.0000e+00
       1050 100.681366      3.000      2.983    28.6460    28.6458   6.014084   6.013593     3.0039     2.5902   -0.00052   -0.00105    -0.0813    96.7015 2.0768e-01 1.3690e+03 1.6445e-02       0.86    186.932     4.2856    186.161     4.2679    37.2475    37.2442    23.8718    23.8693    1545.15    1545.15         46 0.0000e+00
       1100 100.681389      4.000      3.974    28.6538    28.6529   6.015035   6.014467     3.0025     2.5891   -0.00062   -0.00049    -0.0813    96.7675 2.0565e-01 1.5093e+03 1.5514e-02      29.98    186.840     4.2835    185.886     4.2616    37.2477    37.2444    23.8694    23.8673    1545.19    1545.18         44 0.0000e+00
       1137 100.681404      5.000      4.971    28.6534    28.6472   6.015027   6.013770     3.0050     2.5879    0.00018   -0.00011    -0.0813    96.8326 2.2942e-01 1.7842e+03 1.4101e-02      32.30    187.124     4.2900    186.020     4.2647    37.2477    37.2437    23.8696    23.8687    1545.20    1545.19         34 0.0000e+00
       1171 100.681419      6.000      5.968    28.6652    28.6642   6.016439   6.015874     3.0030     2.5905   -0.00139   -0.00001    -0.0813    96.8733 2.2248e-01 1.3814e+03 1.7554e-02       8.45    186.711     4.2805    186.285     4.2707    37.2480    37.2448    23.8660    23.8639    1545.25    1545.24         37 0.0000e+00
       1210 100.681442      7.000      6.961    28.6637    28.6600   6.016340   6.015336     2.9966     2.5884    0.00068    0.00068    -0.0813    96.8865 2.5879e-01 1.1207e+03 2.4987e-02       0.97    186.342     4.2720    185.751     4.2585    37.2481    37.2440    23.8666    23.8648    1545.26    1545.25         40 0.0000e+00
       1256 100.681465      8.000      7.954    28.6427    28.6405   6.013909   6.013128     2.9962     2.5824   -0.00049   -0.00341    -0.0813    96.8889 3.4106e-01 1.8467e+03 1.8780e-02      20.84    186.549     4.2768    185.228     4.2465    37.2473    37.2435    23.8731    23.8710    1545.23    1545.22         54 0.0000e+00
       1309 100.681488      9.000      8.947    28.6140    28.6127   6.010665   6.010004     3.0012     2.5784   -0.00317   -0.00030    -0.0813    96.9120 4.6607e-01 1.0082e+03 4.6708e-02      29.18    187.052     4.2884    185.198     4.2459    37.2468    37.2432    23.8825    23.8801    1545.19    1545.18         42 0.0000e+00
       1340 100.681503     10.000      9.938    28.6117    28.6103   6.010477   6.009799     2.9995     2.5792   -0.00295    0.00236    -0.0813    96.8962 5.5592e-01 1.5153e+03 3.8301e-02      27.92    186.698     4.2803    185.708     4.2576    37.2470    37.2434    23.8834    23.8812    1545.20    1545.19         26 0.0000e+00
       1363 100.681511     11.000     10.938    28.6059    28.6046   6.009892   6.009205     2.9972     2.5814   -0.00071    0.00272    -0.0813    96.8597 5.7992e-01 1.0051e+03 7.0715e-02      26.97    186.676     4.2798    185.813     4.2600    37.2471    37.2433    23.8855    23.8831    1545.20    1545.20         22 0.0000e+00
       1387 100.681526     12.000     11.938    28.6009    28.5997   6.009378   6.008717     2.9977     2.5822   -0.00106    0.00038    -0.0813    96.8459 6.0560e-01 1.0679e+03 7.1809e-02      25.60    186.903     4.2850    185.786     4.2594    37.2471    37.2435    23.8873    23.8849    1545.21    1545.20         26 0.0000e+00
       1422 100.681541     13.000     12.930    28.5973    28.5960   6.009012   6.008350     2.9963     2.5826    0.00201   -0.00187    -0.0523    96.8286 6.5457e-01 1.2299e+03 5.9887e-02      24.19    186.559     4.2771    185.833     4.2605    37.2471    37.2435    23.8886    23.8863    1545.22    1545.21         46 0.0000e+00
       1472 100.681564     14.000     13.917    28.5948    28.5936   6.008797   6.008145     2.9958     2.5799    0.00016    0.00007    -0.0508    96.8023 7.5238e-01 5.1467e+02 1.4632e-01      23.24    186.922     4.2854    185.292     4.2480    37.2472    37.2436    23.8895    23.8872    1545.23    1545.22         46 0.0000e+00
       1507 100.681580     15.000     14.911    28.5925    28.5914   6.008592   6.007946     2.9976     2.5752   -0.00009   -0.00387    -0.0508    96.7231 8.0370e-01 1.1891e+03 7.3542e-02      22.72    186.666     4.2796    184.857     4.2381    37.2473    37.2436    23.8904    23.8881    1545.24    1545.24         27 0.0000e+00
       1531 100.681595     16.000     15.909    28.5914    28.5903   6.008533   6.007887     2.9928     2.5735   -0.00274    0.00327    -0.0508    96.7104 8.0050e-01 1.0285e+03 8.5020e-02      22.05    186.448     4.2746    185.099     4.2436    37.2475    37.2438    23.8910    23.8887    1545.26    1545.25         23 0.0000e+00
       1558 100.681610     17.000     16.912    28.5885    28.5873   6.008235   6.007596     2.9926     2.5750   -0.00294    0.00136    -0.0508    96.7211 7.9008e-01 1.1407e+03 7.6136e-02      20.96    186.610     4.2783    185.391     4.2503    37.2474    37.2438    23.8920    23.8897    1545.27    1545.26         34 0.0000e+00
       1601 100.681625     18.000     17.891    28.5871    28.5858   6.008126   6.007467     2.9967     2.5759   -0.00055   -0.00304    -0.0508    96.7103 8.2176e-01 8.4275e+02 9.8701e-02      19.54    186.992     4.2870    185.299     4.2482    37.2474    37.2437    23.8926    23.8902    1545.28    1545.27         43 0.0000e+00
       1632 100.681641     19.000     18.890    28.5861    28.5848   6.008070   6.007419     2.9988     2.5755    0.00151    0.00083    -0.0508    96.7196 8.3954e-01 7.9762e+02 1.0922e-01      18.55    187.207     4.2920    185.409     4.2508    37.2475    37.2439    23.8930    23.8908    1545.30    1545.29         24 0.0000e+00
       1657 100.681656     20.000     19.893    28.5844    28.5832   6.007923   6.007276     2.9985     2.5759    0.00022    0.00245    -0.0508    96.7166 8.5119e-01 1.4591e+03 7.5758e-02      17.64    186.967     4.2865    185.290     4.2480    37.2475    37.2438    23.8937    23.8913    1545.31    1545.30         29 0.0000e+00
       1698 100.681671     21.000     20.882    28.5823    28.5813   6.007696   6.007087     2.9944     2.5717   -0.00001    0.00120    -0.0508    96.6935 8.2775e-01 1.4215e+03 6.8123e-02      16.42    186.682     4.2799    184.871     4.2384    37.2472    37.2437    23.8943    23.8920    1545.32    1545.31         50 0.0000e+00
       1742 100.681694     22.000     21.873    28.5815    28.5802   6.007672   6.007026     2.9931     2.5700   -0.00211   -0.00224    -0.0508    96.7243 8.6080e-01 7.0217e+02 1.3270e-01      15.56    186.829     4.2833    184.804     4.2369    37.2474    37.2438    23.8947    23.8925    1545.34    1545.33         38 0.0000e+00
       1776 100.681709     23.000     22.867    28.5822    28.5810   6.007872   6.007230     2.9937     2.5708   -0.00134   -0.00272    -0.0508    96.7467 8.7787e-01 4.8145e+02 1.8276e-01      14.70    186.592     4.2779    185.211     4.2462    37.2479    37.2443    23.8950    23.8927    1545.35    1545.35         31 0.0000e+00
       1805 100.681725     24.000     23.863    28.5815    28.5804   6.007848   6.007210     2.9874     2.5702   -0.00110    0.00142    -0.0508    96.7268 8.5435e-01 1.3559e+03 7.6864e-02      13.78    186.298     4.2712    184.876     4.2385    37.2480    37.2444    23.8954    23.8931    1545.37    1545.36         28 0.0000e+00
       1834 100.681740     25.000     24.857    28.5786    28.5774   6.007517   6.006874     2.9932     2.5724    0.00092   -0.00049    -0.0508    96.7074 8.3482e-01 1.0685e+03 8.0005e-02      12.82    187.116     4.2899    185.444     4.2516    37.2477    37.2440    23.8962    23.8938    1545.38    1545.37         30 0.0000e+00
       1869 100.681755     26.000     25.857    28.5767    28.5756   6.007382   6.006756     2.9965     2.5714   -0.00031   -0.00213    -0.0508    96.7035 8.4006e-01 9.2206e+02 9.7373e-02      11.69    186.987     4.2870    185.094     4.2435    37.2478    37.2443    23.8970    23.8947    1545.39    1545.39         42 0.0000e+00
       1924 100.681786     27.000     26.843    28.5750    28.5739   6.007250   6.006623     2.9889     2.5724    0.00055    0.00295    -0.0294    96.7192 8.4769e-01 6.3096e+02 1.5497e-01      10.57    186.496     4.2757    185.442     4.2515    37.2480    37.2444    23.8977    23.8955    1545.41    1545.40         59 0.0000e+00
       1966 100.681801     28.000     27.839    28.5737    28.5726   6.007189   6.006547     2.9927     2.5753   -0.00002   -0.00537    -0.0518    96.7151 8.6332e-01 1.4431e+03 6.9971e-02       9.76    187.146     4.2906    185.497     4.2528    37.2483    37.2446    23.8985    23.8962    1545.42    1545.42         31 0.0000e+00
       2004 100.681824     29.000     28.839    28.5721    28.5709   6.007238   6.006604     2.9986     2.5714    0.00163    0.00076    -0.0472    96.7110 8.2420e-01 1.2685e+03 8.5699e-02       8.68    187.409     4.2967    184.965     4.2406    37.2495    37.2460    23.9001    23.8978    1545.44    1545.43         52 0.0000e+00
       2104 100.681870     30.000     29.824    28.5715    28.5704   6.007462   6.006806     2.9946     2.5711    0.00068    0.00263    -0.0300    96.7041 8.5215e-01 8.4418e+02 1.0757e-01       7.33    187.018     4.2877    185.195     4.2459    37.2513    37.2475    23.9016    23.8992    1545.45    1545.45         71 0.0000e+00
       2160 100.681900     31.000     30.823    28.5552    28.5556   6.008190   6.007505     2.9935     2.5665    0.00147   -0.00269    -0.0423    96.6792 8.8483e-01 1.1455e+03 1.1511e-01       6.96    187.104     4.2897    185.073     4.2432    37.2689    37.2638    23.9204    23.9164    1545.45    1545.45         25 0.0000e+00
       2275 100.681953     32.000     31.820    28.4985    28.5007   6.008966   6.008299     3.0004     2.5766   -0.00235   -0.00383    -0.0045    96.5875 8.5040e-01 1.2897e+03 9.0336e-02       5.82    188.013     4.3108    186.376     4.2733    37.3187    37.3123    23.9769    23.9713    1545.40    1545.40         50 0.0000e+00
       2585 100.682106     33.000     32.815    28.4385    28.4542   6.008261   6.007713     3.0180     2.5895   -0.00361   -0.00470     0.0571    96.3808 9.1075e-01 1.0832e+03 1.0196e-01       4.68    189.374     4.3422    187.776     4.3055    37.3608    37.3445    24.0286    24.0111    1545.33    1545.35         54 0.0000e+00
       3374 100.682480     34.000     33.816    28.4410    28.4405   6.008398   6.007760     3.0280     2.6002   -0.00041    0.00425     0.1159    96.0830 8.3196e-01 1.3560e+03 7.3574e-02       3.28    189.970     4.3559    188.603     4.3246    37.3595    37.3554    24.0269    24.0239    1545.35    1545.35         63 0.0000e+00
       3556 100.682571     33.000     32.811    28.4497    28.4569   6.008529   6.007982     3.0245     2.5960    0.00174   -0.00002     0.0827    96.1878 9.0725e-01 1.0715e+03 1.1119e-01       4.03    189.584     4.3470    187.701     4.3038    37.3538    37.3443    24.0196    24.0100    1545.35    1545.35         95 0.0000e+00
       3890 100.682732     32.000     31.825    28.4573    28.4668   6.008603   6.008113     3.0137     2.5952    0.00159    0.00253     0.0491    96.2103 8.9283e-01 8.2631e+02 1.9224e-01       4.67    188.393     4.3197    187.013     4.2880    37.3487    37.3377    24.0132    24.0017    1545.34    1545.35         47 0.0000e+00
       3897 100.682732     31.000     30.820    28.5140    28.5006   6.008626   6.008120     3.0059     2.5804    0.00158    0.00011     0.0294    96.3368 9.1999e-01 1.1229e+03 9.2983e-02       5.43    187.561     4.3004    185.082     4.2436    37.3044    37.3114    23.9609    23.9706    1545.40    1545.38         29 0.0000e+00
       3939 100.682755     30.000     29.826    28.5458    28.5446   6.008031   6.007386     2.9961     2.5701   -0.00665   -0.00545     0.0121    96.4201 9.4717e-01 8.4116e+02 1.3251e-01       6.71    187.041     4.2883    184.887     4.2389    37.2755    37.2719    23.9285    23.9262    1545.42    1545.42         65 0.0000e+00
       4024 100.682800     29.000     28.836    28.5414    28.5436   6.008092   6.007365     2.9966     2.5680   -0.00276   -0.00098     0.0034    96.4688 9.1577e-01 8.4034e+02 1.1309e-01       7.79    187.237     4.2928    185.092     4.2436    37.2797    37.2728    23.9330    23.9271    1545.40    1545.40         94 0.0000e+00
       4094 100.682831     28.000     27.841    28.5641    28.5501   6.007345   6.006983     2.9978     2.5730    0.00111   -0.00288     0.0090    96.4872 9.3193e-01 8.8292e+02 1.1817e-01       8.32    187.273     4.2936    185.462     4.2521    37.2569    37.2654    23.9082    23.9192    1545.41    1545.39         45 0.0000e+00
       4132 100.682846     27.000     26.853    28.5707    28.5675   6.007455   6.006813     2.9963     2.5734    0.00426    0.00254    -0.0045    96.4701 9.2686e-01 1.7194e+03 5.7342e-02       9.19    187.068     4.2888    185.067     4.2430    37.2527    37.2508    23.9028    23.9024    1545.40    1545.39         30 0.0000e+00
       4159 100.682861     26.000     25.847    28.5749    28.5741   6.007525   6.006886     2.9948     2.5703   -0.00028    0.00072    -0.0202    96.5842 9.5657e-01 1.2055e+03 8.9124e-02      10.13    186.862     4.2841    184.991     4.2412    37.2502    37.2464    23.8994    23.8968    1545.39    1545.39         28 0.0000e+00
       4200 100.682884     25.000     24.855    28.5737    28.5729   6.007460   6.006845     2.9928     2.5707   -0.00107   -0.00104    -0.0472    96.6048 9.7435e-01 1.3584e+03 7.8598e-02      11.52    186.727     4.2810    185.124     4.2442    37.2511    37.2474    23.9004    23.8979    1545.37    1545.37         57 0.0000e+00
       4253 100.682907     24.000     23.865    28.5762    28.5714   6.007565   6.006827     2.9910     2.5722    0.00027   -0.00094    -0.0509    96.6191 9.5229e-01 1.3386e+03 8.1214e-02      12.55    186.661     4.2795    185.178     4.2455    37.2502    37.2488    23.8988    23.8993    1545.36    1545.35         41 0.0000e+00
       4295 100.682930     23.000     22.868    28.5785    28.5779   6.007679   6.007097     2.9948     2.5705    0.00069   -0.00106    -0.0508    96.6194 9.3032e-01 7.4177e+02 2.2013e-01      13.26    186.983     4.2869    184.982     4.2410    37.2494    37.2458    23.8974    23.8948    1545.35    1545.34         51 0.0000e+00
       4348 100.682953     22.000     21.881    28.5761    28.5727   6.007616   6.006894     2.9928     2.5715   -0.00144    0.00247    -0.0508    96.6288 9.5315e-01 1.6201e+03 5.5411e-02      14.06    186.592     4.2779    185.092     4.2435    37.2512    37.2488    23.8995    23.8988    1545.33    1545.32         43 0.0000e+00
       4379 100.682968     21.000     20.887    28.5803    28.5803   6.007722   6.007174     2.9941     2.5701    0.00090    0.00110    -0.0508    96.6402 9.3497e-01 7.0876e+02 1.3468e-01      14.77    187.045     4.2883    184.706     4.2346    37.2490    37.2451    23.8962    23.8934    1545.32    1545.31         24 0.0000e+00
       4401 100.682976     20.000     19.885    28.5842    28.5825   6.007912   6.007273     2.9986     2.5690    0.00063   -0.00296    -0.0508    96.6884 9.2146e-01 2.1630e+03 4.3996e-02      15.70    187.135     4.2903    184.719     4.2349    37.2476    37.2444    23.8938    23.8920    1545.31    1545.30         22 0.0000e+00
       4427 100.682991     19.000     18.882    28.5849    28.5838   6.007948   6.007351     2.9953     2.5686   -0.00046   -0.00006    -0.0508    96.6853 9.4665e-01 1.2746e+03 9.5338e-02      16.93    186.677     4.2798    184.601     4.2322    37.2476    37.2442    23.8935    23.8914    1545.29    1545.29         34 0.0000e+00
