data/CTD/abra2/abra2008.cnv
* Sea-Bird SBE 9 Data File:
* FileName = C:\SEASOFT\ABRACOS2\data\abra2008.hex
* Software Version Seasave V 7.26.1.8
* Temperature SN = 6083
* Conductivity SN = 4355
* Number of Bytes Per Scan = 48
* Number of Voltage Words = 5
* Number of Scans Averaged by the Deck Unit = 1
* NMEA Latitude = 08 42.79 S
* NMEA Longitude = 034 48.22 W
* NMEA UTC (Time) = Apr 11 2017 18:45:12
** Cruise: ABRACOS2
** Ship: ANTEA
** Station: 8
** Bottom Depth: 46
** Pressure frequency switch pos 2 before station:
** Pressure frequency switch pos 2 after station:
** Operator: JG/GA
** Comments:
# nquan = 30
# nvalues = 91                          
# units = specified
# name 0 = scan: Scan Count
# name 1 = timeJ: Julian Days
# name 2 = prDM: Pressure, Digiquartz [db]
# name 3 = depSM: Depth [salt water, m]
# name 4 = t090C: Temperature [ITS-90, deg C]
# name 5 = t190C: Temperature, 2 [ITS-90, deg C]
# name 6 = c0S/m: Conductivity [S/m]
# name 7 = c1S/m: Conductivity, 2 [S/m]
# name 8 = sbeox0V: Oxygen raw, SBE 43 [V]
# name 9 = sbeox1V: Oxygen raw, SBE 43, 2 [V]
# name 10 = sbox1dV/dT: Oxygen, SBE 43, 2 [dov/dt]
# name 11 = sbox0dV/dT: Oxygen, SBE 43 [dov/dt]
# name 12 = flECO-AFL: Fluorescence, WET Labs ECO-AFL/FL [mg/m^3]
# name 13 = CStarTr0: Beam Transmission, WET Labs C-Star [%]
# name 14 = par: PAR/Irradiance, Biospherical/Licor
# name 15 = spar: SPAR/Surface Irradiance
# name 16 = cpar: CPAR/Corrected Irradiance [%]
# name 17 = altM: Altimeter [m]
# name 18 = sbox0Mm/Kg: Oxygen, SBE 43 [umol/kg], WS = 2
# name 19 = sbeox0ML/L: Oxygen, SBE 43 [ml/l], WS = 2
# name 20 = sbox1Mm/Kg: Oxygen, SBE 43, 2 [umol/kg], WS = 2
# name 21 = sbeox1ML/L: Oxygen, SBE 43, 2 [ml/l], WS = 2
# name 22 = sal00: Salinity, Practical [PSU]
# name 23 = sal11: Salinity, Practical, 2 [PSU]
# name 24 = sigma-é00: Density [sigma-theta, kg/m^3]
# name 25 = sigma-é11: Density, 2 [sigma-theta, kg/m^3]
# name 26 = svCM: Sound Velocity [Chen-Millero, m/s]
# name 27 = svCM1: Sound Velocity, 2 [Chen-Millero, m/s]
# name 28 = nbin: number of scans per bin
# name 29 = flag: flag
# span 0 =       -873,       7041       
# span 1 = 101.780966, 101.784786       
# span 2 =      1.000,     46.000       
# span 3 =      0.973,     45.735       
# span 4 =    27.3905,    28.8651       
# span 5 =    27.3876,    28.8599       
# span 6 =   5.893055,   6.052829       
# span 7 =   5.892325,   6.052189       
# span 8 =     2.9849,     3.0863       
# span 9 =     2.5715,     2.6445       
# span 10 =   -0.01023,    0.00686      
# span 11 =   -0.01276,    0.00396      
# span 12 =    -0.0821,     0.5244      
# span 13 =    95.9427,    97.3855      
# span 14 = 3.7795e-02, 4.8282e-01      
# span 15 = 1.8929e+02, 5.6408e+02      
# span 16 = 9.8373e-03, 2.1530e-01      
# span 17 =       0.76,      61.84      
# span 18 =    185.181,    197.555      
# span 19 =     4.2451,     4.5314      
# span 20 =    184.085,    195.962      
# span 21 =     4.2199,     4.4948      
# span 22 =    37.1809,    37.4974      
# span 23 =    37.1770,    37.4958      
# span 24 =    23.7563,    24.3833      
# span 25 =    23.7562,    24.3821      
# span 26 =    1543.26,    1545.97      
# span 27 =    1543.25,    1545.96      
# span 28 =          6,        158      
# span 29 = 0.0000e+00, 0.0000e+00      
# interval = decibars: 1                
# start_time = Apr 11 2017 18:45:12 [System UTC, first data scan.]
# bad_flag = -9.990e-29
*END*
[from data line 49]
       5649 101.784111     42.000     41.759    27.7887    27.7823   5.944082   5.943255     3.0172     2.5881   -0.00954   -0.01057     0.2820    96.1536 1.0367e-01 4.3627e+02 2.7227e-02       3.83    190.481     4.3687    188.797     4.3301    37.4200    37.4192    24.2885    24.2901    1544.13    1544.11         74 0.0000e+00
       5715 101.784142     41.000     40.774    27.8472    27.8538   5.951507   5.952064     3.0079     2.5869   -0.00688   -0.01095     0.2876    96.1927 1.0847e-01 4.9846e+02 2.1394e-02       4.59    190.130     4.3606    189.091     4.3368    37.4264    37.4251    24.2742    24.2710    1544.25    1544.26         36 0.0000e+00
       5741 101.784157     40.000     39.771    27.9222    27.9227   5.961310   5.961316     3.0106     2.5860    0.00067   -0.00303     0.2299    96.3199 1.2021e-01 4.9367e+02 2.4351e-02       5.30    189.889     4.3550    188.410     4.3211    37.4366    37.4362    24.2571    24.2566    1544.41    1544.41         26 0.0000e+00
       5769 101.784172     39.000     38.775    27.9939    28.0021   5.970042   5.970876     3.0061     2.5863    0.00156    0.00024     0.2375    96.3870 1.3280e-01 4.9347e+02 2.6911e-02       6.30    189.303     4.3415    188.537     4.3239    37.4417    37.4411    24.2372    24.2340    1544.55    1544.57         29 0.0000e+00
       5798 101.784187     38.000     37.782    28.1039    28.1045   5.984040   5.984144     3.0065     2.5888   -0.00032    0.00106     0.1782    96.4549 1.4355e-01 4.9234e+02 2.9156e-02       7.20    189.245     4.3401    188.187     4.3158    37.4536    37.4539    24.2099    24.2098    1544.79    1544.79         30 0.0000e+00
       5833 101.784203     37.000     36.786    28.2614    28.2456   6.003922   6.001956     3.0084     2.5875    0.00079   -0.00231     0.1397    96.5132 1.5496e-01 4.9146e+02 3.1532e-02       8.27    188.759     4.3287    187.598     4.3021    37.4692    37.4679    24.1694    24.1736    1545.13    1545.09         41 0.0000e+00
       5875 101.784218     36.000     35.800    28.4330    28.4255   6.025331   6.024452     3.0051     2.5851   -0.00016    0.00219     0.1320    96.5926 1.6122e-01 4.9061e+02 3.2861e-02       9.37    187.894     4.3087    186.534     4.2775    37.4843    37.4840    24.1236    24.1259    1545.50    1545.48         37 0.0000e+00
       5905 101.784233     35.000     34.807    28.5363    28.5351   6.038384   6.038113     3.0001     2.5852    0.00029   -0.00107     0.1298    96.6587 1.7070e-01 3.4835e+02 2.1530e-01      10.21    187.324     4.2955    186.595     4.2788    37.4945    37.4935    24.0968    24.0964    1545.72    1545.71         25 0.0000e+00
       5926 101.784248     34.000     33.812    28.5931    28.5846   6.044995   6.043928     3.0030     2.5848   -0.00172   -0.00225     0.1020    96.7640 1.8229e-01 3.9791e+02 1.4851e-01      10.99    187.607     4.3019    186.093     4.2672    37.4962    37.4955    24.0790    24.0814    1545.83    1545.81         20 0.0000e+00
       5946 101.784256     33.000     32.810    28.6150    28.6147   6.047430   6.047162     3.0050     2.5842   -0.00291   -0.00276     0.0736    96.8174 1.9689e-01 4.9049e+02 4.2771e-02      11.83    187.572     4.3011    185.803     4.2605    37.4963    37.4946    24.0717    24.0705    1545.86    1545.85         19 0.0000e+00
       5966 101.784264     32.000     31.811    28.6488    28.6482   6.051350   6.051051     3.0049     2.5802    0.00089   -0.00289     0.0241    96.8518 2.1825e-01 4.9183e+02 4.4376e-02      12.83    187.334     4.2956    185.378     4.2507    37.4974    37.4958    24.0611    24.0602    1545.91    1545.91         22 0.0000e+00
       5993 101.784279     31.000     30.819    28.6717    28.6699   6.052604   6.051971     3.0045     2.5827   -0.00046    0.00230     0.0096    96.9397 2.3923e-01 4.9058e+02 4.8767e-02      14.00    187.358     4.2961    185.926     4.2632    37.4883    37.4854    24.0466    24.0450    1545.94    1545.93         32 0.0000e+00
       6026 101.784294     30.000     29.831    28.6754    28.6733   6.050033   6.049232     3.0087     2.5845   -0.00253    0.00043    -0.0013    96.9434 2.5222e-01 4.9055e+02 5.1415e-02      15.12    187.715     4.3042    186.018     4.2653    37.4677    37.4638    24.0298    24.0275    1545.90    1545.90         32 0.0000e+00
       6059 101.784309     29.000     28.835    28.6486    28.6462   6.041749   6.040831     3.0101     2.5837    0.00154    0.00081    -0.0200    96.7031 2.6453e-01 4.9112e+02 5.3863e-02      16.05    187.889     4.3081    185.679     4.2574    37.4312    37.4267    24.0112    24.0086    1545.79    1545.78         37 0.0000e+00
       6093 101.784325     28.000     27.847    28.6206    28.6200   6.034227   6.033885     3.0142     2.5833    0.00136    0.00287    -0.0203    96.8793 2.8030e-01 4.9032e+02 5.7166e-02      16.98    188.400     4.3198    186.301     4.2716    37.4009    37.3990    23.9976    23.9964    1545.68    1545.68         27 0.0000e+00
       6118 101.784340     27.000     26.843    28.5996    28.5988   6.028140   6.027638     3.0189     2.5876   -0.00096    0.00076    -0.0215    96.7797 3.0239e-01 4.2575e+02 6.6176e-02      17.82    188.720     4.3271    187.048     4.2887    37.3751    37.3721    23.9852    23.9832    1545.59    1545.59         25 0.0000e+00
       6149 101.784355     26.000     25.848    28.5931    28.5914   6.026300   6.025665     3.0179     2.5943   -0.00016    0.00300    -0.0032    96.6946 3.2133e-01 4.1131e+02 7.8628e-02      18.92    188.544     4.3230    187.341     4.2954    37.3676    37.3645    23.9817    23.9799    1545.55    1545.55         38 0.0000e+00
       6190 101.784370     25.000     24.861    28.5778    28.5779   6.021251   6.021172     3.0188     2.5955    0.00537    0.00190    -0.0036    96.6160 3.3905e-01 4.9059e+02 6.9095e-02      20.01    188.627     4.3249    186.962     4.2867    37.3446    37.3439    23.9694    23.9688    1545.48    1545.48         42 0.0000e+00
       6228 101.784393     24.000     23.864    28.5706    28.5685   6.018945   6.018093     3.0175     2.5907    0.00180    0.00063    -0.0143    96.6169 3.5430e-01 4.8967e+02 7.2372e-02      20.89    188.473     4.3213    186.751     4.2818    37.3344    37.3300    23.9640    23.9614    1545.44    1545.43         35 0.0000e+00
       6261 101.784409     23.000     22.870    28.5627    28.5610   6.016563   6.015935     3.0169     2.5909   -0.00201   -0.00054     0.0104    96.5313 3.7816e-01 4.8967e+02 7.7287e-02      21.67    188.508     4.3221    186.729     4.2813    37.3242    37.3211    23.9589    23.9571    1545.39    1545.39         31 0.0000e+00
       6291 101.784424     22.000     21.876    28.5574    28.5555   6.014828   6.014105     3.0156     2.5903   -0.00162   -0.00126     0.0326    96.3073 3.9593e-01 4.8967e+02 8.0854e-02      22.25    188.400     4.3196    186.749     4.2817    37.3165    37.3130    23.9548    23.9528    1545.36    1545.35         29 0.0000e+00
       6320 101.784439     21.000     20.882    28.5613    28.5598   6.012962   6.012287     3.0160     2.5918   -0.00012   -0.00017     0.0408    96.2270 4.1282e-01 4.8989e+02 8.4268e-02      23.15    188.521     4.3223    187.008     4.2876    37.3006    37.2971    23.9415    23.9394    1545.33    1545.32         28 0.0000e+00
       6348 101.784447     20.000     19.883    28.5888    28.5879   6.011634   6.011008     3.0190     2.5924   -0.00052   -0.00081     0.0408    96.0870 4.3143e-01 4.8979e+02 8.8085e-02      24.35    188.706     4.3264    186.909     4.2852    37.2700    37.2663    23.9091    23.9067    1545.34    1545.34         30 0.0000e+00
       6385 101.784470     19.000     18.891    28.6232    28.6216   6.011969   6.011370     3.0192     2.5902    0.00086    0.00108     0.0547    95.9427 4.4490e-01 3.6431e+02 1.1474e-01      25.50    188.471     4.3209    186.199     4.2688    37.2456    37.2427    23.8793    23.8776    1545.37    1545.37         45 0.0000e+00
       6428 101.784485     18.000     17.901    28.6256    28.6236   6.012049   6.011424     3.0141     2.5853   -0.00023    0.00119     0.0406    96.0385 4.4324e-01 4.8938e+02 9.0565e-02      26.55    187.914     4.3081    186.004     4.2643    37.2446    37.2418    23.8776    23.8762    1545.36    1545.35         39 0.0000e+00
       6464 101.784508     17.000     16.908    28.6267    28.6249   6.012084   6.011435     3.0120     2.5848   -0.00422   -0.00170     0.0408    95.9818 4.2759e-01 4.8822e+02 8.7581e-02      27.41    188.006     4.3102    186.080     4.2661    37.2443    37.2412    23.8769    23.8752    1545.35    1545.34         30 0.0000e+00
       6490 101.784515     16.000     15.913    28.6256    28.6239   6.011743   6.011161     3.0131     2.5857   -0.00116   -0.00392     0.0408    96.0373 4.2035e-01 4.8882e+02 8.5994e-02      28.20    187.956     4.3091    186.197     4.2688    37.2431    37.2404    23.8763    23.8749    1545.33    1545.32         23 0.0000e+00
       6513 101.784531     15.000     14.910    28.6241    28.6224   6.011299   6.010719     3.0111     2.5865   -0.00060   -0.00253     0.0408    96.0362 4.4079e-01 4.8967e+02 9.0018e-02      29.28    187.705     4.3033    185.869     4.2612    37.2415    37.2387    23.8755    23.8740    1545.30    1545.30         24 0.0000e+00
       6547 101.784546     14.000     13.917    28.6209    28.6179   6.010362   6.010293     3.0101     2.5807    0.00060   -0.00015     0.0319    96.1304 4.2811e-01 4.8885e+02 8.7566e-02      30.34    187.695     4.3031    185.344     4.2492    37.2377    37.2396    23.8737    23.8761    1545.28    1545.27         53 0.0000e+00
       6599 101.784569     13.000     12.935    28.6173    28.6154   6.009057   6.008500     3.0043     2.5738   -0.00386   -0.00151     0.0335    96.3394 3.2758e-01 4.5524e+02 1.2866e-01      31.11    187.090     4.2892    184.379     4.2270    37.2318    37.2293    23.8703    23.8691    1545.24    1545.24         37 0.0000e+00
       6628 101.784584     12.000     11.932    28.6177    28.6157   6.008395   6.007764     3.0007     2.5734   -0.00174   -0.00018     0.0288    96.3066 2.9080e-01 3.6721e+02 1.6461e-01      31.76    186.884     4.2845    185.451     4.2516    37.2271    37.2243    23.8666    23.8651    1545.22    1545.22         28 0.0000e+00
       6660 101.784599     11.000     10.933    28.6247    28.6224   6.008622   6.007964     2.9997     2.5758   -0.00482   -0.00363     0.0049    96.5461 2.8910e-01 4.8134e+02 6.6059e-02      32.97    186.847     4.2836    185.114     4.2439    37.2235    37.2207    23.8615    23.8602    1545.22    1545.21         39 0.0000e+00
       6710 101.784622     10.000      9.948    28.6354    28.6331   6.009406   6.008761     2.9952     2.5764    0.00302   -0.00147    -0.0547    96.7752 1.6235e-01 4.8623e+02 3.3387e-02      34.25    186.410     4.2735    185.197     4.2457    37.2209    37.2182    23.8559    23.8546    1545.22    1545.21         50 0.0000e+00
       6747 101.784645      9.000      8.951    28.6365    28.6346   6.008878   6.008256     2.9947     2.5759   -0.00013   -0.00195    -0.0375    96.8127 8.6855e-02 4.8574e+02 1.7882e-02      35.04    186.490     4.2754    184.691     4.2341    37.2166    37.2138    23.8522    23.8507    1545.20    1545.20         30 0.0000e+00
       6776 101.784653      8.000      7.952    28.6507    28.6467   6.010254   6.009468     2.9959     2.5715    0.00076   -0.00204    -0.0426    96.8875 7.3305e-02 4.8712e+02 1.5049e-02      36.13    186.451     4.2744    184.480     4.2293    37.2154    37.2131    23.8464    23.8460    1545.22    1545.20         30 0.0000e+00
       6811 101.784676      7.000      6.959    28.6830    28.6760   6.012533   6.011467     2.9940     2.5722   -0.00196    0.00031    -0.0507    96.9920 5.6879e-02 4.8863e+02 1.1639e-02      37.46    186.277     4.2704    184.539     4.2306    37.2064    37.2044    23.8288    23.8296    1545.26    1545.24         41 0.0000e+00
       6853 101.784691      6.000      5.967    28.7452    28.7413   6.016420   6.015804     2.9934     2.5733   -0.00059   -0.00085    -0.0695    97.0189 4.7315e-02 3.5390e+02 1.4619e-02      29.78    185.908     4.2618    184.474     4.2289    37.1851    37.1839    23.7918    23.7923    1545.35    1545.34         41 0.0000e+00
       6894 101.784714      5.000      4.973    28.7385    28.7260   6.015625   6.014055     2.9948     2.5720    0.00011    0.00074    -0.0556    97.0918 6.9149e-02 4.8456e+02 1.4254e-02       1.02    186.322     4.2713    184.580     4.2314    37.1851    37.1839    23.7941    23.7973    1545.32    1545.29         40 0.0000e+00
       6930 101.784729      4.000      3.979    28.7673    28.7586   6.018564   6.017242     2.9943     2.5770   -0.00023   -0.00267    -0.0812    97.0848 6.1796e-02 4.8701e+02 1.2689e-02       0.92    185.820     4.2597    184.673     4.2334    37.1834    37.1809    23.7831    23.7841    1545.36    1545.34         33 0.0000e+00
       6964 101.784744      3.000      2.984    28.7547    28.7492   6.016806   6.015891     2.9939     2.5763    0.00175    0.00377    -0.0813    97.1849 1.0713e-01 4.8768e+02 2.1967e-02       0.90    186.229     4.2691    184.805     4.2365    37.1813    37.1792    23.7856    23.7859    1545.32    1545.30         34 0.0000e+00
       6996 101.784760      2.000      1.982    28.7791    28.7782   6.019851   6.019585     2.9994     2.5757    0.00054   -0.00269    -0.0813    97.2347 1.4485e-01 4.8768e+02 2.9702e-02       0.81    186.378     4.2725    184.426     4.2278    37.1837    37.1826    23.7792    23.7786    1545.36    1545.35         36 0.0000e+00
       7041 101.784790      1.000      0.973    28.8651    28.8599   6.030585   6.029658     2.9986     2.5786   -0.00226    0.00240    -0.0813    97.2582 2.0156e-01 4.8743e+02 4.1348e-02       0.76    185.642     4.2555    185.459     4.2513    37.1917    37.1893    23.7563    23.7562    1545.53    1545.52          6 0.0000e+00
