data/CTD/abra2/abra2006.cnv
* Sea-Bird SBE 9 Data File:
* FileName = C:\SEASOFT\ABRACOS2\data\abra2006.hex
* Software Version Seasave V 7.26.1.8
* Temperature SN = 6083
* Conductivity SN = 4355
* Number of Bytes Per Scan = 48
* Number of Voltage Words = 5
* Number of Scans Averaged by the Deck Unit = 1
* NMEA Latitude = 08 51.58 S
* NMEA Longitude = 034 35.29 W
* NMEA UTC (Time) = Apr 11 2017 09:56:57
** Cruise: ABRACOS2
** Ship: ANTEA
** Station: 6
** Bottom Depth: 2080
** Pressure frequency switch pos 2 before station:
** Pressure frequency switch pos 2 after station:
** Operator: JG/GA
** Comments:
# nquan = 30
# nvalues = 2017                        
# units = specified
# name 0 = scan: Scan Count
# name 1 = timeJ: Julian Days
# name 2 = prDM: Pressure, Digiquartz [db]
# name 3 = depSM: Depth [salt water, m]
# name 4 = t090C: Temperature [ITS-90, deg C]
# name 5 = t190C: Temperature, 2 [ITS-90, deg C]
# name 6 = c0S/m: Conductivity [S/m]
# name 7 = c1S/m: Conductivity, 2 [S/m]
# name 8 = sbeox0V: Oxygen raw, SBE 43 [V]
# name 9 = sbeox1V: Oxygen raw, SBE 43, 2 [V]
# name 10 = sbox1dV/dT: Oxygen, SBE 43, 2 [dov/dt]
# name 11 = sbox0dV/dT: Oxygen, SBE 43 [dov/dt]
# name 12 = flECO-AFL: Fluorescence, WET Labs ECO-AFL/FL [mg/m^3]
# name 13 = CStarTr0: Beam Transmission, WET Labs C-Star [%]
# name 14 = par: PAR/Irradiance, Biospherical/Licor
# name 15 = spar: SPAR/Surface Irradiance
# name 16 = cpar: CPAR/Corrected Irradiance [%]
# name 17 = altM: Altimeter [m]
# name 18 = sbox0Mm/Kg: Oxygen, SBE 43 [umol/kg], WS = 2
# name 19 = sbeox0ML/L: Oxygen, SBE 43 [ml/l], WS = 2
# name 20 = sbox1Mm/Kg: Oxygen, SBE 43, 2 [umol/kg], WS = 2
# name 21 = sbeox1ML/L: Oxygen, SBE 43, 2 [ml/l], WS = 2
# name 22 = sal00: Salinity, Practical [PSU]
# name 23 = sal11: Salinity, Practical, 2 [PSU]
# name 24 = sigma-é00: Density [sigma-theta, kg/m^3]
# name 25 = sigma-é11: Density, 2 [sigma-theta, kg/m^3]
# name 26 = svCM: Sound Velocity [Chen-Millero, m/s]
# name 27 = svCM1: Sound Velocity, 2 [Chen-Millero, m/s]
# name 28 = nbin: number of scans per bin
# name 29 = flag: flag
# span 0 =        739,      62832       
# span 1 = 101.414905, 101.444849       
# span 2 =      2.000,   1010.000       
# span 3 =      1.978,   1001.876       
# span 4 =     4.0724,    28.6889       
# span 5 =     4.0709,    28.6876       
# span 6 =   3.263404,   6.054942       
# span 7 =   3.263112,   6.054293       
# span 8 =     1.6541,     3.1149       
# span 9 =     1.4342,     2.6456       
# span 10 =   -0.03934,    0.03474      
# span 11 =   -0.04911,    0.03556      
# span 12 =    -0.1432,     0.6967      
# span 13 =    87.3218,    98.3965      
# span 14 = 1.0000e-12, 1.3831e+00      
# span 15 = 2.2551e+02, 1.9507e+03      
# span 16 = -1.079e+01, 5.8764e+04      
# span 17 =       0.77,     100.47      
# span 18 =    135.869,    202.230      
# span 19 =     3.1241,     4.6400      
# span 20 =    129.818,    198.560      
# span 21 =     2.9850,     4.5558      
# span 22 =    34.3980,    37.5670      
# span 23 =    34.3960,    37.5635      
# span 24 =    23.7944,    27.4071      
# span 25 =    23.7915,    27.4057      
# span 26 =    1481.89,    1546.22      
# span 27 =    1481.89,    1546.21      
# span 28 =         12,        131      
# span 29 = 0.0000e+00, 0.0000e+00      
# interval = decibars: 1                
# start_time = Apr 11 2017 09:56:57 [System UTC, first data scan.]
# bad_flag = -9.990e-29
*END*
[from data line 146]
       5588 101.417244    148.000    147.119    21.3758    21.3740   5.147625   5.146764     2.6424     2.2494   -0.00178   -0.00483    -0.0560    98.3429 1.0000e-12 8.9333e+02 1.1123e-13      98.75    181.345     4.1648    178.854     4.1076    36.6706    36.6652    25.6706    25.6670    1529.53    1529.52         32 0.0000e+00
       5619 101.417259    149.000    148.102    21.2745    21.2758   5.134401   5.133662     2.6408     2.2484   -0.00498   -0.00246    -0.0823    98.3500 1.0000e-12 8.9952e+02 1.1118e-13      98.75    181.669     4.1723    179.599     4.1247    36.6507    36.6437    25.6836    25.6779    1529.26    1529.26         26 0.0000e+00
       5642 101.417267    150.000    149.103    21.1825    21.1829   5.122664   5.121955     2.6404     2.2473   -0.00496   -0.00114    -0.0813    98.3502 1.0000e-12 8.9969e+02 1.1115e-13      98.75    181.835     4.1762    179.367     4.1195    36.6347    36.6287    25.6968    25.6922    1529.01    1529.01         21 0.0000e+00
       5662 101.417282    151.000    150.096    21.1142    21.1145   5.113894   5.113049     2.6381     2.2442   -0.00273   -0.00195    -0.0813    98.3502 1.0000e-12 9.0251e+02 1.1080e-13      98.75    181.898     4.1777    179.468     4.1218    36.6222    36.6151    25.7061    25.7007    1528.83    1528.83         21 0.0000e+00
       5683 101.417290    152.000    151.093    20.9990    21.0003   5.099085   5.098365     2.6384     2.2442   -0.00028   -0.00067    -0.0813    98.3585 1.0000e-12 9.0338e+02 1.1069e-13      98.75    182.416     4.1896    180.277     4.1405    36.6012    36.5942    25.7218    25.7161    1528.52    1528.51         22 0.0000e+00
       5706 101.417297    153.000    152.082    20.9232    20.9212   5.089231   5.088254     2.6375     2.2445   -0.00205   -0.00113    -0.0509    98.3699 1.0000e-12 9.0340e+02 1.1068e-13      98.75    182.482     4.1912    180.467     4.1449    36.5862    36.5800    25.7312    25.7269    1528.31    1528.30         24 0.0000e+00
       5730 101.417313    154.000    153.082    20.8591    20.8550   5.081060   5.079872     2.6355     2.2440   -0.00213   -0.00157    -0.0659    98.3620 1.0000e-12 9.0340e+02 -9.990e-29      98.75    182.325     4.1876    180.348     4.1422    36.5747    36.5686    25.7400    25.7364    1528.15    1528.13         24 0.0000e+00
       5755 101.417320    155.000    154.070    20.8197    20.8195   5.076010   5.075448     2.6302     2.2387    0.00033   -0.00013    -0.0655    98.3523 1.0000e-12 7.4394e+02 -9.990e-29      98.75    181.790     4.1753    179.009     4.1114    36.5673    36.5629    25.7451    25.7418    1528.05    1528.04         25 0.0000e+00
       5780 101.417336    156.000    155.062    20.7980    20.7970   5.073234   5.072572     2.6239     2.2327   -0.00036   -0.00151    -0.0700    98.3597 1.0000e-12 5.1347e+02 -9.990e-29      98.75    181.466     4.1679    179.544     4.1237    36.5631    36.5586    25.7478    25.7446    1528.00    1527.99         24 0.0000e+00
       5802 101.417343    157.000    156.057    20.7251    20.7252   5.063642   5.062765     2.6214     2.2352   -0.00183   -0.00350    -0.0816    98.3594 1.0000e-12 9.1228e+02 1.1027e-13      98.75    181.669     4.1726    180.343     4.1421    36.5476    36.5403    25.7559    25.7503    1527.80    1527.80         21 0.0000e+00
       5824 101.417358    158.000    157.055    20.6543    20.6560   5.054476   5.053916     2.6179     2.2319   -0.00673   -0.00575    -0.0813    98.3536 1.0000e-12 9.1221e+02 1.0962e-13      98.75    181.567     4.1703    179.289     4.1179    36.5336    36.5276    25.7645    25.7595    1527.61    1527.61         22 0.0000e+00
       5846 101.417366    159.000    158.047    20.4618    20.4679   5.029366   5.028577     2.6168     2.2268   -0.00320   -0.00521    -0.0813    98.3412 1.0000e-12 9.1536e+02 1.0925e-13      98.75    182.501     4.1918    179.531     4.1236    36.4944    36.4827    25.7866    25.7760    1527.06    1527.07         23 0.0000e+00
       5869 101.417381    160.000    159.039    20.2353    20.2384   5.000154   4.999416     2.6191     2.2243    0.00073   -0.00282    -0.0813    98.3526 1.0000e-12 9.1398e+02 1.0941e-13      98.75    183.616     4.2176    180.066     4.1360    36.4505    36.4419    25.8139    25.8065    1526.41    1526.41         24 0.0000e+00
       5893 101.417389    161.000    160.036    20.1045    20.1062   4.983063   4.982313     2.6213     2.2174   -0.00441   -0.00328    -0.0813    98.3541 1.0000e-12 9.0756e+02 1.1043e-13      98.75    184.035     4.2272    179.603     4.1254    36.4230    36.4154    25.8279    25.8216    1526.04    1526.04         24 0.0000e+00
       5919 101.417404    162.000    161.028    20.0033    20.0044   4.970088   4.969428     2.6190     2.2155   -0.00412    0.00096    -0.0813    98.3699 1.0000e-12 9.0932e+02 -9.990e-29      98.75    183.688     4.2193    180.616     4.1487    36.4034    36.3970    25.8398    25.8346    1525.76    1525.75         27 0.0000e+00
       5947 101.417419    163.000    162.020    19.9103    19.9208   4.958166   4.958382     2.6120     2.2133   -0.00491    0.00231    -0.0813    98.3700 1.0000e-12 9.2028e+02 -9.990e-29      98.75    183.391     4.2125    180.561     4.1475    36.3853    36.3779    25.8507    25.8423    1525.49    1525.52         28 0.0000e+00
       5973 101.417427    164.000    163.010    19.7051    19.7181   4.931853   4.932436     2.6088     2.2134   -0.00361   -0.00115    -0.0813    98.3700 1.0000e-12 8.5639e+02 -9.990e-29      98.75    184.061     4.2280    181.840     4.1770    36.3453    36.3388    25.8743    25.8659    1524.90    1524.93         25 0.0000e+00
       5997 101.417442    165.000    164.005    19.6048    19.6127   4.919041   4.919197     2.6068     2.2147   -0.00113   -0.00535    -0.0813    98.3684 1.0000e-12 4.1651e+02 1.1562e-13      98.75    184.024     4.2272    182.229     4.1860    36.3257    36.3202    25.8857    25.8794    1524.61    1524.63         23 0.0000e+00
       6019 101.417450    166.000    165.001    19.5420    19.5519   4.910942   4.911478     2.6011     2.2135   -0.00163   -0.00459    -0.0813    98.3687 1.0000e-12 9.0889e+02 1.0978e-13      98.75    183.542     4.2162    181.778     4.1756    36.3126    36.3085    25.8922    25.8864    1524.44    1524.46         22 0.0000e+00
       6041 101.417465    167.000    165.995    19.4527    19.4527   4.899475   4.898605     2.5960     2.2109    0.00083   -0.00215    -0.0813    98.3700 1.0000e-12 9.1567e+02 1.0921e-13      98.75    183.470     4.2146    181.867     4.1777    36.2946    36.2873    25.9017    25.8961    1524.19    1524.18         22 0.0000e+00
       6063 101.417473    168.000    166.986    19.3826    19.3834   4.890464   4.889611     2.5914     2.2094    0.00089   -0.00309    -0.0813    98.3545 1.0000e-12 9.2561e+02 1.0804e-13      98.75    183.566     4.2168    181.844     4.1772    36.2801    36.2723    25.9089    25.9027    1523.99    1523.98         20 0.0000e+00
       6083 101.417480    169.000    167.979    19.2867    19.2873   4.878106   4.877457     2.5906     2.2057   -0.00131   -0.00582    -0.0813    98.3533 1.0000e-12 9.3292e+02 1.0719e-13      98.75    183.976     4.2262    181.977     4.1803    36.2601    36.2542    25.9186    25.9139    1523.71    1523.71         20 0.0000e+00
       6102 101.417488    170.000    168.976    19.2306    19.2315   4.870856   4.870242     2.5887     2.2060   -0.00270   -0.00586    -0.0813    98.3630 1.0000e-12 9.3456e+02 1.0700e-13      98.75    183.907     4.2247    182.384     4.1897    36.2480    36.2421    25.9239    25.9191    1523.56    1523.56         20 0.0000e+00
       6125 101.417503    171.000    169.978    19.1991    19.1982   4.867122   4.866507     2.5861     2.2032   -0.00249   -0.00428    -0.0813    98.3644 1.0000e-12 9.2640e+02 1.0795e-13      98.75    183.771     4.2216    182.124     4.1837    36.2439    36.2394    25.9289    25.9258    1523.48    1523.47         25 0.0000e+00
       6153 101.417519    172.000    170.962    19.2022    19.2007   4.867668   4.867073     2.5823     2.2027   -0.00223   -0.00183    -0.0813    98.3664 1.0000e-12 9.1488e+02 1.0930e-13      98.75    183.297     4.2107    182.333     4.1885    36.2453    36.2417    25.9292    25.9269    1523.51    1523.50         31 0.0000e+00
       6184 101.417534    173.000    171.954    19.1920    19.1909   4.866616   4.865918     2.5759     2.2003   -0.00184   -0.00279    -0.0813    98.3505 1.0000e-12 9.2211e+02 1.0845e-13      98.75    182.900     4.2016    181.707     4.1742    36.2451    36.2402    25.9318    25.9283    1523.50    1523.49         29 0.0000e+00
       6209 101.417542    174.000    172.945    19.0957    19.0951   4.855022   4.854107     2.5750     2.1979   -0.00074   -0.00315    -0.0813    98.3705 1.0000e-12 9.3369e+02 1.0763e-13      98.75    183.336     4.2117    181.684     4.1737    36.2316    36.2244    25.9463    25.9410    1523.23    1523.22         22 0.0000e+00
       6230 101.417549    175.000    173.938    19.0425    19.0414   4.848376   4.847661     2.5724     2.1940   -0.00082   -0.00463    -0.0813    98.3700 1.0000e-12 6.1182e+02 -9.990e-29      98.75    183.019     4.2044    180.989     4.1578    36.2219    36.2169    25.9526    25.9491    1523.08    1523.07         20 0.0000e+00
       6249 101.417564    176.000    174.938    18.9973    18.9976   4.842391   4.841506     2.5690     2.1894   -0.00252   -0.00423    -0.0813    98.3700 1.0000e-12 5.4728e+02 -9.990e-29      98.75    183.067     4.2055    180.891     4.1555    36.2107    36.2030    25.9557    25.9497    1522.96    1522.95         18 0.0000e+00
       6268 101.417572    177.000    175.936    18.8570    18.8566   4.825253   4.824447     2.5684     2.1870   -0.00249   -0.00128    -0.0813    98.3700 1.0000e-12 9.2226e+02 -9.990e-29      98.75    183.616     4.2182    181.528     4.1702    36.1888    36.1823    25.9749    25.9700    1522.55    1522.54         22 0.0000e+00
       6292 101.417580    178.000    176.927    18.8255    18.8249   4.821125   4.820401     2.5665     2.1853   -0.00453   -0.00304    -0.0813    98.3389 1.0000e-12 9.2737e+02 1.0781e-13      98.75    183.466     4.2148    181.585     4.1716    36.1812    36.1756    25.9772    25.9730    1522.47    1522.46         26 0.0000e+00
       6319 101.417595    179.000    177.917    18.7328    18.7335   4.809132   4.808181     2.5641     2.1820   -0.00442   -0.00258    -0.0813    98.3158 1.0000e-12 9.2899e+02 1.0764e-13      98.75    183.600     4.2179    181.076     4.1599    36.1607    36.1521    25.9851    25.9783    1522.20    1522.19         27 0.0000e+00
       6345 101.417610    180.000    178.911    18.5468    18.5474   4.785743   4.784670     2.5619     2.1760   -0.00221   -0.00156    -0.0813    98.3698 1.0000e-12 9.3068e+02 1.0745e-13      98.75    184.127     4.2301    180.663     4.1505    36.1254    36.1158    26.0053    25.9978    1521.64    1521.63         27 0.0000e+00
       6373 101.417618    181.000    179.903    18.3691    18.3616   4.763659   4.761757     2.5610     2.1693   -0.00260   -0.00222    -0.0813    98.3680 1.0000e-12 9.3552e+02 1.0689e-13      98.75    184.505     4.2388    181.146     4.1617    36.0935    36.0839    26.0256    26.0202    1521.11    1521.08         28 0.0000e+00
       6400 101.417633    182.000    180.892    18.2758    18.2741   4.751822   4.750955     2.5541     2.1667   -0.00506   -0.00197    -0.0941    98.3630 1.0000e-12 9.3938e+02 1.0643e-13      98.75    183.568     4.2174    181.532     4.1706    36.0743    36.0684    26.0344    26.0303    1520.84    1520.82         24 0.0000e+00
       6422 101.417648    183.000    181.890    18.1597    18.1632   4.737267   4.736645     2.5463     2.1646   -0.00630   -0.00118    -0.1117    98.3529 1.0000e-12 9.3862e+02 -9.990e-29      98.75    183.511     4.2161    181.537     4.1707    36.0519    36.0435    26.0462    26.0389    1520.49    1520.49         21 0.0000e+00
       6442 101.417656    184.000    182.887    18.0772    18.0777   4.727100   4.726514     2.5423     2.1619   -0.00404   -0.00192    -0.1058    98.3671 1.0000e-12 9.3798e+02 -9.990e-29      98.75    183.727     4.2211    181.947     4.1802    36.0372    36.0317    26.0555    26.0512    1520.25    1520.25         20 0.0000e+00
       6463 101.417664    185.000    183.879    18.0479    18.0483   4.723382   4.722883     2.5395     2.1619   -0.00210   -0.00735    -0.0811    98.3633 1.0000e-12 9.4279e+02 -9.990e-29      98.75    183.516     4.2163    181.417     4.1680    36.0308    36.0262    26.0579    26.0543    1520.18    1520.17         21 0.0000e+00
       6485 101.417679    186.000    184.872    18.0360    18.0347   4.721866   4.721227     2.5336     2.1543   -0.00282   -0.00779    -0.0813    98.3747 1.0000e-12 9.4633e+02 -9.990e-29      98.75    182.864     4.2013    180.055     4.1367    36.0280    36.0237    26.0587    26.0558    1520.15    1520.15         23 0.0000e+00
       6508 101.417686    187.000    185.868    17.9047    17.9168   4.705299   4.705421     2.5299     2.1512   -0.00190   -0.00447    -0.0914    98.3760 1.0000e-12 4.1527e+02 -9.990e-29      98.75    183.875     4.2246    182.195     4.1859    36.0012    35.9916    26.0707    26.0604    1519.76    1519.78         23 0.0000e+00
       6532 101.417702    188.000    186.859    17.7113    17.7145   4.682019   4.681462     2.5363     2.1569   -0.00344   -0.00433    -0.1117    98.3764 1.0000e-12 9.3932e+02 -9.990e-29      98.75    185.692     4.2664    184.054     4.2287    35.9713    35.9637    26.0954    26.0888    1519.17    1519.17         26 0.0000e+00
       6558 101.417709    189.000    187.849    17.6107    17.6129   4.669552   4.668932     2.5414     2.1604   -0.00637   -0.00587    -0.1119    98.3766 1.0000e-12 9.3824e+02 -9.990e-29      98.75    186.229     4.2788    184.741     4.2446    35.9523    35.9450    26.1055    26.0994    1518.87    1518.87         25 0.0000e+00
       6584 101.417725    190.000    188.846    17.5288    17.5304   4.659494   4.659045     2.5446     2.1640    0.00319    0.00296    -0.1119    98.3742 1.0000e-12 9.3823e+02 -9.990e-29      98.75    186.596     4.2873    184.917     4.2487    35.9375    35.9322    26.1141    26.1097    1518.63    1518.63         26 0.0000e+00
       6608 101.417732    191.000    189.837    17.4685    17.4696   4.651947   4.651331     2.5442     2.1635    0.00387    0.00610    -0.1119    98.3813 1.0000e-12 9.4925e+02 1.0524e-13      98.76    186.494     4.2849    184.478     4.2386    35.9251    35.9188    26.1194    26.1142    1518.46    1518.45         22 0.0000e+00
       6629 101.417747    192.000    190.834    17.3478    17.3513   4.637293   4.636689     2.5433     2.1619    0.00373    0.00352    -0.1119    98.3779 1.0000e-12 9.6060e+02 1.0410e-13      98.76    186.837     4.2929    184.653     4.2427    35.9046    35.8963    26.1329    26.1257    1518.09    1518.09         21 0.0000e+00
       6651 101.417755    193.000    191.828    17.2486    17.2512   4.624975   4.624476     2.5422     2.1605    0.00202    0.00207    -0.1119    98.3748 1.0000e-12 9.6461e+02 1.0367e-13      98.76    187.170     4.3006    184.879     4.2479    35.8852    35.8785    26.1419    26.1362    1517.79    1517.79         23 0.0000e+00
       6676 101.417770    194.000    192.822    17.1660    17.1665   4.614845   4.614195     2.5421     2.1591   -0.00101   -0.00075    -0.1119    98.3897 1.0000e-12 9.5963e+02 1.0421e-13      98.76    187.510     4.3084    185.555     4.2635    35.8699    35.8638    26.1502    26.1453    1517.54    1517.54         28 0.0000e+00
