data/CTD/abra2/abra2002.cnv
* Sea-Bird SBE 9 Data File:
* FileName = C:\SEASOFT\ABRACOS2\data\abra2002.hex
* Software Version Seasave V 7.26.1.8
* Temperature SN = 6083
* Conductivity SN = 4355
* Number of Bytes Per Scan = 48
* Number of Voltage Words = 5
* Number of Scans Averaged by the Deck Unit = 1
* NMEA Latitude = 08 51.05 S
* NMEA Longitude = 034 43.46 W
* NMEA UTC (Time) = Apr 09 2017 20:43:25
** Cruise: ABRACOS2
** Ship: ANTEA
** Station: 2
** Bottom Depth: 1336
** Pressure frequency switch pos 2 before station:
** Pressure frequency switch pos 2 after station:
** Operator: JG
** Comments:
# nquan = 30
# nvalues = 1510                        
# units = specified
# name 0 = scan: Scan Count
# name 1 = timeJ: Julian Days
# name 2 = prDM: Pressure, Digiquartz [db]
# name 3 = depSM: Depth [salt water, m]
# name 4 = t090C: Temperature [ITS-90, deg C]
# name 5 = t190C: Temperature, 2 [ITS-90, deg C]
# name 6 = c0S/m: Conductivity [S/m]
# name 7 = c1S/m: Conductivity, 2 [S/m]
# name 8 = sbeox0V: Oxygen raw, SBE 43 [V]
# name 9 = sbeox1V: Oxygen raw, SBE 43, 2 [V]
# name 10 = sbox1dV/dT: Oxygen, SBE 43, 2 [dov/dt]
# name 11 = sbox0dV/dT: Oxygen, SBE 43 [dov/dt]
# name 12 = flECO-AFL: Fluorescence, WET Labs ECO-AFL/FL [mg/m^3]
# name 13 = CStarTr0: Beam Transmission, WET Labs C-Star [%]
# name 14 = par: PAR/Irradiance, Biospherical/Licor
# name 15 = spar: SPAR/Surface Irradiance
# name 16 = cpar: CPAR/Corrected Irradiance [%]
# name 17 = altM: Altimeter [m]
# name 18 = sbox0Mm/Kg: Oxygen, SBE 43 [umol/kg], WS = 2
# name 19 = sbeox0ML/L: Oxygen, SBE 43 [ml/l], WS = 2
# name 20 = sbox1Mm/Kg: Oxygen, SBE 43, 2 [umol/kg], WS = 2
# name 21 = sbeox1ML/L: Oxygen, SBE 43, 2 [ml/l], WS = 2
# name 22 = sal00: Salinity, Practical [PSU]
# name 23 = sal11: Salinity, Practical, 2 [PSU]
# name 24 = sigma-é00: Density [sigma-theta, kg/m^3]
# name 25 = sigma-é11: Density, 2 [sigma-theta, kg/m^3]
# name 26 = svCM: Sound Velocity [Chen-Millero, m/s]
# name 27 = svCM1: Sound Velocity, 2 [Chen-Millero, m/s]
# name 28 = nbin: number of scans per bin
# name 29 = flag: flag
# span 0 =        339,      48463       
# span 1 =  99.863659,  99.886867       
# span 2 =      1.000,    756.000       
# span 3 =      0.969,    750.386       
# span 4 =     5.1700,    28.6671       
# span 5 =     5.1685,    28.6653       
# span 6 =   3.342582,   6.041805       
# span 7 =   3.342273,   6.041146       
# span 8 =     1.9450,     3.0814       
# span 9 =     1.5157,     3.0001       
# span 10 =   -0.05166,    0.07898      
# span 11 =   -0.01753,    0.02307      
# span 12 =    -0.1438,     0.9835      
# span 13 =    86.8251,    99.5164      
# span 14 = 1.0000e-12, 1.3513e-02      
# span 15 = 0.0000e+00, 0.0000e+00      
# span 16 = 9.9999e+04, 9.9999e+04      
# span 17 =     -18.22,     100.92      
# span 18 =    172.058,    196.587      
# span 19 =     3.9561,     4.5101      
# span 20 =    117.084,    349.434      
# span 21 =     2.6913,     8.0367      
# span 22 =    34.3994,    37.5282      
# span 23 =    34.3976,    37.5288      
# span 24 =    23.7757,    27.1869      
# span 25 =    23.7738,    27.1854      
# span 26 =    1482.89,    1546.03      
# span 27 =    1482.88,    1546.02      
# span 28 =         12,        153      
# span 29 = 0.0000e+00, 0.0000e+00      
# interval = decibars: 1                
# start_time = Apr 09 2017 20:43:26 [System UTC, first data scan.]
# bad_flag = -9.990e-29
*END*
[from data line 1161]
      31019  99.878456    349.000    346.750    11.7349    11.7384   3.994579   3.994938     2.2489     1.8954   -0.00702    0.00188    -0.0960    90.2889 1.0000e-12 0.0000e+00 9.9999e+04      98.78    182.560     4.1968    159.031     3.6560    35.0449    35.0452    26.6829    26.6825    1501.73    1501.75         21 0.0000e+00
      31040  99.878464    348.000    345.750    11.7462    11.7420   3.995739   3.995317     2.2501     1.8952   -0.00927    0.00269    -0.0981    90.3506 1.0000e-12 0.0000e+00 9.9999e+04      98.78    182.691     4.1998    159.913     3.6762    35.0461    35.0459    26.6817    26.6824    1501.76    1501.74         20 0.0000e+00
      31060  99.878471    347.000    344.760    11.7659    11.7706   3.997858   3.998483     2.2515     1.9046    0.00108    0.00193    -0.1060    90.4117 1.0000e-12 0.0000e+00 9.9999e+04      98.78    182.708     4.2002    160.684     3.6939    35.0488    35.0505    26.6801    26.6805    1501.81    1501.83         21 0.0000e+00
      31082  99.878487    346.000    343.766    11.7871    11.7887   4.000143   4.000310     2.2525     1.9001    0.00565    0.00110    -0.0870    90.4837 1.0000e-12 0.0000e+00 9.9999e+04      98.78    182.677     4.1995    155.588     3.5768    35.0516    35.0517    26.6783    26.6780    1501.87    1501.88         23 0.0000e+00
      31106  99.878494    345.000    342.773    11.8005    11.7996   4.001531   4.001409     2.2538     1.8904    0.00316    0.00143    -0.0959    90.5443 1.0000e-12 0.0000e+00 9.9999e+04      60.76    182.838     4.2032    156.141     3.5895    35.0530    35.0527    26.6768    26.6767    1501.90    1501.90         25 0.0000e+00
      31132  99.878510    344.000    341.782    11.8086    11.8074   4.002429   4.002262     2.2564     1.8927    0.00453    0.00135    -0.1176    90.6430 1.0000e-12 0.0000e+00 9.9999e+04      85.79    183.636     4.2216    159.670     3.6706    35.0546    35.0541    26.6765    26.6763    1501.92    1501.91         27 0.0000e+00
      31158  99.878517    343.000    340.800    11.8335    11.8351   4.005280   4.005644     2.2652     1.9026   -0.01071    0.00119    -0.1226    90.7230 1.0000e-12 0.0000e+00 9.9999e+04      99.01    185.265     4.2590    161.110     3.7037    35.0595    35.0615    26.6756    26.6768    1501.99    1502.00         23 0.0000e+00
      31177  99.878532    342.000    339.804    12.0792    12.0864   4.033489   4.036870     2.2721     1.9063   -0.00424    0.00171    -0.1208    90.8022 1.0000e-12 0.0000e+00 9.9999e+04      98.04    184.386     4.2387    160.485     3.6894    35.1041    35.1303    26.6633    26.6823    1502.87    1502.92         17 0.0000e+00
      31194  99.878540    341.000    338.806    12.4529    12.4300   4.073716   4.072096     2.2753     1.9148    0.00363    0.00271    -0.1179    90.8552 1.0000e-12 0.0000e+00 9.9999e+04      98.79    183.063     4.2082    159.729     3.6718    35.1445    35.1503    26.6226    26.6316    1504.17    1504.10         16 0.0000e+00
      31210  99.878548    340.000    337.805    12.5494    12.5275   4.084277   4.082855     2.2792     1.9155    0.00770    0.00630    -0.1119    90.9132 1.0000e-12 0.0000e+00 9.9999e+04      98.78    183.145     4.2100    157.152     3.6125    35.1567    35.1634    26.6131    26.6226    1504.49    1504.42         17 0.0000e+00
      31228  99.878555    339.000    336.816    12.6274    12.6205   4.092863   4.092747     2.2837     1.9105    0.00784    0.00929    -0.1119    90.9864 1.0000e-12 0.0000e+00 9.9999e+04      98.78    183.146     4.2100    155.891     3.5835    35.1669    35.1722    26.6057    26.6112    1504.75    1504.73         20 0.0000e+00
      31248  99.878563    338.000    335.832    12.6573    12.6628   4.096165   4.097042     2.2872     1.9105    0.00740    0.00649    -0.1119    91.0405 1.0000e-12 0.0000e+00 9.9999e+04      98.78    183.215     4.2116    157.197     3.6135    35.1712    35.1745    26.6031    26.6046    1504.84    1504.86         19 0.0000e+00
      31265  99.878571    337.000    334.837    12.6713    12.6601   4.097653   4.096695     2.2901     1.9130    0.00579    0.00540    -0.1119    91.1002 1.0000e-12 0.0000e+00 9.9999e+04      98.78    183.507     4.2183    158.159     3.6356    35.1728    35.1740    26.6016    26.6047    1504.87    1504.83         16 0.0000e+00
      31281  99.878578    336.000    333.842    12.6967    12.6814   4.100360   4.098932     2.2938     1.9163   -0.00169    0.00584    -0.1119    91.1623 1.0000e-12 0.0000e+00 9.9999e+04      98.78    183.787     4.2247    158.092     3.6341    35.1755    35.1761    26.5987    26.6021    1504.94    1504.89         16 0.0000e+00
      31298  99.878586    335.000    332.839    12.7015    12.6964   4.100788   4.100394     2.2964     1.9170   -0.00369    0.00522    -0.1004    91.2263 1.0000e-12 0.0000e+00 9.9999e+04      98.78    183.758     4.2240    157.816     3.6277    35.1756    35.1766    26.5977    26.5995    1504.94    1504.93         17 0.0000e+00
      31317  99.878601    334.000    331.847    12.7008    12.7017   4.100647   4.100812     2.2980     1.9191    0.00114    0.00423    -0.1021    91.2893 1.0000e-12 0.0000e+00 9.9999e+04      98.78    183.653     4.2216    158.134     3.6350    35.1754    35.1761    26.5977    26.5981    1504.92    1504.93         22 0.0000e+00
      31345  99.878609    333.000    330.859    12.6722    12.7152   4.097432   4.102238     2.2997     1.9232    0.00330    0.00458    -0.1006    91.3704 1.0000e-12 0.0000e+00 9.9999e+04      98.78    183.863     4.2265    159.786     3.6730    35.1715    35.1776    26.6003    26.5966    1504.81    1504.96         35 0.0000e+00
      31381  99.878632    332.000    329.875    12.7317    12.7291   4.103842   4.103601     2.3020     1.9349    0.00226    0.00222    -0.0941    91.5055 1.0000e-12 0.0000e+00 9.9999e+04      98.78    183.855     4.2262    160.566     3.6909    35.1781    35.1782    26.5936    26.5942    1505.00    1504.99         33 0.0000e+00
      31407  99.878639    331.000    328.888    12.7284    12.7346   4.103326   4.104004     2.3028     1.9371    0.00391    0.00136    -0.1121    91.5855 1.0000e-12 0.0000e+00 9.9999e+04      98.78    183.861     4.2264    161.873     3.7209    35.1766    35.1773    26.5931    26.5924    1504.97    1504.99         21 0.0000e+00
      31425  99.878647    330.000    327.894    12.7391    12.7341   4.104447   4.103867     2.3042     1.9509    0.00836    0.00136    -0.1119    91.6462 1.0000e-12 0.0000e+00 9.9999e+04      98.78    184.225     4.2347    162.009     3.7241    35.1778    35.1768    26.5919    26.5921    1504.99    1504.97         15 0.0000e+00
      31440  99.878654    329.000    326.887    12.7590    12.7536   4.106612   4.106239     2.3064     1.9461    0.00876    0.00171    -0.1119    91.6882 1.0000e-12 0.0000e+00 9.9999e+04      98.78    184.495     4.2410    157.245     3.6146    35.1804    35.1819    26.5899    26.5921    1505.04    1505.02         15 0.0000e+00
      31455  99.878662    328.000    325.895    12.7774    12.7709   4.108501   4.107902     2.3087     1.9346    0.00346    0.00142    -0.1119    91.7258 1.0000e-12 0.0000e+00 9.9999e+04      98.75    184.545     4.2421    155.769     3.5806    35.1818    35.1821    26.5873    26.5889    1505.09    1505.07         16 0.0000e+00
      31472  99.878670    327.000    324.903    12.7903    12.7867   4.109882   4.109653     2.3103     1.9318    0.00545    0.00074    -0.1119    91.7698 1.0000e-12 0.0000e+00 9.9999e+04      29.73    184.429     4.2394    157.147     3.6123    35.1835    35.1846    26.5861    26.5876    1505.12    1505.11         17 0.0000e+00
      31490  99.878677    326.000    323.915    12.8002    12.8001   4.110907   4.110879     2.3112     1.9285    0.00920    0.00195    -0.1119    91.8265 1.0000e-12 0.0000e+00 9.9999e+04      86.76    184.372     4.2381    157.237     3.6143    35.1845    35.1843    26.5849    26.5847    1505.13    1505.13         18 0.0000e+00
      31507  99.878693    325.000    322.918    12.8000    12.7999   4.110816   4.110816     2.3122     1.9290   -0.00608    0.00337    -0.1189    91.8733 1.0000e-12 0.0000e+00 9.9999e+04      98.57    184.521     4.2415    158.004     3.6320    35.1843    35.1843    26.5847    26.5847    1505.12    1505.12         18 0.0000e+00
      31525  99.878700    324.000    321.926    12.8057    12.8043   4.111364   4.111233     2.3136     1.9280   -0.01108    0.00309    -0.1187    91.9335 1.0000e-12 0.0000e+00 9.9999e+04      93.81    184.626     4.2439    158.381     3.6407    35.1846    35.1847    26.5838    26.5841    1505.12    1505.11         18 0.0000e+00
      31545  99.878708    323.000    320.932    12.8083    12.8076   4.111577   4.111499     2.3148     1.9315   -0.00425    0.00169    -0.1177    91.9905 1.0000e-12 0.0000e+00 9.9999e+04      95.60    184.633     4.2441    159.157     3.6585    35.1847    35.1845    26.5833    26.5833    1505.11    1505.11         21 0.0000e+00
      31567  99.878716    322.000    319.940    12.8103    12.8098   4.111759   4.111671     2.3157     1.9323   -0.00202    0.00139    -0.1185    92.0593 1.0000e-12 0.0000e+00 9.9999e+04      98.74    184.676     4.2451    157.836     3.6281    35.1850    35.1846    26.5831    26.5829    1505.10    1505.10         23 0.0000e+00
      31591  99.878731    321.000    318.951    12.8157    12.8150   4.112310   4.112229     2.3168     1.9291    0.00113    0.00172    -0.1080    92.1375 1.0000e-12 0.0000e+00 9.9999e+04      98.78    184.811     4.2482    158.321     3.6393    35.1856    35.1855    26.5825    26.5826    1505.10    1505.10         24 0.0000e+00
      31614  99.878738    320.000    317.959    12.8222    12.8219   4.112994   4.112925     2.3185     1.9357    0.00295    0.00126    -0.0993    92.2108 1.0000e-12 0.0000e+00 9.9999e+04      98.78    184.939     4.2511    160.421     3.6875    35.1866    35.1862    26.5819    26.5817    1505.11    1505.11         22 0.0000e+00
      31634  99.878754    319.000    316.969    12.8289    12.8295   4.113722   4.113786     2.3194     1.9385   -0.00056    0.00102    -0.1197    92.2851 1.0000e-12 0.0000e+00 9.9999e+04      98.78    184.884     4.2499    162.698     3.7399    35.1877    35.1877    26.5814    26.5813    1505.12    1505.12         19 0.0000e+00
      31652  99.878761    318.000    315.967    12.8470    12.8457   4.115701   4.115621     2.3199     1.9568   -0.00226    0.00126    -0.1155    92.3503 1.0000e-12 0.0000e+00 9.9999e+04      98.78    184.795     4.2478    163.135     3.7499    35.1903    35.1907    26.5798    26.5804    1505.17    1505.16         17 0.0000e+00
      31673  99.878769    317.000    314.950    12.8571    12.8558   4.116765   4.116639     2.3206     1.9472    0.00430    0.00157    -0.1177    92.4274 1.0000e-12 0.0000e+00 9.9999e+04      98.78    184.874     4.2496    156.827     3.6049    35.1914    35.1915    26.5787    26.5790    1505.18    1505.18         26 0.0000e+00
      31801  99.878830    316.000    313.984    12.8729    12.8724   4.118559   4.118486     2.3241     1.9467    0.00518    0.00062    -0.0938    92.9064 1.0000e-12 0.0000e+00 9.9999e+04      98.78    185.054     4.2538    159.148     3.6583    35.1943    35.1941    26.5777    26.5776    1505.22    1505.22         31 0.0000e+00
      32955  99.879387    315.000    312.976    12.8919    12.8904   4.120762   4.120640     2.3247     1.8450   -0.00116    0.00062    -0.1117    95.0876 1.0000e-12 0.0000e+00 9.9999e+04      74.81    185.069     4.2541    146.750     3.3733    35.1981    35.1983    26.5768    26.5773    1505.28    1505.27         32 0.0000e+00
      34642  99.880203    314.000    311.988    12.9268    12.9253   4.124793   4.124774     2.3265     1.7045    0.00068    0.00068    -0.1021    98.1667 1.0000e-12 0.0000e+00 9.9999e+04      97.88    185.274     4.2588    132.577     3.0475    35.2047    35.2058    26.5749    26.5761    1505.38    1505.38         24 0.0000e+00
      34742  99.880249    313.000    311.009    12.9598    12.9739   4.128467   4.130366     2.3283     1.7007    0.00230    0.00153    -0.1149    98.2990 1.0000e-12 0.0000e+00 9.9999e+04      98.78    185.369     4.2610    131.868     3.0312    35.2094    35.2145    26.5720    26.5731    1505.48    1505.53         32 0.0000e+00
      34769  99.880264    312.000    310.023    13.0421    13.0442   4.137915   4.138271     2.3321     1.7004    0.00043    0.00207    -0.1148    98.3069 1.0000e-12 0.0000e+00 9.9999e+04      98.78    185.641     4.2672    131.662     3.0264    35.2236    35.2250    26.5664    26.5671    1505.76    1505.76         21 0.0000e+00
      34787  99.880272    311.000    309.030    13.1407    13.1397   4.149032   4.149418     2.3344     1.7013    0.00131    0.00186    -0.1191    98.3081 1.0000e-12 0.0000e+00 9.9999e+04      98.78    185.327     4.2599    131.484     3.0223    35.2382    35.2428    26.5578    26.5616    1506.08    1506.09         17 0.0000e+00
      34803  99.880280    310.000    308.022    13.1934    13.1931   4.154589   4.154605     2.3361     1.7012    0.00148    0.00154    -0.1119    98.3145 1.0000e-12 0.0000e+00 9.9999e+04      98.78    185.190     4.2568    131.285     3.0177    35.2426    35.2430    26.5506    26.5509    1506.25    1506.25         16 0.0000e+00
      34820  99.880287    309.000    307.027    13.2069    13.2059   4.156127   4.156083     2.3375     1.7023   -0.00013    0.00268    -0.1119    98.3146 1.0000e-12 0.0000e+00 9.9999e+04      98.78    185.159     4.2560    131.223     3.0163    35.2451    35.2456    26.5497    26.5503    1506.28    1506.28         18 0.0000e+00
      34840  99.880295    308.000    306.035    13.2210    13.2203   4.157674   4.157649     2.3385     1.7014    0.00063    0.00351    -0.1119    98.3146 1.0000e-12 0.0000e+00 9.9999e+04      98.78    185.142     4.2556    131.067     3.0127    35.2471    35.2475    26.5484    26.5489    1506.31    1506.31         22 0.0000e+00
      34865  99.880310    307.000    305.055    13.2279    13.2282   4.158384   4.158369     2.3399     1.7022    0.00057    0.00251    -0.1119    98.3146 1.0000e-12 0.0000e+00 9.9999e+04      98.78    185.172     4.2563    131.126     3.0140    35.2479    35.2475    26.5476    26.5472    1506.32    1506.32         27 0.0000e+00
      34889  99.880318    306.000    304.052    13.2352    13.2332   4.159152   4.158928     2.3407     1.7017    0.00018    0.00174    -0.1119    98.3146 1.0000e-12 0.0000e+00 9.9999e+04      98.78    185.241     4.2579    130.980     3.0107    35.2488    35.2485    26.5468    26.5470    1506.33    1506.32         21 0.0000e+00
      34910  99.880333    305.000    303.067    13.2405    13.2402   4.159705   4.159671     2.3422     1.7016   -0.00002    0.00138    -0.1181    98.3146 1.0000e-12 0.0000e+00 9.9999e+04      98.78    185.369     4.2609    130.575     3.0014    35.2496    35.2495    26.5463    26.5463    1506.33    1506.33         20 0.0000e+00
      34930  99.880341    304.000    302.062    13.2662    13.2648   4.162482   4.162356     2.3430     1.7001    0.00023    0.00115    -0.1070    98.3146 1.0000e-12 0.0000e+00 9.9999e+04      98.78    185.275     4.2587    130.655     3.0032    35.2526    35.2526    26.5434    26.5437    1506.40    1506.40         23 0.0000e+00
      34957  99.880356    303.000    301.075    13.2759    13.2743   4.163490   4.163286     2.3442     1.7008   -0.00017    0.00112    -0.1088    98.3146 1.0000e-12 0.0000e+00 9.9999e+04      98.78    185.281     4.2588    130.923     3.0094    35.2535    35.2531    26.5421    26.5421    1506.42    1506.41         30 0.0000e+00
