data/CTD/abra2/abra2010.cnv
* Sea-Bird SBE 9 Data File:
* FileName = C:\SEASOFT\ABRACOS2\data\abra2010.hex
* Software Version Seasave V 7.26.6.26
* Temperature SN = 6083
* Conductivity SN = 4355
* Number of Bytes Per Scan = 48
* Number of Voltage Words = 5
* Number of Scans Averaged by the Deck Unit = 1
* NMEA Latitude = 08 42.28 S
* NMEA Longitude = 034 46.75 W
* NMEA UTC (Time) = Apr 13 2017 01:15:11
** Cruise: ABRACOS2
** Ship: ANTEA
** Station: 10
** Bottom Depth: 42
** Pressure frequency switch pos 2 before station:
** Pressure frequency switch pos 2 after station:
** Operator: JG/GA
** Comments:
# nquan = 30
# nvalues = 98                          
# units = specified
# name 0 = scan: Scan Count
# name 1 = timeJ: Julian Days
# name 2 = prDM: Pressure, Digiquartz [db]
# name 3 = depSM: Depth [salt water, m]
# name 4 = t090C: Temperature [ITS-90, deg C]
# name 5 = t190C: Temperature, 2 [ITS-90, deg C]
# name 6 = c0S/m: Conductivity [S/m]
# name 7 = c1S/m: Conductivity, 2 [S/m]
# name 8 = sbeox0V: Oxygen raw, SBE 43 [V]
# name 9 = sbeox1V: Oxygen raw, SBE 43, 2 [V]
# name 10 = sbox1dV/dT: Oxygen, SBE 43, 2 [dov/dt]
# name 11 = sbox0dV/dT: Oxygen, SBE 43 [dov/dt]
# name 12 = flECO-AFL: Fluorescence, WET Labs ECO-AFL/FL [mg/m^3]
# name 13 = CStarTr0: Beam Transmission, WET Labs C-Star [%]
# name 14 = par: PAR/Irradiance, Biospherical/Licor
# name 15 = spar: SPAR/Surface Irradiance
# name 16 = cpar: CPAR/Corrected Irradiance [%]
# name 17 = altM: Altimeter [m]
# name 18 = sbox0Mm/Kg: Oxygen, SBE 43 [umol/kg], WS = 2
# name 19 = sbeox0ML/L: Oxygen, SBE 43 [ml/l], WS = 2
# name 20 = sbox1Mm/Kg: Oxygen, SBE 43, 2 [umol/kg], WS = 2
# name 21 = sbeox1ML/L: Oxygen, SBE 43, 2 [ml/l], WS = 2
# name 22 = sal00: Salinity, Practical [PSU]
# name 23 = sal11: Salinity, Practical, 2 [PSU]
# name 24 = sigma-é00: Density [sigma-theta, kg/m^3]
# name 25 = sigma-é11: Density, 2 [sigma-theta, kg/m^3]
# name 26 = svCM: Sound Velocity [Chen-Millero, m/s]
# name 27 = svCM1: Sound Velocity, 2 [Chen-Millero, m/s]
# name 28 = nbin: number of scans per bin
# name 29 = flag: flag
# span 0 =       1098,      26966       
# span 1 = 103.052751, 103.065226       
# span 2 =      1.000,     50.000       
# span 3 =      0.959,     49.727       
# span 4 =    28.0625,    28.7983       
# span 5 =    28.0610,    28.7963       
# span 6 =   5.976066,   6.045413       
# span 7 =   5.975477,   6.044389       
# span 8 =     2.8988,     3.0184       
# span 9 =     2.5061,     2.5924       
# span 10 =   -0.01258,    0.00910      
# span 11 =   -0.01181,    0.01090      
# span 12 =    -0.0851,     0.1342      
# span 13 =    95.1887,    97.2390      
# span 14 = 1.0000e-12, 2.3054e-03      
# span 15 = 0.0000e+00, 0.0000e+00      
# span 16 = 9.9999e+04, 9.9999e+04      
# span 17 =       0.43,      42.82      
# span 18 =    181.581,    189.904      
# span 19 =     4.1643,     4.3550      
# span 20 =    182.125,    189.157      
# span 21 =     4.1767,     4.3378      
# span 22 =    37.2921,    37.4631      
# span 23 =    37.2888,    37.4602      
# span 24 =    23.8617,    24.2039      
# span 25 =    23.8599,    24.2022      
# span 26 =    1544.79,    1545.78      
# span 27 =    1544.78,    1545.77      
# span 28 =         21,        184      
# span 29 = 0.0000e+00, 0.0000e+00      
# interval = decibars: 1                
# start_time = Apr 13 2017 01:15:12 [System UTC, first data scan.]
# bad_flag = -9.990e-29
*END*
[from data line 49]
       4773 103.054527     49.000     48.718    28.0650    28.0633   5.976307   5.975667     2.9365     2.5257    0.00210   -0.00291     0.1083    96.4748 1.0000e-12 0.0000e+00 9.9999e+04       1.58    184.712     4.2361    183.242     4.2023    37.4263    37.4232    24.2030    24.2012    1544.86    1544.85         60 0.0000e+00
       6281 103.055252     48.000     47.723    28.0726    28.0710   5.977161   5.976544     2.9686     2.5524   -0.00178   -0.00380     0.1342    96.4379 1.0000e-12 0.0000e+00 9.9999e+04       2.14    187.164     4.2923    185.923     4.2638    37.4267    37.4236    24.2007    24.1989    1544.86    1544.85         80 0.0000e+00
       6653 103.055428     47.000     46.732    28.0806    28.0793   5.978046   5.977479     2.9834     2.5676    0.00769    0.00881     0.1222    96.4623 1.0000e-12 0.0000e+00 9.9999e+04       2.98    187.788     4.3066    186.804     4.2840    37.4269    37.4239    24.1981    24.1963    1544.86    1544.85         66 0.0000e+00
       6757 103.055481     46.000     45.738    28.0872    28.0861   5.978779   5.978237     2.9893     2.5692    0.00068    0.00189     0.1190    96.4846 1.0000e-12 0.0000e+00 9.9999e+04       4.16    188.193     4.3159    186.592     4.2791    37.4271    37.4242    24.1960    24.1942    1544.86    1544.85        111 0.0000e+00
       8261 103.056206     45.000     44.742    28.0966    28.0951   5.979850   5.979245     2.9937     2.5719    0.00167   -0.00009     0.1081    96.4917 1.0000e-12 0.0000e+00 9.9999e+04       5.15    188.386     4.3203    186.749     4.2827    37.4276    37.4245    24.1932    24.1914    1544.86    1544.86        184 0.0000e+00
       9285 103.056702     44.000     43.750    28.0997    28.0979   5.980153   5.979514     2.9974     2.5749   -0.00530    0.00231     0.1018    96.4660 1.0000e-12 0.0000e+00 9.9999e+04       5.90    188.607     4.3253    187.152     4.2920    37.4276    37.4245    24.1921    24.1904    1544.85    1544.84         51 0.0000e+00
       9337 103.056725     43.000     42.752    28.1009    28.0991   5.980258   5.979617     2.9951     2.5749    0.00124    0.00044     0.1018    96.4332 1.0000e-12 0.0000e+00 9.9999e+04       6.99    188.313     4.3186    187.192     4.2929    37.4276    37.4245    24.1917    24.1899    1544.84    1544.83         76 0.0000e+00
       9422 103.056763     42.000     41.761    28.1014    28.0996   5.980271   5.979628     2.9931     2.5713    0.00070   -0.00190     0.1032    96.4667 1.0000e-12 0.0000e+00 9.9999e+04       8.10    188.255     4.3173    186.411     4.2750    37.4277    37.4245    24.1914    24.1896    1544.82    1544.82         73 0.0000e+00
       9520 103.056816     41.000     40.764    28.1021    28.1006   5.980319   5.979698     2.9961     2.5734   -0.00078    0.00058     0.1075    96.4784 1.0000e-12 0.0000e+00 9.9999e+04       8.88    188.508     4.3231    187.084     4.2904    37.4277    37.4246    24.1912    24.1893    1544.81    1544.80        103 0.0000e+00
      11247 103.057648     40.000     39.765    28.1001    28.0986   5.980084   5.979484     3.0118     2.5856    0.00148   -0.00021     0.1201    96.4998 1.0000e-12 0.0000e+00 9.9999e+04       9.85    189.712     4.3507    188.174     4.3154    37.4280    37.4249    24.1920    24.1901    1544.79    1544.78        138 0.0000e+00
      12244 103.058128     39.000     38.778    28.1084    28.1056   5.980997   5.980289     3.0142     2.5909    0.00433   -0.00255     0.1329    96.5228 1.0000e-12 0.0000e+00 9.9999e+04      10.45    189.815     4.3530    188.024     4.3120    37.4282    37.4254    24.1893    24.1881    1544.79    1544.78         54 0.0000e+00
      12283 103.058144     38.000     37.783    28.1299    28.1260   5.983520   5.982651     3.0139     2.5872   -0.00147   -0.00077     0.0937    96.5531 1.0000e-12 0.0000e+00 9.9999e+04      11.53    189.687     4.3501    188.041     4.3123    37.4293    37.4262    24.1829    24.1819    1544.82    1544.81        134 0.0000e+00
      12382 103.058189     37.000     36.794    28.1406    28.1391   5.984732   5.984133     3.0167     2.5867    0.00149    0.00456     0.1025    96.5494 1.0000e-12 0.0000e+00 9.9999e+04      12.07    189.718     4.3508    187.364     4.2968    37.4297    37.4266    24.1796    24.1778    1544.83    1544.82         38 0.0000e+00
      12433 103.058220     36.000     35.791    28.1473    28.1460   5.985465   5.984893     3.0158     2.5843    0.00118    0.00046     0.0973    96.5563 1.0000e-12 0.0000e+00 9.9999e+04      13.13    189.713     4.3507    187.763     4.3059    37.4298    37.4268    24.1774    24.1756    1544.82    1544.82         62 0.0000e+00
      12640 103.058319     35.000     34.798    28.1693    28.1644   5.988101   5.987056     3.0140     2.5856   -0.00020   -0.00116     0.0771    96.6074 1.0000e-12 0.0000e+00 9.9999e+04      14.35    189.503     4.3458    187.938     4.3099    37.4313    37.4278    24.1712    24.1701    1544.86    1544.84         81 0.0000e+00
      14895 103.059402     34.000     33.803    28.1789    28.1805   5.989118   5.988948     3.0125     2.5862   -0.00100   -0.00210     0.0832    96.6620 1.0000e-12 0.0000e+00 9.9999e+04      15.24    189.369     4.3427    187.840     4.3076    37.4312    37.4287    24.1679    24.1654    1544.86    1544.86        104 0.0000e+00
      15192 103.059547     33.000     32.810    28.2069    28.2052   5.992499   5.991992     3.0152     2.5907   -0.00151    0.00088     0.0794    96.6917 1.0000e-12 0.0000e+00 9.9999e+04      15.84    189.375     4.3428    188.131     4.3143    37.4332    37.4309    24.1600    24.1588    1544.91    1544.90         53 0.0000e+00
      15276 103.059586     32.000     31.817    28.4001    28.4091   6.016039   6.016989     2.9965     2.5747   -0.00125   -0.00237     0.0336    96.7744 1.0000e-12 0.0000e+00 9.9999e+04      17.17    187.117     4.2908    185.227     4.2475    37.4461    37.4457    24.1055    24.1022    1545.32    1545.34         96 0.0000e+00
      15390 103.059647     31.000     30.824    28.4929    28.4905   6.027017   6.026322     2.9907     2.5716   -0.00225   -0.00257    -0.0286    96.9898 1.0000e-12 0.0000e+00 9.9999e+04      18.14    186.833     4.2842    185.579     4.2554    37.4503    37.4472    24.0777    24.0762    1545.51    1545.50        106 0.0000e+00
      15570 103.059731     30.000     29.830    28.5141    28.5142   6.029794   6.029425     2.9924     2.5671    0.00072    0.00004    -0.0360    96.9811 1.0000e-12 0.0000e+00 9.9999e+04      18.95    186.795     4.2833    184.529     4.2313    37.4533    37.4506    24.0728    24.0707    1545.54    1545.54        137 0.0000e+00
      17280 103.060555     29.000     28.833    28.5354    28.5344   6.032765   6.032288     2.9928     2.5734    0.00113   -0.00068    -0.0429    97.0630 1.0000e-12 0.0000e+00 9.9999e+04      19.78    186.750     4.2822    185.307     4.2492    37.4576    37.4550    24.0689    24.0672    1545.58    1545.57        122 0.0000e+00
      17616 103.060715     28.000     27.839    28.5490    28.5475   6.034656   6.034119     2.9926     2.5714   -0.00003    0.00012    -0.0434    97.0514 1.0000e-12 0.0000e+00 9.9999e+04      20.77    186.680     4.2806    184.964     4.2413    37.4605    37.4579    24.0664    24.0650    1545.59    1545.59         96 0.0000e+00
      17790 103.060799     27.000     26.848    28.5606    28.5596   6.036299   6.035775     2.9962     2.5738    0.00224    0.00172    -0.0511    97.0550 1.0000e-12 0.0000e+00 9.9999e+04      21.05    186.798     4.2833    185.601     4.2559    37.4631    37.4602    24.0644    24.0626    1545.60    1545.60         59 0.0000e+00
      17854 103.060829     26.000     25.852    28.5721    28.5703   6.036826   6.036048     2.9941     2.5750    0.00072   -0.00043    -0.0508    97.0516 1.0000e-12 0.0000e+00 9.9999e+04      22.34    186.647     4.2798    185.254     4.2479    37.4580    37.4540    24.0567    24.0542    1545.60    1545.60         82 0.0000e+00
      18450 103.061119     25.000     24.856    28.5715    28.5697   6.035228   6.034585     2.9985     2.5760    0.00012   -0.00006    -0.0508    97.0623 1.0000e-12 0.0000e+00 9.9999e+04      23.45    187.063     4.2893    185.320     4.2494    37.4476    37.4445    24.0490    24.0472    1545.58    1545.57        146 0.0000e+00
      20052 103.061890     24.000     23.862    28.5717    28.5704   6.035349   6.034652     2.9979     2.5771    0.00175   -0.00049    -0.0508    97.0598 1.0000e-12 0.0000e+00 9.9999e+04      23.38    186.922     4.2861    185.142     4.2453    37.4486    37.4447    24.0496    24.0471    1545.56    1545.55         54 0.0000e+00
      20147 103.061935     23.000     22.867    28.5820    28.5804   6.035427   6.034769     3.0012     2.5775    0.00119   -0.00016    -0.0383    97.0723 1.0000e-12 0.0000e+00 9.9999e+04      24.51    187.206     4.2926    185.601     4.2558    37.4413    37.4380    24.0406    24.0386    1545.56    1545.55        103 0.0000e+00
      20242 103.061981     22.000     21.875    28.6024    28.6017   6.037693   6.037266     3.0019     2.5798    0.00210    0.00130    -0.0579    97.0705 1.0000e-12 0.0000e+00 9.9999e+04      25.36    187.022     4.2883    185.145     4.2453    37.4414    37.4389    24.0337    24.0321    1545.59    1545.58         47 0.0000e+00
      20301 103.062012     21.000     20.879    28.6568    28.6581   6.042929   6.042550     2.9999     2.5759   -0.00147   -0.00061    -0.0512    97.0958 1.0000e-12 0.0000e+00 9.9999e+04      26.66    186.800     4.2832    184.594     4.2326    37.4354    37.4318    24.0110    24.0078    1545.68    1545.68         65 0.0000e+00
      21494 103.062584     20.000     19.884    28.7037    28.7017   6.038905   6.038332     2.9922     2.5731    0.00023   -0.00123    -0.0713    97.1110 1.0000e-12 0.0000e+00 9.9999e+04      27.30    186.021     4.2650    184.742     4.2357    37.3706    37.3682    23.9465    23.9453    1545.69    1545.69        123 0.0000e+00
      22552 103.063095     19.000     18.891    28.7368    28.7344   6.033213   6.032535     2.9869     2.5658    0.00093   -0.00084    -0.0525    97.1248 1.0000e-12 0.0000e+00 9.9999e+04      27.76    185.615     4.2554    183.687     4.2113    37.3051    37.3022    23.8860    23.8846    1545.68    1545.67         43 0.0000e+00
      22673 103.063156     18.000     17.898    28.7659    28.7622   6.034840   6.033942     2.9816     2.5647   -0.00058   -0.00143    -0.0848    97.0207 1.0000e-12 0.0000e+00 9.9999e+04      29.37    185.247     4.2469    183.844     4.2148    37.2939    37.2905    23.8678    23.8665    1545.71    1545.70         94 0.0000e+00
      22739 103.063187     17.000     16.904    28.7830    28.7785   6.037010   6.036030     2.9818     2.5607   -0.00037    0.00047    -0.0622    97.1351 1.0000e-12 0.0000e+00 9.9999e+04      30.22    185.148     4.2447    182.805     4.1909    37.2959    37.2926    23.8634    23.8625    1545.74    1545.72         59 0.0000e+00
      22806 103.063217     16.000     15.909    28.7871    28.7838   6.037431   6.036586     2.9840     2.5558   -0.00349   -0.00053    -0.0547    97.1621 1.0000e-12 0.0000e+00 9.9999e+04      31.28    185.380     4.2500    183.093     4.1975    37.2959    37.2927    23.8620    23.8607    1545.73    1545.72         70 0.0000e+00
      23250 103.063431     15.000     14.912    28.7853    28.7841   6.037094   6.036516     2.9849     2.5626   -0.00092    0.00076    -0.0716    97.1131 1.0000e-12 0.0000e+00 9.9999e+04      31.87    185.352     4.2493    183.478     4.2064    37.2954    37.2922    23.8621    23.8601    1545.71    1545.70        159 0.0000e+00
      25745 103.064636     14.000     13.922    28.7782    28.7766   6.035782   6.035140     2.9798     2.5666    0.00296   -0.00142    -0.0823    97.0961 1.0000e-12 0.0000e+00 9.9999e+04      33.33    184.994     4.2411    183.741     4.2124    37.2921    37.2888    23.8619    23.8600    1545.67    1545.66         94 0.0000e+00
      25599 103.064568     13.000     12.924    28.7817    28.7805   6.036330   6.035775     2.9753     2.5601   -0.00093    0.00043    -0.0798    97.1776 1.0000e-12 0.0000e+00 9.9999e+04      34.06    184.577     4.2316    183.199     4.2000    37.2934    37.2905    23.8617    23.8599    1545.66    1545.66         68 0.0000e+00
      25679 103.064606     12.000     11.931    28.7783    28.7766   6.036016   6.035356     2.9814     2.5674    0.00158    0.00005    -0.0723    97.1171 1.0000e-12 0.0000e+00 9.9999e+04      34.93    185.125     4.2441    183.845     4.2148    37.2942    37.2910    23.8634    23.8615    1545.64    1545.63        125 0.0000e+00
      25778 103.064651     11.000     10.940    28.7777    28.7762   6.035982   6.035332     2.9825     2.5614   -0.00037    0.00088    -0.0421    97.1023 1.0000e-12 0.0000e+00 9.9999e+04      35.67    185.107     4.2437    183.375     4.2040    37.2948    37.2914    23.8639    23.8619    1545.62    1545.61         45 0.0000e+00
      25849 103.064690     10.000      9.943    28.7757    28.7734   6.035724   6.035000     2.9848     2.5630   -0.00156    0.00068    -0.0635    97.1203 1.0000e-12 0.0000e+00 9.9999e+04      37.19    185.290     4.2479    183.464     4.2060    37.2948    37.2916    23.8645    23.8628    1545.60    1545.59        102 0.0000e+00
      25957 103.064743      9.000      8.949    28.7809    28.7792   6.036276   6.035619     2.9860     2.5641    0.00051   -0.00058    -0.0750    97.0931 1.0000e-12 0.0000e+00 9.9999e+04      23.39    185.356     4.2494    183.259     4.2013    37.2949    37.2917    23.8627    23.8609    1545.59    1545.59         97 0.0000e+00
      26063 103.064789      8.000      7.955    28.7739    28.7706   6.035420   6.034601     2.9831     2.5613   -0.00088    0.00016    -0.0760    97.1093 1.0000e-12 0.0000e+00 9.9999e+04      22.50    185.056     4.2426    183.334     4.2031    37.2948    37.2917    23.8649    23.8637    1545.56    1545.55        132 0.0000e+00
      26180 103.064850      7.000      6.962    28.7768    28.7724   6.035712   6.034798     2.9834     2.5657    0.00284   -0.00115    -0.0502    97.1011 1.0000e-12 0.0000e+00 9.9999e+04      40.20    185.227     4.2465    183.361     4.2037    37.2948    37.2919    23.8639    23.8631    1545.55    1545.54         93 0.0000e+00
      26256 103.064880      6.000      5.966    28.7788    28.7769   6.035974   6.035317     2.9858     2.5634   -0.00170    0.00193    -0.0689    97.1323 1.0000e-12 0.0000e+00 9.9999e+04      14.45    185.142     4.2445    183.395     4.2045    37.2954    37.2923    23.8636    23.8619    1545.54    1545.53         87 0.0000e+00
      26345 103.064926      5.000      4.971    28.7802    28.7793   6.036111   6.035570     2.9838     2.5642    0.00079   -0.00196    -0.0807    97.1106 1.0000e-12 0.0000e+00 9.9999e+04       1.57    185.140     4.2445    183.434     4.2054    37.2956    37.2925    23.8631    23.8611    1545.53    1545.52         82 0.0000e+00
      26424 103.064964      4.000      3.977    28.7819    28.7801   6.036273   6.035618     2.9830     2.5647    0.00020    0.00111    -0.0813    97.1100 1.0000e-12 0.0000e+00 9.9999e+04       0.96    184.955     4.2402    183.148     4.1988    37.2957    37.2925    23.8626    23.8608    1545.51    1545.51         68 0.0000e+00
      26502 103.065002      3.000      2.985    28.7813    28.7804   6.036159   6.035638     2.9862     2.5648   -0.00241   -0.00097    -0.0622    96.8294 1.0000e-12 0.0000e+00 9.9999e+04       1.17    185.276     4.2476    183.715     4.2118    37.2956    37.2927    23.8627    23.8608    1545.50    1545.49         69 0.0000e+00
