data/CTD/abra2/abra2010.cnv
* Sea-Bird SBE 9 Data File:
* FileName = C:\SEASOFT\ABRACOS2\data\abra2010.hex
* Software Version Seasave V 7.26.6.26
* Temperature SN = 6083
* Conductivity SN = 4355
* Number of Bytes Per Scan = 48
* Number of Voltage Words = 5
* Number of Scans Averaged by the Deck Unit = 1
* NMEA Latitude = 08 42.28 S
* NMEA Longitude = 034 46.75 W
* NMEA UTC (Time) = Apr 13 2017 01:15:11
** Cruise: ABRACOS2
** Ship: ANTEA
** Station: 10
** Bottom Depth: 42
** Pressure frequency switch pos 2 before station:
** Pressure frequency switch pos 2 after station:
** Operator: JG/GA
** Comments:
# nquan = 30
# nvalues = 98                          
# units = specified
# name 0 = scan: Scan Count
# name 1 = timeJ: Julian Days
# name 2 = prDM: Pressure, Digiquartz [db]
# name 3 = depSM: Depth [salt water, m]
# name 4 = t090C: Temperature [ITS-90, deg C]
# name 5 = t190C: Temperature, 2 [ITS-90, deg C]
# name 6 = c0S/m: Conductivity [S/m]
# name 7 = c1S/m: Conductivity, 2 [S/m]
# name 8 = sbeox0V: Oxygen raw, SBE 43 [V]
# name 9 = sbeox1V: Oxygen raw, SBE 43, 2 [V]
# name 10 = sbox1dV/dT: Oxygen, SBE 43, 2 [dov/dt]
# name 11 = sbox0dV/dT: Oxygen, SBE 43 [dov/dt]
# name 12 = flECO-AFL: Fluorescence, WET Labs ECO-AFL/FL [mg/m^3]
# name 13 = CStarTr0: Beam Transmission, WET Labs C-Star [%]
# name 14 = par: PAR/Irradiance, Biospherical/Licor
# name 15 = spar: SPAR/Surface Irradiance
# name 16 = cpar: CPAR/Corrected Irradiance [%]
# name 17 = altM: Altimeter [m]
# name 18 = sbox0Mm/Kg: Oxygen, SBE 43 [umol/kg], WS = 2
# name 19 = sbeox0ML/L: Oxygen, SBE 43 [ml/l], WS = 2
# name 20 = sbox1Mm/Kg: Oxygen, SBE 43, 2 [umol/kg], WS = 2
# name 21 = sbeox1ML/L: Oxygen, SBE 43, 2 [ml/l], WS = 2
# name 22 = sal00: Salinity, Practical [PSU]
# name 23 = sal11: Salinity, Practical, 2 [PSU]
# name 24 = sigma-é00: Density [sigma-theta, kg/m^3]
# name 25 = sigma-é11: Density, 2 [sigma-theta, kg/m^3]
# name 26 = svCM: Sound Velocity [Chen-Millero, m/s]
# name 27 = svCM1: Sound Velocity, 2 [Chen-Millero, m/s]
# name 28 = nbin: number of scans per bin
# name 29 = flag: flag
# span 0 =       1098,      26966       
# span 1 = 103.052751, 103.065226       
# span 2 =      1.000,     50.000       
# span 3 =      0.959,     49.727       
# span 4 =    28.0625,    28.7983       
# span 5 =    28.0610,    28.7963       
# span 6 =   5.976066,   6.045413       
# span 7 =   5.975477,   6.044389       
# span 8 =     2.8988,     3.0184       
# span 9 =     2.5061,     2.5924       
# span 10 =   -0.01258,    0.00910      
# span 11 =   -0.01181,    0.01090      
# span 12 =    -0.0851,     0.1342      
# span 13 =    95.1887,    97.2390      
# span 14 = 1.0000e-12, 2.3054e-03      
# span 15 = 0.0000e+00, 0.0000e+00      
# span 16 = 9.9999e+04, 9.9999e+04      
# span 17 =       0.43,      42.82      
# span 18 =    181.581,    189.904      
# span 19 =     4.1643,     4.3550      
# span 20 =    182.125,    189.157      
# span 21 =     4.1767,     4.3378      
# span 22 =    37.2921,    37.4631      
# span 23 =    37.2888,    37.4602      
# span 24 =    23.8617,    24.2039      
# span 25 =    23.8599,    24.2022      
# span 26 =    1544.79,    1545.78      
# span 27 =    1544.78,    1545.77      
# span 28 =         21,        184      
# span 29 = 0.0000e+00, 0.0000e+00      
# interval = decibars: 1                
# start_time = Apr 13 2017 01:15:12 [System UTC, first data scan.]
# bad_flag = -9.990e-29
*END*
       1098 103.052750      2.000      1.993    28.7841    28.7826   6.037920   6.037299     2.9890     2.5668   -0.00056    0.00035    -0.0490    97.0253 1.0000e-12 0.0000e+00 9.9999e+04       8.88    185.260     4.2472    183.772     4.2131    37.3060    37.3029    23.8695    23.8677    1545.50    1545.49         85 0.0000e+00
       2172 103.053268      3.000      2.979    28.7915    28.7899   6.038767   6.038136     2.9886     2.5719    0.00423   -0.00061    -0.0437    97.0914 1.0000e-12 0.0000e+00 9.9999e+04       0.69    185.308     4.2483    183.859     4.2151    37.3058    37.3027    23.8669    23.8651    1545.53    1545.52         51 0.0000e+00
       2132 103.053253      4.000      3.972    28.7916    28.7883   6.038816   6.037976     2.9899     2.5654    0.00205   -0.00115    -0.0127    97.1307 1.0000e-12 0.0000e+00 9.9999e+04       1.03    185.506     4.2529    182.976     4.1949    37.3058    37.3025    23.8670    23.8656    1545.55    1545.53         27 0.0000e+00
       2157 103.053261      5.000      4.976    28.7871    28.7852   6.038358   6.037644     2.9854     2.5626    0.00145   -0.00162    -0.0670    96.9307 1.0000e-12 0.0000e+00 9.9999e+04       0.92    184.858     4.2380    182.886     4.1928    37.3058    37.3023    23.8686    23.8665    1545.55    1545.54         25 0.0000e+00
       2184 103.053276      6.000      5.964    28.7847    28.7841   6.037964   6.037465     2.9811     2.5600   -0.00496    0.00068    -0.0817    97.0141 1.0000e-12 0.0000e+00 9.9999e+04       0.95    184.762     4.2358    183.215     4.2003    37.3047    37.3017    23.8686    23.8665    1545.56    1545.56         27 0.0000e+00
       2208 103.053284      7.000      6.952    28.7798    28.7769   6.037355   6.036565     2.9804     2.5652   -0.00366   -0.00040    -0.0618    96.9184 1.0000e-12 0.0000e+00 9.9999e+04      42.21    184.929     4.2397    184.006     4.2185    37.3039    37.3007    23.8697    23.8683    1545.57    1545.56         21 0.0000e+00
       2229 103.053299      8.000      7.966    28.7828    28.7804   6.037700   6.036982     2.9826     2.5686   -0.00299   -0.00561    -0.0693    97.1095 1.0000e-12 0.0000e+00 9.9999e+04      42.82    185.253     4.2471    184.171     4.2223    37.3037    37.3006    23.8687    23.8671    1545.59    1545.58         23 0.0000e+00
       2262 103.053314      9.000      8.954    28.7932    28.7897   6.038914   6.038095     2.9869     2.5701    0.00265   -0.00120    -0.0669    97.1384 1.0000e-12 0.0000e+00 9.9999e+04      41.84    185.412     4.2507    183.662     4.2106    37.3037    37.3007    23.8653    23.8642    1545.63    1545.62         46 0.0000e+00
       2314 103.053337     10.000      9.942    28.7948    28.7944   6.039126   6.038641     2.9893     2.5592    0.00164    0.00285    -0.0693    97.1645 1.0000e-12 0.0000e+00 9.9999e+04      40.66    185.626     4.2556    183.014     4.1957    37.3036    37.3005    23.8648    23.8625    1545.65    1545.65         53 0.0000e+00
       2361 103.053360     11.000     10.935    28.7956    28.7945   6.039328   6.038730     2.9882     2.5675   -0.00779    0.00105    -0.0817    96.9575 1.0000e-12 0.0000e+00 9.9999e+04      34.52    185.348     4.2492    183.814     4.2141    37.3041    37.3008    23.8649    23.8628    1545.67    1545.66         40 0.0000e+00
       2394 103.053375     12.000     11.931    28.7966    28.7957   6.039443   6.038898     2.9832     2.5650    0.00562    0.00038    -0.0611    97.0278 1.0000e-12 0.0000e+00 9.9999e+04      34.31    185.082     4.2432    183.390     4.2044    37.3038    37.3007    23.8644    23.8624    1545.69    1545.68         29 0.0000e+00
       2425 103.053391     13.000     12.930    28.7983    28.7963   6.039649   6.038974     2.9867     2.5641    0.00172   -0.00190    -0.0596    97.0615 1.0000e-12 0.0000e+00 9.9999e+04      37.44    185.584     4.2546    183.366     4.2038    37.3036    37.3005    23.8638    23.8621    1545.71    1545.70         35 0.0000e+00
       2465 103.053413     14.000     13.920    28.7943    28.7922   6.039281   6.038577     2.9889     2.5629   -0.00124   -0.00100    -0.0615    97.2011 1.0000e-12 0.0000e+00 9.9999e+04      36.68    185.573     4.2544    183.488     4.2066    37.3038    37.3006    23.8654    23.8637    1545.72    1545.71         43 0.0000e+00
       2504 103.053429     15.000     14.914    28.7887    28.7862   6.038637   6.037870     2.9861     2.5642   -0.00108    0.00297    -0.0507    97.1778 1.0000e-12 0.0000e+00 9.9999e+04      35.87    185.322     4.2487    183.394     4.2045    37.3035    37.3000    23.8671    23.8653    1545.72    1545.71         34 0.0000e+00
       2538 103.053444     16.000     15.913    28.7926    28.7908   6.039110   6.038450     2.9847     2.5601    0.00088   -0.00092    -0.0576    97.1286 1.0000e-12 0.0000e+00 9.9999e+04      35.00    185.410     4.2507    183.228     4.2006    37.3034    37.3002    23.8657    23.8639    1545.75    1545.74         39 0.0000e+00
       2582 103.053467     17.000     16.900    28.7956    28.7936   6.039402   6.038682     2.9859     2.5670   -0.00213   -0.00195    -0.0809    97.1862 1.0000e-12 0.0000e+00 9.9999e+04      33.99    185.435     4.2512    183.944     4.2170    37.3027    37.2993    23.8643    23.8624    1545.77    1545.76         41 0.0000e+00
       2614 103.053482     18.000     17.897    28.7880    28.7866   6.038707   6.038088     2.9883     2.5625    0.00077    0.00195    -0.0813    96.8606 1.0000e-12 0.0000e+00 9.9999e+04      33.12    185.838     4.2605    183.486     4.2066    37.3036    37.3003    23.8676    23.8657    1545.77    1545.76         28 0.0000e+00
       2645 103.053497     19.000     18.894    28.7465    28.7490   6.034054   6.033580     2.9891     2.5690    0.00318   -0.00068    -0.0813    97.2390 1.0000e-12 0.0000e+00 9.9999e+04      32.11    185.875     4.2614    184.915     4.2394    37.3033    37.2980    23.8814    23.8766    1545.70    1545.70         33 0.0000e+00
       2681 103.053513     20.000     19.888    28.7363    28.7348   6.044261   6.043871     2.9930     2.5753   -0.00069    0.00234    -0.0813    97.1100 1.0000e-12 0.0000e+00 9.9999e+04      30.85    186.356     4.2727    184.786     4.2367    37.3824    37.3809    23.9444    23.9437    1545.78    1545.77         41 0.0000e+00
       2724 103.053535     21.000     20.879    28.6750    28.6740   6.045413   6.044389     3.0012     2.5738    0.00611    0.00095    -0.0504    97.1759 1.0000e-12 0.0000e+00 9.9999e+04      29.92    187.084     4.2896    184.869     4.2388    37.4385    37.4321    24.0072    24.0027    1545.72    1545.71         42 0.0000e+00
       2761 103.053551     22.000     21.875    28.6013    28.6000   6.037134   6.036372     3.0045     2.5779   -0.00114    0.00472    -0.0508    97.1148 1.0000e-12 0.0000e+00 9.9999e+04      28.59    187.340     4.2956    185.622     4.2562    37.4384    37.4340    24.0319    24.0289    1545.58    1545.57         32 0.0000e+00
       2794 103.053566     23.000     22.869    28.5790    28.5775   6.034951   6.034265     3.0063     2.5813    0.00101    0.00436    -0.0508    97.1027 1.0000e-12 0.0000e+00 9.9999e+04      28.07    187.539     4.3002    185.946     4.2637    37.4403    37.4367    24.0408    24.0386    1545.55    1545.54         36 0.0000e+00
       2832 103.053589     24.000     23.864    28.5775    28.5756   6.035336   6.034660     3.0021     2.5848    0.00252    0.00053    -0.0508    97.1773 1.0000e-12 0.0000e+00 9.9999e+04      27.16    187.129     4.2908    186.376     4.2735    37.4439    37.4406    24.0441    24.0423    1545.57    1545.56         36 0.0000e+00
       2865 103.053604     25.000     24.860    28.5748    28.5729   6.036628   6.035880     3.0011     2.5834    0.00175    0.00019    -0.0508    97.1580 1.0000e-12 0.0000e+00 9.9999e+04      26.28    186.996     4.2878    185.602     4.2559    37.4548    37.4511    24.0533    24.0511    1545.59    1545.58         35 0.0000e+00
       2906 103.053619     26.000     25.852    28.5723    28.5708   6.037420   6.036741     2.9956     2.5750    0.00172   -0.00163    -0.0508    97.1434 1.0000e-12 0.0000e+00 9.9999e+04      25.26    186.720     4.2815    184.791     4.2373    37.4620    37.4584    24.0596    24.0574    1545.61    1545.60         44 0.0000e+00
       2945 103.053642     27.000     26.845    28.5627    28.5609   6.036537   6.035823     2.9966     2.5737   -0.00435   -0.00391    -0.0508    97.1068 1.0000e-12 0.0000e+00 9.9999e+04      24.32    186.863     4.2848    185.414     4.2516    37.4631    37.4595    24.0638    24.0617    1545.61    1545.60         35 0.0000e+00
       2979 103.053658     28.000     27.839    28.5557    28.5542   6.035559   6.034855     2.9907     2.5781   -0.00437   -0.00086    -0.0508    97.1210 1.0000e-12 0.0000e+00 9.9999e+04      23.38    186.268     4.2712    185.709     4.2584    37.4615    37.4577    24.0649    24.0626    1545.61    1545.60         31 0.0000e+00
       3008 103.053673     29.000     28.838    28.5370    28.5356   6.032822   6.032130     2.9900     2.5750    0.00106    0.00076    -0.0425    97.1480 1.0000e-12 0.0000e+00 9.9999e+04      22.46    186.639     4.2797    185.188     4.2464    37.4567    37.4530    24.0677    24.0653    1545.58    1545.57         29 0.0000e+00
       3041 103.053688     30.000     29.832    28.5202    28.5191   6.030380   6.029714     2.9947     2.5732    0.00197   -0.00406    -0.0215    97.1547 1.0000e-12 0.0000e+00 9.9999e+04      21.34    187.045     4.2890    185.131     4.2451    37.4526    37.4488    24.0702    24.0677    1545.55    1545.55         38 0.0000e+00
       3079 103.053703     31.000     30.823    28.4922    28.4908   6.026738   6.026067     2.9939     2.5724   -0.00199    0.00186    -0.0388    97.1650 1.0000e-12 0.0000e+00 9.9999e+04      20.28    187.034     4.2888    185.399     4.2513    37.4488    37.4452    24.0768    24.0746    1545.51    1545.50         38 0.0000e+00
       3118 103.053726     32.000     31.818    28.4857    28.4833   6.025945   6.025145     2.9963     2.5721   -0.00171    0.00099    -0.0212    97.1382 1.0000e-12 0.0000e+00 9.9999e+04      19.24    187.169     4.2919    185.683     4.2578    37.4481    37.4443    24.0785    24.0765    1545.51    1545.50         40 0.0000e+00
       3156 103.053741     33.000     32.808    28.4072    28.4086   6.015993   6.015264     2.9966     2.5779    0.00012    0.00136    -0.0203    97.1307 1.0000e-12 0.0000e+00 9.9999e+04      18.27    187.879     4.3082    186.869     4.2851    37.4399    37.4336    24.0986    24.0934    1545.35    1545.34         33 0.0000e+00
       3185 103.053757     34.000     33.803    28.2095    28.2188   5.992533   5.992616     3.0125     2.5922    0.00180   -0.00048     0.0049    97.1275 1.0000e-12 0.0000e+00 9.9999e+04      17.52    189.904     4.3550    189.157     4.3378    37.4310    37.4241    24.1575    24.1493    1544.93    1544.94         27 0.0000e+00
       3213 103.053772     35.000     34.806    28.1740    28.1696   5.988377   5.987260     3.0184     2.5924    0.00380    0.00115     0.0447    97.0211 1.0000e-12 0.0000e+00 9.9999e+04      16.60    189.771     4.3519    187.774     4.3061    37.4295    37.4251    24.1683    24.1665    1544.86    1544.85         29 0.0000e+00
       3247 103.053787     36.000     35.799    28.1450    28.1480   5.984952   5.984721     3.0140     2.5878    0.00910    0.01090     0.0704    96.8440 1.0000e-12 0.0000e+00 9.9999e+04      15.52    189.434     4.3442    187.920     4.3095    37.4280    37.4240    24.1768    24.1728    1544.82    1544.82         42 0.0000e+00
       3294 103.053810     37.000     36.785    28.1354    28.1322   5.983883   5.983014     3.0118     2.5859   -0.00439   -0.00207     0.1035    96.7456 1.0000e-12 0.0000e+00 9.9999e+04      14.46    189.526     4.3464    187.696     4.3044    37.4278    37.4242    24.1799    24.1782    1544.81    1544.80         45 0.0000e+00
       3328 103.053825     38.000     37.780    28.1281    28.1261   5.983113   5.982371     3.0139     2.5885    0.00072   -0.00194     0.0984    96.6725 1.0000e-12 0.0000e+00 9.9999e+04      13.67    189.664     4.3495    188.418     4.3210    37.4278    37.4241    24.1824    24.1803    1544.81    1544.81         27 0.0000e+00
       3354 103.053841     39.000     38.780    28.1208    28.1188   5.982318   5.981557     3.0144     2.5880   -0.00249    0.00001     0.0797    96.6791 1.0000e-12 0.0000e+00 9.9999e+04      12.78    189.723     4.3509    188.217     4.3164    37.4276    37.4239    24.1848    24.1826    1544.81    1544.81         26 0.0000e+00
       3385 103.053856     40.000     39.774    28.1122    28.1097   5.981354   5.980546     3.0118     2.5877    0.00150    0.00133     0.1014    96.6545 1.0000e-12 0.0000e+00 9.9999e+04      11.67    189.415     4.3439    187.860     4.3082    37.4274    37.4237    24.1875    24.1855    1544.81    1544.80         36 0.0000e+00
       3421 103.053871     41.000     40.765    28.1027    28.1017   5.980302   5.979684     3.0090     2.5817    0.00066   -0.00006     0.1018    96.6525 1.0000e-12 0.0000e+00 9.9999e+04      10.60    189.338     4.3421    187.288     4.2951    37.4272    37.4236    24.1906    24.1882    1544.81    1544.80         35 0.0000e+00
       3455 103.053886     42.000     41.759    28.0988    28.0973   5.979917   5.979281     3.0050     2.5797   -0.00250   -0.00277     0.1018    96.6246 1.0000e-12 0.0000e+00 9.9999e+04       9.66    188.886     4.3317    187.454     4.2989    37.4272    37.4240    24.1919    24.1900    1544.82    1544.81         35 0.0000e+00
       3490 103.053902     43.000     42.756    28.0987    28.0975   5.979975   5.979363     2.9991     2.5768   -0.00350   -0.00137     0.1081    96.6086 1.0000e-12 0.0000e+00 9.9999e+04       8.74    188.557     4.3242    186.918     4.2866    37.4274    37.4240    24.1922    24.1900    1544.83    1544.83         34 0.0000e+00
       3526 103.053925     44.000     43.749    28.0962    28.0945   5.979755   5.979097     2.9945     2.5742   -0.00064   -0.00424     0.1138    96.5951 1.0000e-12 0.0000e+00 9.9999e+04       7.82    188.219     4.3165    186.971     4.2878    37.4276    37.4242    24.1933    24.1913    1544.84    1544.84         38 0.0000e+00
       3566 103.053940     45.000     44.744    28.0961    28.0939   5.979797   5.979096     2.9922     2.5759   -0.00260   -0.00294     0.1021    96.5964 1.0000e-12 0.0000e+00 9.9999e+04       6.84    188.221     4.3165    187.431     4.2984    37.4276    37.4244    24.1934    24.1917    1544.86    1544.85         43 0.0000e+00
       3621 103.053970     46.000     45.736    28.0925    28.0905   5.979442   5.978742     2.9918     2.5735    0.00099   -0.00133     0.1018    96.5691 1.0000e-12 0.0000e+00 9.9999e+04       5.70    188.247     4.3171    186.960     4.2876    37.4277    37.4243    24.1947    24.1928    1544.87    1544.86         65 0.0000e+00
       3674 103.053993     47.000     46.729    28.0891    28.0882   5.979101   5.978544     2.9920     2.5720   -0.00321   -0.00051     0.1018    96.5320 1.0000e-12 0.0000e+00 9.9999e+04       4.73    188.271     4.3177    186.682     4.2812    37.4276    37.4244    24.1958    24.1937    1544.88    1544.87         38 0.0000e+00
       3998 103.054153     48.000     47.728    28.0784    28.0763   5.977872   5.977173     2.9873     2.5671   -0.00026    0.00111     0.1202    96.5344 1.0000e-12 0.0000e+00 9.9999e+04       3.49    187.847     4.3079    186.528     4.2777    37.4271    37.4238    24.1991    24.1973    1544.87    1544.86         81 0.0000e+00
       4497 103.054390     49.000     48.719    28.0666    28.0646   5.976501   5.975830     2.9558     2.5403   -0.00553   -0.00682     0.1070    96.5016 1.0000e-12 0.0000e+00 9.9999e+04       2.11    185.332     4.2503    183.726     4.2134    37.4264    37.4233    24.2025    24.2009    1544.86    1544.85        128 0.0000e+00
