data/CTD/abra2/abra2004.cnv
* Sea-Bird SBE 9 Data File:
* FileName = C:\SEASOFT\ABRACOS2\data\abra2004.hex
* Software Version Seasave V 7.26.1.8
* Temperature SN = 6083
* Conductivity SN = 4355
* Number of Bytes Per Scan = 48
* Number of Voltage Words = 5
* Number of Scans Averaged by the Deck Unit = 1
* NMEA Latitude = 09 13.03 S
* NMEA Longitude = 035 04.57 W
* NMEA UTC (Time) = Apr 10 2017 16:20:26
** Cruise: ABRACOS2
** Ship: ANTEA
** Station: 4
** Bottom Depth: 37
** Pressure frequency switch pos 2 before station:
** Pressure frequency switch pos 2 after station:
** Operator: JG
** Comments:
# nquan = 30
# nvalues = 65                          
# units = specified
# name 0 = scan: Scan Count
# name 1 = timeJ: Julian Days
# name 2 = prDM: Pressure, Digiquartz [db]
# name 3 = depSM: Depth [salt water, m]
# name 4 = t090C: Temperature [ITS-90, deg C]
# name 5 = t190C: Temperature, 2 [ITS-90, deg C]
# name 6 = c0S/m: Conductivity [S/m]
# name 7 = c1S/m: Conductivity, 2 [S/m]
# name 8 = sbeox0V: Oxygen raw, SBE 43 [V]
# name 9 = sbeox1V: Oxygen raw, SBE 43, 2 [V]
# name 10 = sbox1dV/dT: Oxygen, SBE 43, 2 [dov/dt]
# name 11 = sbox0dV/dT: Oxygen, SBE 43 [dov/dt]
# name 12 = flECO-AFL: Fluorescence, WET Labs ECO-AFL/FL [mg/m^3]
# name 13 = CStarTr0: Beam Transmission, WET Labs C-Star [%]
# name 14 = par: PAR/Irradiance, Biospherical/Licor
# name 15 = spar: SPAR/Surface Irradiance
# name 16 = cpar: CPAR/Corrected Irradiance [%]
# name 17 = altM: Altimeter [m]
# name 18 = sbox0Mm/Kg: Oxygen, SBE 43 [umol/kg], WS = 2
# name 19 = sbeox0ML/L: Oxygen, SBE 43 [ml/l], WS = 2
# name 20 = sbox1Mm/Kg: Oxygen, SBE 43, 2 [umol/kg], WS = 2
# name 21 = sbeox1ML/L: Oxygen, SBE 43, 2 [ml/l], WS = 2
# name 22 = sal00: Salinity, Practical [PSU]
# name 23 = sal11: Salinity, Practical, 2 [PSU]
# name 24 = sigma-é00: Density [sigma-theta, kg/m^3]
# name 25 = sigma-é11: Density, 2 [sigma-theta, kg/m^3]
# name 26 = svCM: Sound Velocity [Chen-Millero, m/s]
# name 27 = svCM1: Sound Velocity, 2 [Chen-Millero, m/s]
# name 28 = nbin: number of scans per bin
# name 29 = flag: flag
# span 0 =        687,       5618       
# span 1 = 100.681187, 100.683565       
# span 2 =      2.000,     34.000       
# span 3 =      1.982,     33.816       
# span 4 =    28.4385,    28.6661       
# span 5 =    28.4405,    28.6646       
# span 6 =   6.007189,   6.016440       
# span 7 =   6.006547,   6.015874       
# span 8 =     2.9874,     3.0280       
# span 9 =     2.5665,     2.6002       
# span 10 =   -0.00665,    0.00426      
# span 11 =   -0.00545,    0.00425      
# span 12 =    -0.0819,     0.1159      
# span 13 =    95.9117,    96.9120      
# span 14 = 1.9455e-01, 9.7435e-01      
# span 15 = 4.8145e+02, 2.1630e+03      
# span 16 = 1.4101e-02, 5.8291e+03      
# span 17 =       0.86,      32.30      
# span 18 =    186.298,    189.970      
# span 19 =     4.2712,     4.3559      
# span 20 =    184.452,    188.603      
# span 21 =     4.2288,     4.3246      
# span 22 =    37.2468,    37.3608      
# span 23 =    37.2432,    37.3554      
# span 24 =    23.8647,    24.0286      
# span 25 =    23.8628,    24.0239      
# span 26 =    1545.12,    1545.45      
# span 27 =    1545.11,    1545.45      
# span 28 =         22,        193      
# span 29 = 0.0000e+00, 0.0000e+00      
# interval = decibars: 1                
# start_time = Apr 10 2017 16:20:26 [System UTC, first data scan.]
# bad_flag = -9.990e-29
*END*
[from data line 49]
       4527 100.683037     17.000     16.909    28.5853    28.5824   6.007883   6.007133     2.9971     2.5738   -0.00080    0.00099    -0.0680    96.6747 8.5831e-01 7.8904e+02 7.8529e-02      18.72    186.936     4.2858    185.196     4.2459    37.2474    37.2444    23.8931    23.8918    1545.26    1545.25         33 0.0000e+00
       4554 100.683052     16.000     15.913    28.5863    28.5838   6.007956   6.007250     2.9980     2.5710    0.00374    0.00152    -0.0505    96.6485 8.5092e-01 1.0496e+03 9.6869e-02      19.38    186.884     4.2846    184.530     4.2306    37.2474    37.2445    23.8927    23.8913    1545.25    1545.24         24 0.0000e+00
       4577 100.683060     15.000     14.912    28.5909    28.5909   6.008440   6.007977     2.9943     2.5687    0.00260    0.00005    -0.0508    96.6441 8.5161e-01 9.2480e+02 1.2047e-01      20.40    186.404     4.2736    184.597     4.2321    37.2475    37.2443    23.8912    23.8887    1545.24    1545.23         23 0.0000e+00
       4605 100.683075     14.000     13.915    28.5941    28.5937   6.008779   6.008259     2.9916     2.5719   -0.00075    0.00040    -0.0508    96.6228 8.6553e-01 1.2339e+03 8.4330e-02      21.72    186.417     4.2739    185.017     4.2418    37.2477    37.2444    23.8901    23.8878    1545.23    1545.22         36 0.0000e+00
       4650 100.683098     13.000     12.927    28.5960    28.5949   6.008908   6.008322     2.9930     2.5710   -0.00000   -0.00302    -0.0508    96.6187 8.0084e-01 1.2364e+03 8.5543e-02      23.09    186.465     4.2749    184.780     4.2363    37.2474    37.2442    23.8892    23.8871    1545.22    1545.21         50 0.0000e+00
       4699 100.683121     12.000     11.931    28.5939    28.5928   6.008625   6.008019     2.9916     2.5683   -0.00032    0.00057    -0.0508    96.6362 7.3034e-01 8.8428e+02 8.5520e-02      23.47    186.377     4.2729    184.452     4.2288    37.2474    37.2440    23.8898    23.8877    1545.19    1545.19         50 0.0000e+00
       4747 100.683144     11.000     10.939    28.5931    28.5924   6.008526   6.007938     2.9968     2.5727   -0.00178   -0.00065    -0.0588    96.6522 6.6964e-01 7.2569e+02 1.0102e-01      24.51    186.947     4.2860    185.078     4.2431    37.2476    37.2441    23.8902    23.8877    1545.18    1545.17         43 0.0000e+00
       4792 100.683167     10.000      9.942    28.6041    28.6017   6.009624   6.008879     3.0011     2.5771    0.00190    0.00232    -0.0678    96.6612 6.2331e-01 1.0888e+03 7.3939e-02      25.80    187.092     4.2893    185.490     4.2526    37.2470    37.2437    23.8860    23.8843    1545.18    1545.17         54 0.0000e+00
       4859 100.683197      9.000      8.950    28.6134    28.6120   6.010624   6.010003     3.0031     2.5804    0.00221    0.00177    -0.0611    96.7495 5.1467e-01 8.6050e+02 6.5335e-02      27.02    187.127     4.2901    185.426     4.2511    37.2470    37.2438    23.8827    23.8808    1545.19    1545.18         69 0.0000e+00
       4912 100.683228      8.000      7.954    28.6169    28.6166   6.010977   6.010459     3.0032     2.5772    0.00159    0.00061    -0.0764    96.7506 4.1872e-01 7.8050e+02 5.8191e-02      27.79    187.126     4.2901    185.119     4.2441    37.2470    37.2437    23.8815    23.8791    1545.18    1545.17         44 0.0000e+00
       4979 100.683258      7.000      6.962    28.6098    28.6106   6.010144   6.009727     3.0046     2.5816   -0.00185    0.00024    -0.0819    96.7539 3.1357e-01 1.3124e+03 2.7504e-02      28.77    187.160     4.2909    185.867     4.2612    37.2471    37.2435    23.8839    23.8809    1545.14    1545.14         74 0.0000e+00
       5032 100.683281      6.000      5.964    28.6408    28.6377   6.013632   6.012878     3.0026     2.5834    0.00304   -0.00004    -0.0813    96.7604 2.5152e-01 9.9266e+02 2.5249e-02      29.62    186.907     4.2850    185.516     4.2531    37.2475    37.2446    23.8738    23.8726    1545.19    1545.18         53 0.0000e+00
       5108 100.683319      5.000      4.972    28.6575    28.6516   6.015451   6.014343     3.0027     2.5806   -0.00058   -0.00025    -0.0813    96.7924 2.1795e-01 1.0308e+03 2.5945e-02      30.97    186.919     4.2853    185.220     4.2463    37.2474    37.2443    23.8680    23.8676    1545.21    1545.20        105 0.0000e+00
       5209 100.683365      4.000      3.978    28.6494    28.6455   6.014442   6.013556     3.0041     2.5802   -0.00031    0.00016    -0.0813    96.8178 1.9455e-01 1.0743e+03 2.3728e-02      31.74    186.981     4.2867    185.253     4.2471    37.2470    37.2439    23.8704    23.8693    1545.18    1545.17         92 0.0000e+00
       5382 100.683449      3.000      2.980    28.6595    28.6536   6.015604   6.014389     3.0039     2.5799    0.00018    0.00031    -0.0813    96.8292 2.1718e-01 9.0747e+02 2.6243e-02      11.29    186.960     4.2862    185.194     4.2457    37.2475    37.2437    23.8673    23.8664    1545.18    1545.17        193 0.0000e+00
       5618 100.683563      2.000      1.988    28.6661    28.6646   6.016247   6.015608     3.0038     2.5790    0.00029    0.00060    -0.0813    95.9117 2.5029e-01 8.4195e+02 5.8291e+03      23.81    186.866     4.2840    185.098     4.2435    37.2472    37.2439    23.8647    23.8628    1545.18    1545.17        162 0.0000e+00
