data/CTD/abra2/abra2005.cnv
* Sea-Bird SBE 9 Data File:
* FileName = C:\SEASOFT\ABRACOS2\data\abra2005.hex
* Software Version Seasave V 7.26.1.8
* Temperature SN = 6083
* Conductivity SN = 4355
* Number of Bytes Per Scan = 48
* Number of Voltage Words = 5
* Number of Scans Averaged by the Deck Unit = 1
* NMEA Latitude = 09 13.09 S
* NMEA Longitude = 034 46.02 W
* NMEA UTC (Time) = Apr 10 2017 20:52:16
** Cruise: ABRACOS2
** Ship: ANTEA
** Station: 5
** Bottom Depth: 1434
** Pressure frequency switch pos 2 before station:
** Pressure frequency switch pos 2 after station:
** Operator: JG/GA
** Comments:
# nquan = 30
# nvalues = 2019                        
# units = specified
# name 0 = scan: Scan Count
# name 1 = timeJ: Julian Days
# name 2 = prDM: Pressure, Digiquartz [db]
# name 3 = depSM: Depth [salt water, m]
# name 4 = t090C: Temperature [ITS-90, deg C]
# name 5 = t190C: Temperature, 2 [ITS-90, deg C]
# name 6 = c0S/m: Conductivity [S/m]
# name 7 = c1S/m: Conductivity, 2 [S/m]
# name 8 = sbeox0V: Oxygen raw, SBE 43 [V]
# name 9 = sbeox1V: Oxygen raw, SBE 43, 2 [V]
# name 10 = sbox1dV/dT: Oxygen, SBE 43, 2 [dov/dt]
# name 11 = sbox0dV/dT: Oxygen, SBE 43 [dov/dt]
# name 12 = flECO-AFL: Fluorescence, WET Labs ECO-AFL/FL [mg/m^3]
# name 13 = CStarTr0: Beam Transmission, WET Labs C-Star [%]
# name 14 = par: PAR/Irradiance, Biospherical/Licor
# name 15 = spar: SPAR/Surface Irradiance
# name 16 = cpar: CPAR/Corrected Irradiance [%]
# name 17 = altM: Altimeter [m]
# name 18 = sbox0Mm/Kg: Oxygen, SBE 43 [umol/kg], WS = 2
# name 19 = sbeox0ML/L: Oxygen, SBE 43 [ml/l], WS = 2
# name 20 = sbox1Mm/Kg: Oxygen, SBE 43, 2 [umol/kg], WS = 2
# name 21 = sbeox1ML/L: Oxygen, SBE 43, 2 [ml/l], WS = 2
# name 22 = sal00: Salinity, Practical [PSU]
# name 23 = sal11: Salinity, Practical, 2 [PSU]
# name 24 = sigma-é00: Density [sigma-theta, kg/m^3]
# name 25 = sigma-é11: Density, 2 [sigma-theta, kg/m^3]
# name 26 = svCM: Sound Velocity [Chen-Millero, m/s]
# name 27 = svCM1: Sound Velocity, 2 [Chen-Millero, m/s]
# name 28 = nbin: number of scans per bin
# name 29 = flag: flag
# span 0 =        480,      59870       
# span 1 = 100.869860, 100.898502       
# span 2 =      2.000,   1011.000       
# span 3 =      1.985,   1002.868       
# span 4 =     4.0533,    29.3218       
# span 5 =     4.0527,    29.3008       
# span 6 =   3.263225,   6.120763       
# span 7 =   3.262989,   6.118000       
# span 8 =     1.6716,     3.1066       
# span 9 =     1.4504,     2.6439       
# span 10 =   -0.04247,    0.02696      
# span 11 =   -0.04313,    0.03392      
# span 12 =    -0.1434,     0.9110      
# span 13 =    85.3864,    98.4254      
# span 14 = 1.0000e-12, 1.0000e-12      
# span 15 = 0.0000e+00, 0.0000e+00      
# span 16 = 9.9999e+04, 9.9999e+04      
# span 17 =      33.14,     101.39      
# span 18 =    147.403,    201.649      
# span 19 =     3.3896,     4.6263      
# span 20 =    135.701,    199.518      
# span 21 =     3.1204,     4.5781      
# span 22 =    34.3985,    37.4903      
# span 23 =    34.3967,    37.4863      
# span 24 =    23.8043,    27.3939      
# span 25 =    23.8094,    27.3922      
# span 26 =    1481.49,    1546.80      
# span 27 =    1481.49,    1546.76      
# span 28 =         11,        142      
# span 29 = 0.0000e+00, 0.0000e+00      
# interval = decibars: 1                
# start_time = Apr 10 2017 20:52:16 [System UTC, first data scan.]
# bad_flag = -9.990e-29
*END*
[from data line 774]
      18682 100.878639    776.000    770.191     4.9458     4.9452   3.328109   3.327790     1.7456     1.4991   -0.02170   -0.02607    -0.1119    95.9344 1.0000e-12 0.0000e+00 9.9999e+04      98.78    153.891     3.5398    146.321     3.3656    34.4534    34.4503    27.2553    27.2529    1482.57    1482.56         13 0.0000e+00
      18695 100.878647    777.000    771.190     4.9403     4.9397   3.327641   3.327334     1.7360     1.4916   -0.02207   -0.02620    -0.1069    95.9479 1.0000e-12 0.0000e+00 9.9999e+04      98.78    153.673     3.5347    147.230     3.3865    34.4530    34.4502    27.2557    27.2535    1482.56    1482.56         14 0.0000e+00
      18711 100.878654    778.000    772.186     4.9384     4.9376   3.327504   3.327204     1.7269     1.4850   -0.02162   -0.02586    -0.0871    95.9566 1.0000e-12 0.0000e+00 9.9999e+04      98.78    153.549     3.5319    148.197     3.4088    34.4529    34.4503    27.2558    27.2538    1482.57    1482.57         17 0.0000e+00
      18732 100.878662    779.000    773.169     4.9377     4.9369   3.327469   3.327154     1.7174     1.4786   -0.01905   -0.02315    -0.1155    95.9559 1.0000e-12 0.0000e+00 9.9999e+04      98.78    153.538     3.5316    148.796     3.4226    34.4528    34.4500    27.2558    27.2537    1482.59    1482.58         27 0.0000e+00
      18760 100.878677    780.000    774.144     4.9367     4.9360   3.327409   3.327098     1.7089     1.4721   -0.01356   -0.01747    -0.1067    95.9499 1.0000e-12 0.0000e+00 9.9999e+04      98.78    153.419     3.5289    148.962     3.4264    34.4526    34.4498    27.2557    27.2536    1482.60    1482.59         25 0.0000e+00
      18782 100.878685    781.000    775.141     4.9346     4.9337   3.327262   3.326952     1.7035     1.4681   -0.00899   -0.01282    -0.0868    95.9474 1.0000e-12 0.0000e+00 9.9999e+04      98.78    153.241     3.5248    149.398     3.4364    34.4526    34.4499    27.2560    27.2540    1482.61    1482.60         20 0.0000e+00
      18800 100.878693    782.000    776.127     4.9344     4.9335   3.327290   3.326984     1.7005     1.4662   -0.00683   -0.00979    -0.1163    95.9426 1.0000e-12 0.0000e+00 9.9999e+04      98.78    153.196     3.5238    149.585     3.4407    34.4526    34.4500    27.2561    27.2541    1482.62    1482.61         16 0.0000e+00
      18816 100.878700    783.000    777.122     4.9338     4.9328   3.327327   3.327018     1.6981     1.4646   -0.00582   -0.00766    -0.1117    95.9262 1.0000e-12 0.0000e+00 9.9999e+04      98.78    153.071     3.5209    149.240     3.4328    34.4532    34.4506    27.2566    27.2547    1482.64    1482.63         15 0.0000e+00
      18830 100.878708    784.000    778.112     4.9270     4.9263   3.326767   3.326434     1.6963     1.4627   -0.00500   -0.00645    -0.1139    95.9082 1.0000e-12 0.0000e+00 9.9999e+04      98.78    152.968     3.5185    148.913     3.4253    34.4532    34.4501    27.2574    27.2550    1482.63    1482.62         15 0.0000e+00
      18844 100.878716    785.000    779.105     4.9209     4.9201   3.326276   3.325961     1.6945     1.4610   -0.00405   -0.00558    -0.1119    95.9047 1.0000e-12 0.0000e+00 9.9999e+04      98.78    152.730     3.5131    148.869     3.4242    34.4533    34.4505    27.2582    27.2560    1482.62    1482.61         13 0.0000e+00
      18857 100.878723    786.000    780.094     4.9177     4.9170   3.326005   3.325691     1.6926     1.4599   -0.00314   -0.00467    -0.1144    95.8930 1.0000e-12 0.0000e+00 9.9999e+04      98.78    152.587     3.5098    148.862     3.4241    34.4530    34.4500    27.2583    27.2560    1482.62    1482.61         12 0.0000e+00
      18870 100.878731    787.000    781.098     4.9134     4.9126   3.325653   3.325336     1.6911     1.4585   -0.00262   -0.00398    -0.1140    95.8726 1.0000e-12 0.0000e+00 9.9999e+04      98.78    152.571     3.5094    149.011     3.4275    34.4528    34.4500    27.2586    27.2565    1482.62    1482.61         14 0.0000e+00
      18884 100.878738    788.000    782.089     4.9118     4.9109   3.325539   3.325225     1.6897     1.4574   -0.00276   -0.00349    -0.0929    95.8734 1.0000e-12 0.0000e+00 9.9999e+04      98.78    152.488     3.5075    151.157     3.4769    34.4527    34.4499    27.2587    27.2566    1482.63    1482.62         16 0.0000e+00
      18903 100.878746    789.000    783.076     4.9078     4.9070   3.325184   3.324859     1.6877     1.4611   -0.00283   -0.00315    -0.0887    95.8469 1.0000e-12 0.0000e+00 9.9999e+04      98.78    152.445     3.5065    150.826     3.4693    34.4522    34.4493    27.2588    27.2566    1482.63    1482.62         21 0.0000e+00
      18925 100.878754    790.000    784.057     4.9010     4.9003   3.324590   3.324279     1.6867     1.4567   -0.00245   -0.00313    -0.0867    95.8179 1.0000e-12 0.0000e+00 9.9999e+04      98.78    152.692     3.5122    148.306     3.4113    34.4518    34.4490    27.2593    27.2571    1482.62    1482.61         23 0.0000e+00
      18946 100.878769    791.000    785.051     4.8969     4.8963   3.324260   3.323954     1.6861     1.4565   -0.00088   -0.00252    -0.0920    95.7938 1.0000e-12 0.0000e+00 9.9999e+04      84.21    152.879     3.5165    149.620     3.4415    34.4518    34.4488    27.2597    27.2574    1482.62    1482.61         20 0.0000e+00
      18967 100.878777    792.000    786.036     4.8945     4.8938   3.324090   3.323792     1.6861     1.4554    0.00142   -0.00216    -0.1135    95.7785 1.0000e-12 0.0000e+00 9.9999e+04      92.38    152.822     3.5152    149.596     3.4410    34.4518    34.4491    27.2600    27.2579    1482.62    1482.62         20 0.0000e+00
      18985 100.878784    793.000    787.029     4.8938     4.8933   3.324068   3.323791     1.6853     1.4554   -0.00195   -0.00137    -0.1136    95.7360 1.0000e-12 0.0000e+00 9.9999e+04      98.68    152.650     3.5112    149.905     3.4481    34.4517    34.4490    27.2600    27.2580    1482.64    1482.63         18 0.0000e+00
      19002 100.878792    794.000    788.014     4.8916     4.8906   3.323914   3.323584     1.6850     1.4553   -0.00224   -0.00078    -0.1175    95.7128 1.0000e-12 0.0000e+00 9.9999e+04      98.78    152.778     3.5142    149.626     3.4416    34.4517    34.4490    27.2603    27.2582    1482.64    1482.64         16 0.0000e+00
      19017 100.878799    795.000    789.008     4.8909     4.8898   3.323897   3.323574     1.6850     1.4547   -0.00077   -0.00025    -0.1055    95.7107 1.0000e-12 0.0000e+00 9.9999e+04      98.78    152.778     3.5142    149.458     3.4378    34.4518    34.4491    27.2604    27.2585    1482.66    1482.65         14 0.0000e+00
      19031 100.878807    796.000    790.004     4.8906     4.8897   3.323928   3.323619     1.6845     1.4543   -0.00079   -0.00025    -0.0860    95.6834 1.0000e-12 0.0000e+00 9.9999e+04      98.78    152.625     3.5106    149.618     3.4415    34.4519    34.4493    27.2606    27.2586    1482.67    1482.67         14 0.0000e+00
      19046 100.878815    797.000    791.002     4.8899     4.8890   3.323940   3.323636     1.6841     1.4542   -0.00033   -0.00071    -0.1071    95.6598 1.0000e-12 0.0000e+00 9.9999e+04      98.78    152.538     3.5086    149.818     3.4461    34.4522    34.4496    27.2609    27.2590    1482.69    1482.68         15 0.0000e+00
      19062 100.878822    798.000    791.991     4.8892     4.8883   3.323931   3.323616     1.6834     1.4542   -0.00026   -0.00066    -0.1117    95.6405 1.0000e-12 0.0000e+00 9.9999e+04      98.78    152.424     3.5060    149.599     3.4410    34.4524    34.4497    27.2612    27.2591    1482.70    1482.69         18 0.0000e+00
      19081 100.878830    799.000    792.979     4.8882     4.8872   3.323915   3.323592     1.6827     1.4534   -0.00069   -0.00030    -0.1134    95.6166 1.0000e-12 0.0000e+00 9.9999e+04      98.78    152.269     3.5025    149.167     3.4311    34.4527    34.4500    27.2615    27.2595    1482.71    1482.71         20 0.0000e+00
      19101 100.878838    800.000    793.959     4.8774     4.8768   3.322951   3.322611     1.6814     1.4526   -0.00048   -0.00065    -0.1118    95.5935 1.0000e-12 0.0000e+00 9.9999e+04      98.78    152.288     3.5029    149.232     3.4326    34.4522    34.4489    27.2624    27.2598    1482.69    1482.68         19 0.0000e+00
      19119 100.878853    801.000    794.948     4.8682     4.8673   3.322129   3.321760     1.6813     1.4523   -0.00014   -0.00088    -0.1119    95.5684 1.0000e-12 0.0000e+00 9.9999e+04      98.78    152.474     3.5072    149.559     3.4401    34.4517    34.4484    27.2630    27.2604    1482.66    1482.66         16 0.0000e+00
      19134 100.878853    802.000    795.938     4.8631     4.8621   3.321657   3.321308     1.6806     1.4520   -0.00047   -0.00099    -0.1119    95.5442 1.0000e-12 0.0000e+00 9.9999e+04      98.78    152.542     3.5087    150.083     3.4522    34.4510    34.4480    27.2630    27.2607    1482.66    1482.65         14 0.0000e+00
      19147 100.878860    803.000    796.941     4.8599     4.8589   3.321406   3.321062     1.6810     1.4529   -0.00085   -0.00121    -0.1119    95.5209 1.0000e-12 0.0000e+00 9.9999e+04      98.78    152.767     3.5139    150.455     3.4607    34.4509    34.4479    27.2633    27.2611    1482.66    1482.65         14 0.0000e+00
      19161 100.878868    804.000    797.933     4.8585     4.8577   3.321316   3.321020     1.6812     1.4530   -0.00097   -0.00117    -0.1119    95.5128 1.0000e-12 0.0000e+00 9.9999e+04      98.78    152.770     3.5140    150.471     3.4611    34.4508    34.4482    27.2634    27.2614    1482.67    1482.67         14 0.0000e+00
      19176 100.878876    805.000    798.920     4.8587     4.8577   3.321389   3.321077     1.6811     1.4536   -0.00073   -0.00075    -0.1119    95.4892 1.0000e-12 0.0000e+00 9.9999e+04      98.78    152.677     3.5119    151.511     3.4850    34.4509    34.4483    27.2635    27.2615    1482.69    1482.68         16 0.0000e+00
      19192 100.878883    806.000    799.909     4.8585     4.8579   3.321405   3.321118     1.6811     1.4552   -0.00021   -0.00044    -0.1119    95.4636 1.0000e-12 0.0000e+00 9.9999e+04      98.78    152.612     3.5104    153.040     3.5202    34.4508    34.4482    27.2634    27.2614    1482.71    1482.70         16 0.0000e+00
      19209 100.878891    807.000    800.903     4.8580     4.8572   3.321411   3.321111     1.6805     1.4599    0.00054   -0.00004    -0.1154    95.4455 1.0000e-12 0.0000e+00 9.9999e+04      98.78    152.684     3.5120    150.757     3.4677    34.4509    34.4482    27.2636    27.2615    1482.72    1482.71         17 0.0000e+00
      19226 100.878899    808.000    801.890     4.8578     4.8571   3.321444   3.321152     1.6811     1.4541    0.00071    0.00030    -0.1137    95.4161 1.0000e-12 0.0000e+00 9.9999e+04      98.78    152.948     3.5181    147.619     3.3955    34.4509    34.4483    27.2636    27.2616    1482.74    1482.73         17 0.0000e+00
      19244 100.878906    809.000    802.886     4.8524     4.8517   3.320986   3.320654     1.6813     1.4536    0.00137   -0.00008    -0.1183    95.3988 1.0000e-12 0.0000e+00 9.9999e+04      65.08    152.830     3.5154    150.204     3.4550    34.4508    34.4477    27.2641    27.2617    1482.73    1482.72         19 0.0000e+00
      19263 100.878922    810.000    803.870     4.8383     4.8380   3.319736   3.319442     1.6808     1.4549    0.00371   -0.00035    -0.0908    95.3812 1.0000e-12 0.0000e+00 9.9999e+04      53.00    152.860     3.5161    150.827     3.4693    34.4503    34.4472    27.2654    27.2629    1482.69    1482.68         20 0.0000e+00
      19283 100.878929    811.000    804.862     4.8352     4.8343   3.319492   3.319168     1.6812     1.4542   -0.00118    0.00006    -0.1164    95.3524 1.0000e-12 0.0000e+00 9.9999e+04      98.25    153.105     3.5217    150.129     3.4533    34.4502    34.4474    27.2656    27.2635    1482.69    1482.69         19 0.0000e+00
      19302 100.878937    812.000    805.848     4.8314     4.8311   3.319183   3.318902     1.6816     1.4543   -0.00320    0.00043    -0.1167    95.3405 1.0000e-12 0.0000e+00 9.9999e+04      95.10    153.301     3.5262    150.592     3.4639    34.4500    34.4472    27.2659    27.2636    1482.69    1482.69         19 0.0000e+00
      19320 100.878944    813.000    806.843     4.8270     4.8255   3.318808   3.318431     1.6824     1.4546    0.00057   -0.00019    -0.1018    95.3124 1.0000e-12 0.0000e+00 9.9999e+04      91.28    153.436     3.5293    150.860     3.4701    34.4498    34.4469    27.2662    27.2641    1482.69    1482.68         18 0.0000e+00
      19338 100.878952    814.000    807.826     4.8232     4.8228   3.318506   3.318230     1.6826     1.4549    0.00045    0.00003    -0.0922    95.2985 1.0000e-12 0.0000e+00 9.9999e+04      98.73    153.318     3.5266    150.575     3.4635    34.4497    34.4470    27.2666    27.2644    1482.69    1482.69         17 0.0000e+00
      19354 100.878960    815.000    808.819     4.8210     4.8197   3.318337   3.317957     1.6825     1.4545   -0.00046    0.00039    -0.0923    95.2832 1.0000e-12 0.0000e+00 9.9999e+04      98.78    153.416     3.5289    150.449     3.4606    34.4495    34.4465    27.2667    27.2644    1482.70    1482.69         14 0.0000e+00
      19368 100.878967    816.000    809.803     4.8191     4.8182   3.318208   3.317886     1.6832     1.4547   -0.00004    0.00064    -0.0967    95.2693 1.0000e-12 0.0000e+00 9.9999e+04      98.78    153.551     3.5320    150.891     3.4708    34.4494    34.4467    27.2668    27.2647    1482.71    1482.70         14 0.0000e+00
      19381 100.878975    817.000    810.808     4.8180     4.8172   3.318149   3.317833     1.6834     1.4550    0.00037    0.00081    -0.1138    95.2509 1.0000e-12 0.0000e+00 9.9999e+04      98.78    153.557     3.5321    151.077     3.4751    34.4494    34.4466    27.2670    27.2648    1482.72    1482.71         13 0.0000e+00
      19393 100.878983    818.000    811.796     4.8158     4.8150   3.317978   3.317657     1.6832     1.4552    0.00051    0.00072    -0.1144    95.2329 1.0000e-12 0.0000e+00 9.9999e+04      98.78    153.527     3.5314    151.026     3.4739    34.4492    34.4463    27.2671    27.2649    1482.73    1482.72         12 0.0000e+00
      19407 100.878990    819.000    812.792     4.8104     4.8098   3.317522   3.317212     1.6837     1.4553    0.00003    0.00023    -0.1162    95.2179 1.0000e-12 0.0000e+00 9.9999e+04      98.78    153.647     3.5342    151.030     3.4740    34.4490    34.4460    27.2675    27.2652    1482.72    1482.72         14 0.0000e+00
      19421 100.878998    820.000    813.783     4.8068     4.8062   3.317241   3.316949     1.6837     1.4554   -0.00022    0.00031    -0.0836    95.2121 1.0000e-12 0.0000e+00 9.9999e+04      98.78    153.622     3.5336    151.453     3.4837    34.4489    34.4462    27.2679    27.2657    1482.72    1482.72         15 0.0000e+00
      19437 100.879005    821.000    814.772     4.8062     4.8055   3.317226   3.316925     1.6838     1.4565    0.00027    0.00049    -0.0830    95.1891 1.0000e-12 0.0000e+00 9.9999e+04      98.78    153.635     3.5339    151.653     3.4883    34.4489    34.4462    27.2679    27.2658    1482.74    1482.73         18 0.0000e+00
      19456 100.879013    822.000    815.760     4.8057     4.8044   3.317223   3.316871     1.6838     1.4567    0.00047    0.00033    -0.0904    95.1776 1.0000e-12 0.0000e+00 9.9999e+04      98.78    153.800     3.5377    151.534     3.4856    34.4489    34.4462    27.2679    27.2659    1482.75    1482.74         20 0.0000e+00
