data/CTD/abra2/abra2003.cnv
* Sea-Bird SBE 9 Data File:
* FileName = C:\SEASOFT\ABRACOS2\data\abra2003.hex
* Software Version Seasave V 7.26.1.8
* Temperature SN = 6083
* Conductivity SN = 4355
* Number of Bytes Per Scan = 48
* Number of Voltage Words = 5
* Number of Scans Averaged by the Deck Unit = 1
* NMEA Latitude = 09 24.16 S
* NMEA Longitude = 035 23.65 W
* NMEA UTC (Time) = Apr 10 2017 09:52:20
** Cruise: ABRACOS2
** Ship: ANTEA
** Station: 3
** Bottom Depth: 22
** Pressure frequency switch pos 2 before station:
** Pressure frequency switch pos 2 after station:
** Operator: JG
** Comments:
# nquan = 30
# nvalues = 35                          
# units = specified
# name 0 = scan: Scan Count
# name 1 = timeJ: Julian Days
# name 2 = prDM: Pressure, Digiquartz [db]
# name 3 = depSM: Depth [salt water, m]
# name 4 = t090C: Temperature [ITS-90, deg C]
# name 5 = t190C: Temperature, 2 [ITS-90, deg C]
# name 6 = c0S/m: Conductivity [S/m]
# name 7 = c1S/m: Conductivity, 2 [S/m]
# name 8 = sbeox0V: Oxygen raw, SBE 43 [V]
# name 9 = sbeox1V: Oxygen raw, SBE 43, 2 [V]
# name 10 = sbeox1dOV/dT: Oxygen, SBE 43, 2 [dov/dt]
# name 11 = sbeox0dOV/dT: Oxygen, SBE 43 [dov/dt]
# name 12 = flECO-AFL: Fluorescence, WET Labs ECO-AFL/FL [mg/m^3]
# name 13 = CStarTr0: Beam Transmission, WET Labs C-Star [%]
# name 14 = par: PAR/Irradiance, Biospherical/Licor
# name 15 = spar: SPAR/Surface Irradiance
# name 16 = cpar: CPAR/Corrected Irradiance [%]
# name 17 = altM: Altimeter [m]
# name 18 = sbeox0Mm/Kg: Oxygen, SBE 43 [umol/kg], WS = 2
# name 19 = sbeox0ML/L: Oxygen, SBE 43 [ml/l], WS = 2
# name 20 = sbeox1Mm/Kg: Oxygen, SBE 43, 2 [umol/kg], WS = 2
# name 21 = sbeox1ML/L: Oxygen, SBE 43, 2 [ml/l], WS = 2
# name 22 = sal00: Salinity, Practical [PSU]
# name 23 = sal11: Salinity, Practical, 2 [PSU]
# name 24 = sigma-é00: Density [sigma-theta, kg/m^3]
# name 25 = sigma-é11: Density, 2 [sigma-theta, kg/m^3]
# name 26 = svCM: Sound Velocity [Chen-Millero, m/s]
# name 27 = svCM1: Sound Velocity, 2 [Chen-Millero, m/s]
# name 28 = nbin: number of scans per bin
# name 29 = flag: flag
# span 0 =       1238,       5409       
# span 1 = 100.411951, 100.413962       
# span 2 =      2.000,     19.000       
# span 3 =      1.984,     18.898       
# span 4 =    29.2807,    29.2927       
# span 5 =    29.2791,    29.2900       
# span 6 =   6.130851,   6.132700       
# span 7 =   6.130167,   6.132002       
# span 8 =     2.9976,     3.0158       
# span 9 =     2.4273,     2.4459       
# span 10 =   -0.00773,    0.00348      
# span 11 =   -0.00486,    0.00374      
# span 12 =     1.3668,     1.7160      
# span 13 =    87.8430,    88.5284      
# span 14 = 1.1019e-01, 4.9244e-01      
# span 15 = 4.5854e+02, 6.9935e+02      
# span 16 = 2.3551e-02, 6.9633e-02      
# span 17 =       0.77,      19.67      
# span 18 =    184.483,    185.857      
# span 19 =     4.2295,     4.2610      
# span 20 =    155.087,    156.672      
# span 21 =     3.5556,     3.5919      
# span 22 =    37.5613,    37.5629      
# span 23 =    37.5581,    37.5593      
# span 24 =    23.8898,    23.8951      
# span 25 =    23.8885,    23.8930      
# span 26 =    1546.82,    1547.12      
# span 27 =    1546.81,    1547.12      
# span 28 =         15,         92      
# span 29 = 0.0000e+00, 0.0000e+00      
# interval = decibars: 1                
# start_time = Apr 10 2017 09:52:21 [System UTC, first data scan.]
# bad_flag = -9.990e-29
*END*
       1238 100.411949      2.000      1.986    29.2807    29.2791   6.130851   6.130167     3.0114     2.4428    0.00078   -0.00010     1.4832    88.1179 2.3536e-01 4.6349e+02 5.0622e-02      19.67    185.482     4.2524    156.425     3.5863    37.5628    37.5593    23.8951    23.8930    1546.82    1546.81         57 0.0000e+00
       1852 100.412247      3.000      2.984    29.2854    29.2842   6.131446   6.130763     3.0095     2.4440    0.00255    0.00215     1.5527    88.2047 1.9992e-01 4.6995e+02 4.2536e-02       0.85    185.132     4.2444    156.443     3.5867    37.5629    37.5591    23.8936    23.8912    1546.85    1546.84         30 0.0000e+00
       1885 100.412262      4.000      3.977    29.2871    29.2860   6.131664   6.131004     3.0045     2.4395    0.00024   -0.00218     1.6840    88.0021 1.2669e-01 4.6896e+02 2.7012e-02       0.86    184.891     4.2389    155.530     3.5657    37.5628    37.5591    23.8931    23.8907    1546.87    1546.86         35 0.0000e+00
       1915 100.412277      5.000      4.956    29.2876    29.2874   6.131775   6.131183     3.0034     2.4308    0.00064   -0.00276     1.5880    88.0090 1.1019e-01 4.6792e+02 2.3551e-02      17.34    184.890     4.2389    155.087     3.5556    37.5629    37.5590    23.8930    23.8901    1546.88    1546.88         22 0.0000e+00
       1933 100.412285      6.000      5.963    29.2885    29.2867   6.131908   6.131182     3.0024     2.4305   -0.00129   -0.00486     1.5193    88.2419 1.2651e-01 4.7044e+02 2.6891e-02      17.51    184.915     4.2394    155.225     3.5587    37.5628    37.5591    23.8927    23.8906    1546.90    1546.90         16 0.0000e+00
       1948 100.412292      7.000      6.954    29.2890    29.2874   6.132023   6.131306     3.0044     2.4273   -0.00511   -0.00281     1.4319    88.0301 1.2289e-01 4.7250e+02 2.6010e-02      16.77    185.071     4.2430    155.235     3.5590    37.5629    37.5592    23.8927    23.8905    1546.92    1546.91         15 0.0000e+00
       1963 100.412300      8.000      7.956    29.2898    29.2887   6.132150   6.131474     3.0031     2.4307   -0.00773   -0.00106     1.4045    87.9864 1.1617e-01 4.7263e+02 2.4580e-02      15.90    184.987     4.2411    155.819     3.5724    37.5628    37.5590    23.8925    23.8899    1546.94    1546.93         15 0.0000e+00
       1978 100.412308      9.000      8.961    29.2902    29.2893   6.132239   6.131567     3.0038     2.4332   -0.00549   -0.00067     1.3668    87.9769 1.2583e-01 4.7313e+02 2.6595e-02      14.93    185.098     4.2436    155.849     3.5730    37.5628    37.5589    23.8924    23.8898    1546.96    1546.95         15 0.0000e+00
       1995 100.412315     10.000      9.949    29.2906    29.2893   6.132320   6.131641     3.0049     2.4324   -0.00250   -0.00047     1.4527    87.8430 1.5698e-01 4.5854e+02 3.6177e-02      13.79    185.001     4.2414    155.589     3.5671    37.5627    37.5590    23.8923    23.8900    1546.97    1546.97         20 0.0000e+00
       2016 100.412323     11.000     10.935    29.2901    29.2890   6.132311   6.131659     2.9989     2.4326   -0.00019    0.00071     1.5473    88.3715 2.0884e-01 4.6639e+02 4.4706e-02      12.60    184.483     4.2295    155.871     3.5735    37.5628    37.5591    23.8926    23.8902    1546.99    1546.98         21 0.0000e+00
       2037 100.412338     12.000     11.933    29.2896    29.2884   6.132284   6.131598     2.9976     2.4351    0.00348    0.00042     1.5118    88.0699 2.3096e-01 4.6782e+02 4.9369e-02      11.52    184.709     4.2347    156.091     3.5786    37.5627    37.5589    23.8928    23.8903    1547.01    1547.00         21 0.0000e+00
       2057 100.412346     13.000     12.923    29.2896    29.2884   6.132337   6.131626     3.0001     2.4365    0.00006   -0.00002     1.4602    87.9792 2.1962e-01 4.7110e+02 4.6623e-02      10.48    184.975     4.2408    155.974     3.5759    37.5627    37.5588    23.8929    23.8903    1547.02    1547.02         19 0.0000e+00
       2076 100.412354     14.000     13.926    29.2901    29.2886   6.132409   6.131695     3.0018     2.4341    0.00033   -0.00483     1.4497    88.2461 1.9400e-01 4.7470e+02 4.0875e-02       9.46    185.210     4.2462    155.852     3.5731    37.5625    37.5588    23.8927    23.8903    1547.04    1547.03         20 0.0000e+00
       2100 100.412369     15.000     14.922    29.2898    29.2884   6.132407   6.131704     3.0051     2.4354    0.00234   -0.00100     1.5241    88.1863 1.7097e-01 4.7761e+02 3.5797e-02       8.37    185.298     4.2482    155.934     3.5750    37.5624    37.5587    23.8927    23.8904    1547.06    1547.05         29 0.0000e+00
       2156 100.412392     16.000     15.911    29.2899    29.2887   6.132473   6.131783     3.0036     2.4387   -0.00032    0.00164     1.5448    88.2645 1.7322e-01 4.6999e+02 3.6862e-02       7.24    185.168     4.2452    156.428     3.5863    37.5625    37.5587    23.8928    23.8904    1547.07    1547.07         79 0.0000e+00
       2213 100.412422     17.000     16.899    29.2914    29.2899   6.132698   6.131997     3.0036     2.4360    0.00307   -0.00076     1.7160    88.2347 1.7554e-01 4.7670e+02 3.6839e-02       6.44    185.189     4.2457    155.770     3.5712    37.5626    37.5589    23.8925    23.8902    1547.09    1547.09         35 0.0000e+00
       2245 100.412437     18.000     17.902    29.2906    29.2897   6.132646   6.131982     3.0003     2.4378    0.00151    0.00032     1.6754    88.1286 1.4516e-01 4.6655e+02 3.1332e-02       5.47    184.794     4.2367    156.489     3.5877    37.5625    37.5587    23.8928    23.8902    1547.11    1547.10         32 0.0000e+00
       2441 100.412529     19.000     18.898    29.2901    29.2890   6.132606   6.131947     2.9979     2.4368   -0.00415    0.00208     1.5724    88.3816 1.1882e-01 4.8668e+02 2.4229e-02       3.90    184.886     4.2388    156.186     3.5808    37.5623    37.5587    23.8929    23.8905    1547.12    1547.12         75 0.0000e+00
       3354 100.412971     18.000     17.892    29.2911    29.2897   6.132700   6.132002     3.0045     2.4366    0.00139   -0.00120     1.4906    88.3428 1.5751e-01 4.8794e+02 3.2189e-02       4.64    185.310     4.2485    156.093     3.5787    37.5626    37.5588    23.8927    23.8903    1547.11    1547.10         92 0.0000e+00
       4850 100.413696     17.000     16.903    29.2903    29.2890   6.132584   6.131911     2.9992     2.4390   -0.00117    0.00113     1.4070    88.3341 2.0176e-01 5.2721e+02 3.8274e-02       5.40    184.806     4.2369    156.459     3.5870    37.5627    37.5590    23.8930    23.8907    1547.09    1547.09         34 0.0000e+00
       4881 100.413704     16.000     15.912    29.2902    29.2888   6.132510   6.131840     3.0036     2.4388   -0.00042    0.00042     1.5298    87.9799 2.4199e-01 5.1250e+02 4.8343e-02       6.54    185.386     4.2502    156.184     3.5807    37.5625    37.5590    23.8928    23.8906    1547.07    1547.07         34 0.0000e+00
       4911 100.413719     15.000     14.915    29.2899    29.2885   6.132432   6.131750     3.0048     2.4398    0.00170   -0.00286     1.5527    88.5284 2.7668e-01 5.3044e+02 5.2157e-02       7.50    185.246     4.2470    156.385     3.5853    37.5625    37.5589    23.8928    23.8906    1547.06    1547.05         28 0.0000e+00
       4939 100.413734     14.000     13.918    29.2897    29.2884   6.132363   6.131702     3.0040     2.4384   -0.00078    0.00374     1.4833    88.1813 3.1980e-01 5.3613e+02 5.9642e-02       8.35    185.132     4.2444    156.246     3.5821    37.5625    37.5589    23.8928    23.8905    1547.04    1547.03         29 0.0000e+00
       4973 100.413750     13.000     12.926    29.2896    29.2883   6.132301   6.131639     3.0053     2.4410    0.00044    0.00074     1.6799    88.3869 3.4104e-01 5.4056e+02 6.3090e-02       9.16    185.306     4.2484    156.454     3.5869    37.5625    37.5590    23.8927    23.8905    1547.02    1547.02         38 0.0000e+00
       5009 100.413773     12.000     11.936    29.2894    29.2883   6.132233   6.131575     3.0058     2.4395   -0.00003   -0.00098     1.5429    88.3767 3.0839e-01 5.3632e+02 5.7501e-02       9.90    185.281     4.2478    156.136     3.5796    37.5625    37.5588    23.8927    23.8903    1547.01    1547.00         31 0.0000e+00
       5036 100.413780     11.000     10.939    29.2892    29.2878   6.132141   6.131487     3.0058     2.4388    0.00143    0.00160     1.5548    88.2659 2.8977e-01 5.4614e+02 5.3060e-02      10.75    185.271     4.2476    156.196     3.5810    37.5623    37.5588    23.8925    23.8904    1546.99    1546.98         25 0.0000e+00
       5061 100.413795     10.000      9.941    29.2887    29.2875   6.132049   6.131433     3.0081     2.4382   -0.00075    0.00025     1.5210    88.2417 3.1375e-01 5.6955e+02 5.5081e-02      11.80    185.542     4.2538    156.012     3.5768    37.5624    37.5590    23.8927    23.8906    1546.97    1546.96         25 0.0000e+00
       5091 100.413811      9.000      8.945    29.2888    29.2874   6.132020   6.131356     3.0093     2.4376   -0.00067    0.00021     1.4918    88.1250 3.3018e-01 5.7315e+02 5.7615e-02      13.19    185.447     4.2516    156.073     3.5782    37.5624    37.5589    23.8926    23.8904    1546.95    1546.95         38 0.0000e+00
       5138 100.413834      8.000      7.956    29.2891    29.2879   6.131963   6.131323     3.0093     2.4387   -0.00076    0.00180     1.5991    88.5101 2.4705e-01 5.5494e+02 4.4679e-02      14.38    185.493     4.2527    156.234     3.5819    37.5621    37.5586    23.8922    23.8899    1546.94    1546.93         49 0.0000e+00
       5180 100.413849      7.000      6.960    29.2874    29.2869   6.131752   6.131140     3.0118     2.4431    0.00063   -0.00031     1.4722    88.3279 1.8602e-01 5.8988e+02 3.1551e-02      14.92    185.642     4.2561    156.599     3.5902    37.5623    37.5584    23.8928    23.8901    1546.92    1546.91         39 0.0000e+00
       5221 100.413872      6.000      5.963    29.2854    29.2840   6.131485   6.130810     3.0114     2.4436    0.00217    0.00133     1.4240    88.2941 2.0695e-01 5.8829e+02 3.5180e-02      15.78    185.575     4.2546    156.616     3.5906    37.5623    37.5587    23.8934    23.8912    1546.90    1546.89         45 0.0000e+00
       5282 100.413902      5.000      4.977    29.2878    29.2857   6.131674   6.130956     3.0142     2.4452    0.00062   -0.00026     1.3743    88.3296 2.3326e-01 6.1873e+02 3.7790e-02      17.11    185.778     4.2592    156.590     3.5900    37.5620    37.5587    23.8923    23.8905    1546.88    1546.88         62 0.0000e+00
       5321 100.413918      4.000      3.977    29.2878    29.2858   6.131595   6.130865     3.0128     2.4459    0.00034    0.00182     1.4386    88.1854 2.6268e-01 6.2013e+02 4.2408e-02       7.08    185.641     4.2561    156.672     3.5919    37.5618    37.5583    23.8920    23.8901    1546.87    1546.86         28 0.0000e+00
       5352 100.413933      3.000      2.983    29.2914    29.2900   6.131906   6.131278     3.0158     2.4445    0.00002    0.00045     1.3763    88.3972 3.7719e-01 5.9860e+02 6.3163e-02       0.77    185.857     4.2610    156.382     3.5853    37.5614    37.5582    23.8904    23.8885    1546.86    1546.85         34 0.0000e+00
       5409 100.413963      2.000      1.984    29.2927    29.2884   6.131985   6.131045     3.0132     2.4420    0.00040    0.00052     1.4252    88.3352 4.9244e-01 6.9935e+02 6.9633e-02       1.37    185.553     4.2540    156.158     3.5801    37.5613    37.5581    23.8898    23.8889    1546.84    1546.83         67 0.0000e+00
