data/CTD/abra2/abra2006.cnv
* Sea-Bird SBE 9 Data File:
* FileName = C:\SEASOFT\ABRACOS2\data\abra2006.hex
* Software Version Seasave V 7.26.1.8
* Temperature SN = 6083
* Conductivity SN = 4355
* Number of Bytes Per Scan = 48
* Number of Voltage Words = 5
* Number of Scans Averaged by the Deck Unit = 1
* NMEA Latitude = 08 51.58 S
* NMEA Longitude = 034 35.29 W
* NMEA UTC (Time) = Apr 11 2017 09:56:57
** Cruise: ABRACOS2
** Ship: ANTEA
** Station: 6
** Bottom Depth: 2080
** Pressure frequency switch pos 2 before station:
** Pressure frequency switch pos 2 after station:
** Operator: JG/GA
** Comments:
# nquan = 30
# nvalues = 2017                        
# units = specified
# name 0 = scan: Scan Count
# name 1 = timeJ: Julian Days
# name 2 = prDM: Pressure, Digiquartz [db]
# name 3 = depSM: Depth [salt water, m]
# name 4 = t090C: Temperature [ITS-90, deg C]
# name 5 = t190C: Temperature, 2 [ITS-90, deg C]
# name 6 = c0S/m: Conductivity [S/m]
# name 7 = c1S/m: Conductivity, 2 [S/m]
# name 8 = sbeox0V: Oxygen raw, SBE 43 [V]
# name 9 = sbeox1V: Oxygen raw, SBE 43, 2 [V]
# name 10 = sbox1dV/dT: Oxygen, SBE 43, 2 [dov/dt]
# name 11 = sbox0dV/dT: Oxygen, SBE 43 [dov/dt]
# name 12 = flECO-AFL: Fluorescence, WET Labs ECO-AFL/FL [mg/m^3]
# name 13 = CStarTr0: Beam Transmission, WET Labs C-Star [%]
# name 14 = par: PAR/Irradiance, Biospherical/Licor
# name 15 = spar: SPAR/Surface Irradiance
# name 16 = cpar: CPAR/Corrected Irradiance [%]
# name 17 = altM: Altimeter [m]
# name 18 = sbox0Mm/Kg: Oxygen, SBE 43 [umol/kg], WS = 2
# name 19 = sbeox0ML/L: Oxygen, SBE 43 [ml/l], WS = 2
# name 20 = sbox1Mm/Kg: Oxygen, SBE 43, 2 [umol/kg], WS = 2
# name 21 = sbeox1ML/L: Oxygen, SBE 43, 2 [ml/l], WS = 2
# name 22 = sal00: Salinity, Practical [PSU]
# name 23 = sal11: Salinity, Practical, 2 [PSU]
# name 24 = sigma-é00: Density [sigma-theta, kg/m^3]
# name 25 = sigma-é11: Density, 2 [sigma-theta, kg/m^3]
# name 26 = svCM: Sound Velocity [Chen-Millero, m/s]
# name 27 = svCM1: Sound Velocity, 2 [Chen-Millero, m/s]
# name 28 = nbin: number of scans per bin
# name 29 = flag: flag
# span 0 =        739,      62832       
# span 1 = 101.414905, 101.444849       
# span 2 =      2.000,   1010.000       
# span 3 =      1.978,   1001.876       
# span 4 =     4.0724,    28.6889       
# span 5 =     4.0709,    28.6876       
# span 6 =   3.263404,   6.054942       
# span 7 =   3.263112,   6.054293       
# span 8 =     1.6541,     3.1149       
# span 9 =     1.4342,     2.6456       
# span 10 =   -0.03934,    0.03474      
# span 11 =   -0.04911,    0.03556      
# span 12 =    -0.1432,     0.6967      
# span 13 =    87.3218,    98.3965      
# span 14 = 1.0000e-12, 1.3831e+00      
# span 15 = 2.2551e+02, 1.9507e+03      
# span 16 = -1.079e+01, 5.8764e+04      
# span 17 =       0.77,     100.47      
# span 18 =    135.869,    202.230      
# span 19 =     3.1241,     4.6400      
# span 20 =    129.818,    198.560      
# span 21 =     2.9850,     4.5558      
# span 22 =    34.3980,    37.5670      
# span 23 =    34.3960,    37.5635      
# span 24 =    23.7944,    27.4071      
# span 25 =    23.7915,    27.4057      
# span 26 =    1481.89,    1546.22      
# span 27 =    1481.89,    1546.21      
# span 28 =         12,        131      
# span 29 = 0.0000e+00, 0.0000e+00      
# interval = decibars: 1                
# start_time = Apr 11 2017 09:56:57 [System UTC, first data scan.]
# bad_flag = -9.990e-29
*END*
[from data line 194]
       6730 101.417793    196.000    194.806    17.0805    17.0804   4.604243   4.603704     2.5350     2.1589   -0.00142   -0.00037    -0.1119    98.3744 1.0000e-12 9.3341e+02 -9.990e-29      98.75    186.722     4.2903    185.704     4.2669    35.8526    35.8480    26.1575    26.1539    1517.30    1517.30         25 0.0000e+00
       6755 101.417809    197.000    195.802    17.0122    17.0158   4.596024   4.595726     2.5320     2.1587    0.00068   -0.00080    -0.1119    98.3965 1.0000e-12 4.5831e+02 -9.990e-29      98.75    186.997     4.2967    186.020     4.2742    35.8412    35.8354    26.1650    26.1597    1517.10    1517.11         25 0.0000e+00
       6781 101.417816    198.000    196.793    16.9435    16.9436   4.587703   4.587094     2.5311     2.1582   -0.00086   -0.00410    -0.1369    98.3923 1.0000e-12 9.8101e+02 -9.990e-29      98.75    187.325     4.3042    186.087     4.2758    35.8291    35.8237    26.1722    26.1680    1516.90    1516.89         26 0.0000e+00
       6806 101.417831    199.000    197.784    16.8961    16.8963   4.581908   4.581410     2.5301     2.1572   -0.00031   -0.00398    -0.1154    98.3953 1.0000e-12 9.7122e+02 1.0314e-13      98.75    187.325     4.3043    186.005     4.2739    35.8201    35.8156    26.1766    26.1731    1516.76    1516.76         23 0.0000e+00
       6828 101.417839    200.000    198.778    16.8555    16.8571   4.576978   4.576672     2.5282     2.1553   -0.00019   -0.00181    -0.1119    98.3838 1.0000e-12 9.6277e+02 1.0387e-13      98.75    187.195     4.3013    185.840     4.2702    35.8127    35.8086    26.1806    26.1770    1516.65    1516.65         22 0.0000e+00
       6848 101.417854    201.000    199.771    16.8405    16.8407   4.575261   4.574837     2.5260     2.1536   -0.00075   -0.00071    -0.1119    98.3947 1.0000e-12 9.5962e+02 1.0421e-13      98.75    187.002     4.2969    185.626     4.2652    35.8106    35.8067    26.1825    26.1796    1516.62    1516.61         20 0.0000e+00
       6868 101.417862    202.000    200.769    16.8205    16.8209   4.572971   4.572523     2.5232     2.1516   -0.00125   -0.00101    -0.1119    98.3840 1.0000e-12 9.6369e+02 1.0377e-13      98.75    186.841     4.2932    185.803     4.2693    35.8079    35.8036    26.1853    26.1819    1516.57    1516.57         20 0.0000e+00
       6890 101.417870    203.000    201.764    16.7917    16.7914   4.569684   4.569211     2.5210     2.1515   -0.00179   -0.00206    -0.1119    98.3884 1.0000e-12 9.7099e+02 1.0305e-13      98.75    186.853     4.2935    186.559     4.2867    35.8043    35.8005    26.1894    26.1865    1516.50    1516.49         24 0.0000e+00
       6916 101.417885    204.000    202.753    16.7911    16.7897   4.569674   4.569164     2.5189     2.1544   -0.00232   -0.00287    -0.1119    98.3915 1.0000e-12 9.8223e+02 -9.990e-29      98.75    186.720     4.2904    186.693     4.2898    35.8044    35.8011    26.1896    26.1874    1516.51    1516.50         27 0.0000e+00
       6942 101.417892    205.000    203.746    16.7793    16.7785   4.568316   4.567827     2.5172     2.1521   -0.00094   -0.00283    -0.1119    98.3899 1.0000e-12 9.8992e+02 -9.990e-29      98.75    186.676     4.2894    185.896     4.2715    35.8026    35.7990    26.1911    26.1885    1516.49    1516.48         25 0.0000e+00
       6965 101.417908    206.000    204.738    16.7565    16.7561   4.565558   4.565094     2.5161     2.1514    0.00166   -0.00202    -0.1379    98.3937 1.0000e-12 9.8705e+02 -9.990e-29      98.75    186.785     4.2919    186.237     4.2793    35.7983    35.7946    26.1932    26.1905    1516.43    1516.43         21 0.0000e+00
       6986 101.417915    207.000    205.734    16.7342    16.7374   4.562876   4.562822     2.5161     2.1505    0.00093   -0.00183    -0.1191    98.3858 1.0000e-12 3.2306e+02 -9.990e-29      98.75    186.901     4.2946    185.804     4.2694    35.7942    35.7909    26.1953    26.1921    1516.38    1516.38         21 0.0000e+00
       7009 101.417931    208.000    206.733    16.6704    16.6728   4.555097   4.554645     2.5153     2.1469   -0.00189   -0.00149    -0.1339    98.3943 1.0000e-12 9.4940e+02 1.0325e-13      98.75    187.033     4.2977    185.368     4.2594    35.7823    35.7761    26.2013    26.1960    1516.19    1516.19         26 0.0000e+00
       7040 101.417946    209.000    207.721    16.5734    16.5739   4.543456   4.543047     2.5143     2.1448   -0.00098   -0.00056    -0.1234    98.3828 1.0000e-12 9.7305e+02 1.0276e-13      98.75    187.345     4.3049    186.353     4.2821    35.7659    35.7619    26.2116    26.2083    1515.89    1515.89         35 0.0000e+00
       7071 101.417961    210.000    208.706    16.5513    16.5502   4.540768   4.540245     2.5136     2.1444   -0.00356   -0.00067    -0.1309    98.3839 1.0000e-12 9.8467e+02 1.0156e-13      98.75    187.202     4.3016    186.026     4.2746    35.7616    35.7579    26.2135    26.2108    1515.84    1515.83         26 0.0000e+00
       7095 101.417969    211.000    209.708    16.5081    16.5088   4.535471   4.534986     2.5110     2.1421   -0.00189   -0.00085    -0.1120    98.3868 1.0000e-12 9.9191e+02 1.0082e-13      98.75    187.262     4.3030    185.918     4.2721    35.7530    35.7481    26.2170    26.2131    1515.71    1515.71         23 0.0000e+00
       7118 101.417984    212.000    210.705    16.4194    16.4205   4.524868   4.524354     2.5116     2.1410    0.00025   -0.00034    -0.1119    98.3750 1.0000e-12 9.9348e+02 1.0066e-13      98.75    187.831     4.3161    186.085     4.2760    35.7382    35.7326    26.2264    26.2218    1515.44    1515.44         23 0.0000e+00
       7142 101.417992    213.000    211.691    16.3724    16.3723   4.519241   4.518744     2.5116     2.1378   -0.00169   -0.00183    -0.1268    98.3654 1.0000e-12 9.9331e+02 1.0067e-13      98.75    187.905     4.3178    185.625     4.2654    35.7300    35.7256    26.2311    26.2277    1515.31    1515.30         25 0.0000e+00
       7166 101.418007    214.000    212.686    16.3404    16.3400   4.515394   4.514872     2.5103     2.1352   -0.00184   -0.00109    -0.1285    98.3763 1.0000e-12 9.8963e+02 1.0105e-13      98.75    187.683     4.3127    186.002     4.2741    35.7241    35.7199    26.2340    26.2308    1515.22    1515.21         22 0.0000e+00
       7186 101.418015    215.000    213.676    16.3141    16.3140   4.512209   4.511734     2.5077     2.1355   -0.00174    0.00046    -0.1119    98.3670 1.0000e-12 9.8323e+02 1.0171e-13      98.75    187.527     4.3092    186.368     4.2825    35.7190    35.7149    26.2363    26.2331    1515.15    1515.15         19 0.0000e+00
       7205 101.418022    216.000    214.677    16.2898    16.2908   4.509314   4.508994     2.5061     2.1347   -0.00305   -0.00007    -0.1119    98.3685 1.0000e-12 3.9891e+02 1.0181e-13      98.75    187.508     4.3087    186.133     4.2771    35.7147    35.7110    26.2386    26.2355    1515.09    1515.09         19 0.0000e+00
       7225 101.418030    217.000    215.670    16.2656    16.2662   4.506370   4.506015     2.5038     2.1332   -0.00249   -0.00134    -0.1133    98.3687 1.0000e-12 8.4789e+02 -9.990e-29      98.75    187.431     4.3070    186.062     4.2755    35.7099    35.7062    26.2406    26.2376    1515.03    1515.02         21 0.0000e+00
       7248 101.418045    218.000    216.666    16.2396    16.2395   4.503166   4.502684     2.5022     2.1329   -0.00044   -0.00259    -0.1383    98.3512 1.0000e-12 9.9684e+02 -9.990e-29      98.75    187.468     4.3078    186.308     4.2812    35.7044    35.7001    26.2424    26.2391    1514.96    1514.95         26 0.0000e+00
       7276 101.418060    219.000    217.652    16.1868    16.1863   4.496666   4.496037     2.5002     2.1303   -0.00114   -0.00239    -0.1117    98.3462 1.0000e-12 1.0082e+03 -9.990e-29      98.75    187.540     4.3095    185.180     4.2553    35.6935    35.6884    26.2462    26.2424    1514.80    1514.79         28 0.0000e+00
       7302 101.418068    220.000    218.648    16.0892    16.0916   4.485375   4.484951     2.4999     2.1230   -0.00103   -0.00205    -0.1242    98.3515 1.0000e-12 9.9251e+02 1.0132e-13      98.75    188.017     4.3205    184.451     4.2385    35.6801    35.6742    26.2585    26.2535    1514.50    1514.50         25 0.0000e+00
       7327 101.418083    221.000    219.640    16.0285    16.0288   4.478114   4.477622     2.4987     2.1197   -0.00125   -0.00166    -0.1424    98.3423 1.0000e-12 9.7359e+02 1.0271e-13      98.75    187.968     4.3194    185.710     4.2675    35.6695    35.6648    26.2643    26.2607    1514.32    1514.31         25 0.0000e+00
       7354 101.418091    222.000    220.637    15.9640    15.9638   4.470561   4.470033     2.4970     2.1221   -0.00559   -0.00094    -0.1248    98.3423 1.0000e-12 9.7763e+02 1.0229e-13      98.75    188.074     4.3219    187.033     4.2979    35.6596    35.6550    26.2715    26.2681    1514.13    1514.12         28 0.0000e+00
       7381 101.418106    223.000    221.624    15.9198    15.9187   4.465340   4.464736     2.4949     2.1229   -0.00452   -0.00058    -0.1356    98.3423 1.0000e-12 1.0069e+03 9.9322e-14      98.75    187.997     4.3201    186.005     4.2743    35.6522    35.6478    26.2760    26.2729    1514.00    1513.99         26 0.0000e+00
       7405 101.418121    224.000    222.617    15.8603    15.8615   4.458275   4.457816     2.4927     2.1187    0.00090   -0.00171    -0.1426    98.3371 1.0000e-12 1.0213e+03 3.3746e-04      98.75    187.985     4.3199    185.534     4.2635    35.6421    35.6369    26.2819    26.2776    1513.82    1513.82         22 0.0000e+00
       7426 101.418129    225.000    223.615    15.8158    15.8151   4.452973   4.452453     2.4906     2.1169    0.00273   -0.00155    -0.1424    98.3381 1.0000e-12 4.2165e+02 5.3905e+04      98.75    187.852     4.3168    186.029     4.2749    35.6343    35.6303    26.2860    26.2831    1513.69    1513.68         20 0.0000e+00
       7446 101.418137    226.000    224.607    15.8004    15.7994   4.450971   4.450421     2.4872     2.1162   -0.00103   -0.00185    -0.1424    98.2964 1.0000e-12 2.2551e+02 5.8764e+04      98.75    187.472     4.3081    186.362     4.2826    35.6298    35.6258    26.2861    26.2832    1513.65    1513.65         21 0.0000e+00
       7467 101.418152    227.000    225.603    15.7495    15.7514   4.444791   4.444255     2.4839     2.1168   -0.00358   -0.00220    -0.1261    98.3154 1.0000e-12 9.4680e+02 1.4123e+03      98.75    187.634     4.3119    186.287     4.2809    35.6198    35.6133    26.2900    26.2846    1513.50    1513.50         22 0.0000e+00
       7489 101.418159    228.000    226.594    15.6169    15.6184   4.429481   4.428826     2.4831     2.1130   -0.00211   -0.00271    -0.1271    98.3071 1.0000e-12 4.3985e+02 5.2406e+04      98.75    188.393     4.3294    185.718     4.2678    35.6012    35.5940    26.3057    26.2999    1513.08    1513.08         22 0.0000e+00
       7511 101.418167    229.000    227.587    15.5248    15.5275   4.418699   4.418316     2.4843     2.1106   -0.00054   -0.00411    -0.1422    98.3145 1.0000e-12 8.7807e+02 -9.990e-29      98.75    188.963     4.3425    186.332     4.2820    35.5868    35.5809    26.3155    26.3103    1512.80    1512.80         22 0.0000e+00
       7534 101.418182    230.000    228.583    15.4610    15.4627   4.411149   4.410744     2.4841     2.1094   -0.00069   -0.00282    -0.1306    98.3146 1.0000e-12 1.0175e+03 -9.990e-29      98.75    188.952     4.3423    186.760     4.2919    35.5759    35.5707    26.3214    26.3170    1512.60    1512.60         23 0.0000e+00
       7560 101.418198    231.000    229.577    15.3965    15.3963   4.403442   4.402796     2.4822     2.1080   -0.00354    0.00004    -0.1121    98.3146 1.0000e-12 1.0165e+03 -9.990e-29      98.75    188.845     4.3398    186.623     4.2887    35.5641    35.5585    26.3268    26.3225    1512.40    1512.40         30 0.0000e+00
       7591 101.418205    232.000    230.567    15.3422    15.3407   4.396977   4.396343     2.4786     2.1068   -0.00137    0.00022    -0.1353    98.3118 1.0000e-12 5.3161e+02 -9.990e-29      98.76    188.712     4.3368    186.806     4.2930    35.5543    35.5499    26.3314    26.3284    1512.24    1512.23         31 0.0000e+00
       7620 101.418221    233.000    231.555    15.2905    15.2903   4.390988   4.390453     2.4760     2.1037   -0.00137   -0.00179    -0.1425    98.3060 1.0000e-12 9.8761e+02 -9.990e-29      98.76    188.551     4.3331    186.319     4.2818    35.5464    35.5418    26.3369    26.3334    1512.09    1512.08         26 0.0000e+00
       7642 101.418236    234.000    232.547    15.2637    15.2631   4.387876   4.387377     2.4719     2.1012   -0.00139   -0.00278    -0.1424    98.3021 1.0000e-12 1.0047e+03 -9.990e-29      98.76    188.160     4.3241    185.423     4.2612    35.5421    35.5380    26.3396    26.3366    1512.01    1512.01         20 0.0000e+00
       7661 101.418243    235.000    233.543    15.2482    15.2476   4.386090   4.385618     2.4691     2.0956   -0.00093   -0.00244    -0.1424    98.2868 1.0000e-12 1.0245e+03 -9.990e-29      98.76    188.002     4.3205    185.210     4.2563    35.5395    35.5357    26.3410    26.3383    1511.98    1511.97         16 0.0000e+00
       7677 101.418251    236.000    234.543    15.2331    15.2329   4.384327   4.383849     2.4664     2.0954   -0.00249   -0.00228    -0.1424    98.2918 1.0000e-12 2.8615e+02 -9.990e-29      98.76    187.763     4.3150    186.186     4.2788    35.5368    35.5326    26.3424    26.3392    1511.94    1511.94         17 0.0000e+00
       7695 101.418259    237.000    235.545    15.2117    15.2109   4.381811   4.381294     2.4630     2.0952   -0.00257   -0.00357    -0.1342    98.2884 1.0000e-12 9.0681e+02 -9.990e-29      98.76    187.683     4.3132    186.235     4.2799    35.5329    35.5289    26.3441    26.3412    1511.89    1511.88         20 0.0000e+00
       7720 101.418274    238.000    236.529    15.1826    15.1829   4.378323   4.377922     2.4612     2.0941   -0.00482   -0.00397    -0.1278    98.2869 1.0000e-12 9.9635e+02 -9.990e-29      98.76    187.855     4.3172    186.328     4.2821    35.5272    35.5233    26.3462    26.3431    1511.81    1511.80         31 0.0000e+00
       7750 101.418289    239.000    237.514    15.1414    15.1422   4.373475   4.373014     2.4586     2.0947   -0.00066   -0.00416    -0.1429    98.2869 1.0000e-12 4.4503e+02 -9.990e-29      98.76    187.637     4.3122    186.567     4.2876    35.5200    35.5151    26.3498    26.3459    1511.69    1511.68         25 0.0000e+00
       7772 101.418297    240.000    238.507    15.0606    15.0617   4.364318   4.363749     2.4560     2.0926   -0.00079   -0.00271    -0.1424    98.2869 1.0000e-12 9.6748e+02 -9.990e-29      98.76    187.448     4.3079    185.717     4.2681    35.5095    35.5033    26.3596    26.3546    1511.44    1511.43         20 0.0000e+00
       7791 101.418304    241.000    239.513    15.0011    15.0016   4.357469   4.356959     2.4508     2.0890   -0.00057   -0.00153    -0.1424    98.2869 1.0000e-12 1.0139e+03 2.9508e+04      98.76    186.628     4.2890    184.522     4.2406    35.5008    35.4956    26.3660    26.3620    1511.25    1511.25         20 0.0000e+00
       7815 101.418320    242.000    240.508    14.9455    14.9454   4.351001   4.350447     2.4406     2.0785   -0.00007   -0.00244    -0.1424    98.2869 1.0000e-12 1.0143e+03 1.6503e+03      98.75    185.586     4.2651    182.249     4.1884    35.4918    35.4868    26.3714    26.3675    1511.08    1511.08         29 0.0000e+00
