data/CTD/abra2/abra2001.cnv
* Sea-Bird SBE 9 Data File:
* FileName = C:\SEASOFT\ABRACOS2\data\abra001.hex
* Software Version Seasave V 7.26.1.8
* Temperature SN = 6083
* Conductivity SN = 4355
* Number of Bytes Per Scan = 48
* Number of Voltage Words = 5
* Number of Scans Averaged by the Deck Unit = 1
* NMEA Latitude = 08 39.81 S
* NMEA Longitude = 034 47.84 W
* NMEA UTC (Time) = Apr 09 2017 16:35:33
** Cruise: ABRACOS2
** Ship: ANTEA
** Station: 1
** Bottom Depth: 45
** Pressure frequency switch pos 2 before station:
** Pressure frequency switch pos 2 after station:
** Operator: JG/GO
** Comments:
# nquan = 30
# nvalues = 86                          
# units = specified
# name 0 = scan: Scan Count
# name 1 = timeJ: Julian Days
# name 2 = prDM: Pressure, Digiquartz [db]
# name 3 = depSM: Depth [salt water, m]
# name 4 = t090C: Temperature [ITS-90, deg C]
# name 5 = t190C: Temperature, 2 [ITS-90, deg C]
# name 6 = c0S/m: Conductivity [S/m]
# name 7 = c1S/m: Conductivity, 2 [S/m]
# name 8 = sbeox0V: Oxygen raw, SBE 43 [V]
# name 9 = sbeox1V: Oxygen raw, SBE 43, 2 [V]
# name 10 = sbox1dV/dT: Oxygen, SBE 43, 2 [dov/dt]
# name 11 = sbox0dV/dT: Oxygen, SBE 43 [dov/dt]
# name 12 = flECO-AFL: Fluorescence, WET Labs ECO-AFL/FL [mg/m^3]
# name 13 = CStarTr0: Beam Transmission, WET Labs C-Star [%]
# name 14 = par: PAR/Irradiance, Biospherical/Licor
# name 15 = spar: SPAR/Surface Irradiance
# name 16 = cpar: CPAR/Corrected Irradiance [%]
# name 17 = altM: Altimeter [m]
# name 18 = sbox0Mm/Kg: Oxygen, SBE 43 [umol/kg], WS = 2
# name 19 = sbeox0ML/L: Oxygen, SBE 43 [ml/l], WS = 2
# name 20 = sbox1Mm/Kg: Oxygen, SBE 43, 2 [umol/kg], WS = 2
# name 21 = sbeox1ML/L: Oxygen, SBE 43, 2 [ml/l], WS = 2
# name 22 = sal00: Salinity, Practical [PSU]
# name 23 = sal11: Salinity, Practical, 2 [PSU]
# name 24 = sigma-é00: Density [sigma-theta, kg/m^3]
# name 25 = sigma-é11: Density, 2 [sigma-theta, kg/m^3]
# name 26 = svCM: Sound Velocity [Chen-Millero, m/s]
# name 27 = svCM1: Sound Velocity, 2 [Chen-Millero, m/s]
# name 28 = nbin: number of scans per bin
# name 29 = flag: flag
# span 0 =       -263,       6144       
# span 1 =  99.691239,  99.694328       
# span 2 =      1.000,     44.000       
# span 3 =      0.999,     43.752       
# span 4 =    28.5449,    28.7341       
# span 5 =    28.5434,    28.7213       
# span 6 =   6.017897,   6.029635       
# span 7 =   6.017234,   6.027863       
# span 8 =     3.0101,     3.0483       
# span 9 =     2.8296,     2.8654       
# span 10 =   -0.00665,    0.00694      
# span 11 =   -0.00361,    0.00470      
# span 12 =    -0.1221,     0.0395      
# span 13 =    95.8809,    99.1766      
# span 14 = 1.0744e-01, 8.7971e-01      
# span 15 = 2.3139e+02, 1.1124e+03      
# span 16 = 1.6744e-02, 3.6044e-01      
# span 17 =       0.75,      98.68      
# span 18 =    187.314,    191.430      
# span 19 =     4.2943,     4.3892      
# span 20 =    189.731,    193.627      
# span 21 =     4.3498,     4.4395      
# span 22 =    37.2865,    37.3490      
# span 23 =    37.2840,    37.3456      
# span 24 =    23.8718,    23.9843      
# span 25 =    23.8743,    23.9824      
# span 26 =    1545.27,    1545.75      
# span 27 =    1545.26,    1545.74      
# span 28 =         21,        131      
# span 29 = 0.0000e+00, 0.0000e+00      
# interval = decibars: 1                
# start_time = Apr 09 2017 16:35:34 [System UTC, first data scan.]
# bad_flag = -9.990e-29
*END*
       -263  99.691238      1.000      0.999    28.7033    28.7059   6.026425   6.026343     3.0179     2.8360    0.00179    0.00012    -0.1221    97.8181 7.7917e-01 1.1124e+03 7.3603e-02       0.75    187.740     4.3042    190.063     4.3574    37.2895    37.2869    23.8840    23.8812    1545.29    1545.29         24 0.0000e+00
        369  99.691544      2.000      1.989    28.6880    28.6869   6.024594   6.023964     3.0168     2.8407    0.00033   -0.00085    -0.0987    98.7298 3.3169e-01 7.0816e+02 4.5656e-02       0.84    187.798     4.3055    190.813     4.3746    37.2884    37.2848    23.8884    23.8861    1545.27    1545.27        119 0.0000e+00
        511  99.691612      3.000      2.984    28.6829    28.6788   6.024032   6.023081     3.0146     2.8416    0.00099    0.00060    -0.1032    99.0251 2.5573e-01 8.3745e+02 3.0667e-02       0.89    187.509     4.2989    190.733     4.3728    37.2881    37.2847    23.8900    23.8888    1545.28    1545.26         85 0.0000e+00
        616  99.691666      4.000      3.978    28.6943    28.6911   6.025396   6.024547     3.0120     2.8333   -0.00034   -0.00152    -0.1068    98.6184 1.6293e-01 7.1935e+02 2.0025e-02       8.60    187.482     4.2983    189.801     4.3514    37.2884    37.2850    23.8865    23.8849    1545.32    1545.31         90 0.0000e+00
        704  99.691704      5.000      4.972    28.7023    28.6991   6.026350   6.025539     3.0172     2.8352   -0.00255    0.00145    -0.1050    95.8809 1.5010e-01 8.5861e+02 1.7482e-02      98.68    187.810     4.3058    190.380     4.3647    37.2885    37.2853    23.8839    23.8826    1545.35    1545.34         80 0.0000e+00
        779  99.691742      6.000      5.966    28.7044    28.7008   6.026659   6.025746     3.0142     2.8397    0.00077   -0.00026    -0.0997    96.9048 1.4671e-01 8.7634e+02 1.6744e-02      52.33    187.549     4.2998    190.926     4.3772    37.2887    37.2852    23.8834    23.8820    1545.37    1545.36         70 0.0000e+00
        851  99.691772      7.000      6.961    28.6993    28.6967   6.026006   6.025233     3.0123     2.8378    0.00246   -0.00095    -0.1114    98.4718 1.8084e-01 7.1793e+02 2.9767e-02      10.21    187.478     4.2982    190.357     4.3642    37.2878    37.2844    23.8846    23.8829    1545.38    1545.37         79 0.0000e+00
        918  99.691811      8.000      7.951    28.6867    28.6921   6.024672   6.024769     3.0126     2.8391   -0.00420   -0.00039    -0.1119    99.0905 2.5764e-01 8.8284e+02 2.8985e-02      31.91    187.630     4.3017    190.799     4.3743    37.2881    37.2845    23.8891    23.8846    1545.37    1545.38         43 0.0000e+00
        954  99.691826      9.000      8.949    28.6615    28.6602   6.022129   6.021473     3.0120     2.8392    0.00161   -0.00017    -0.1119    99.0358 3.0630e-01 8.7529e+02 3.4997e-02      35.06    187.478     4.2982    190.560     4.3689    37.2898    37.2862    23.8989    23.8966    1545.33    1545.33         36 0.0000e+00
        993  99.691841     10.000      9.946    28.6589    28.6571   6.021967   6.021282     3.0106     2.8356    0.00113    0.00073    -0.1029    99.1424 3.7450e-01 8.8098e+02 4.2502e-02      33.82    187.575     4.3004    190.386     4.3649    37.2904    37.2870    23.9003    23.8983    1545.35    1545.34         45 0.0000e+00
       1064  99.691879     11.000     10.932    28.6508    28.6513   6.021450   6.020924     3.0132     2.8317   -0.00237   -0.00104    -0.0955    99.0859 6.2002e-01 9.5236e+02 6.5362e-02      32.86    187.760     4.3047    190.105     4.3585    37.2928    37.2887    23.9049    23.9016    1545.35    1545.34         67 0.0000e+00
       1097  99.691895     12.000     11.933    28.6450    28.6430   6.021127   6.020405     3.0122     2.8361   -0.00062    0.00207    -0.0973    99.0950 6.1624e-01 8.7463e+02 7.0446e-02      32.49    187.790     4.3054    191.133     4.3820    37.2948    37.2913    23.9084    23.9065    1545.35    1545.35         23 0.0000e+00
       1124  99.691910     13.000     12.935    28.6380    28.6369   6.020706   6.020058     3.0112     2.8386   -0.00230   -0.00074    -0.0992    99.0997 6.5601e-01 5.7702e+02 9.2333e-02      31.40    187.641     4.3020    190.973     4.3784    37.2971    37.2934    23.9126    23.9101    1545.36    1545.35         39 0.0000e+00
       1178  99.691933     14.000     13.917    28.6321    28.6308   6.020443   6.019793     3.0136     2.8330    0.00438   -0.00036    -0.0871    99.0639 7.5696e-01 9.3870e+02 8.1634e-02      29.97    188.056     4.3116    190.213     4.3610    37.2996    37.2960    23.9165    23.9143    1545.36    1545.36         55 0.0000e+00
       1220  99.691956     15.000     14.915    28.6257    28.6239   6.020257   6.019579     3.0140     2.8350   -0.00360    0.00117    -0.0813    99.0348 8.4192e-01 9.0810e+02 9.2775e-02      29.19    187.822     4.3062    190.849     4.3756    37.3030    37.2996    23.9213    23.9193    1545.37    1545.36         37 0.0000e+00
       1258  99.691971     16.000     15.912    28.6182    28.6146   6.020136   6.019421     3.0139     2.8356    0.00039    0.00176    -0.0813    98.9971 8.2530e-01 8.6628e+02 9.5273e-02      28.26    188.165     4.3141    190.408     4.3655    37.3077    37.3055    23.9274    23.9269    1545.38    1545.37         41 0.0000e+00
       1308  99.691994     17.000     16.901    28.6022    28.5998   6.019590   6.018863     3.0155     2.8342    0.00062   -0.00089    -0.0813    98.9440 8.5535e-01 8.7652e+02 9.7584e-02      27.20    188.190     4.3147    190.804     4.3746    37.3161    37.3130    23.9392    23.9376    1545.37    1545.36         52 0.0000e+00
       1346  99.692017     18.000     17.894    28.5931    28.5913   6.019102   6.018412     3.0189     2.8374   -0.00247    0.00230    -0.0813    98.8914 8.7971e-01 5.2814e+02 1.2925e-01      26.44    188.426     4.3201    191.405     4.3885    37.3196    37.3162    23.9449    23.9429    1545.37    1545.36         28 0.0000e+00
       1378  99.692032     19.000     18.898    28.5857    28.5843   6.018681   6.018027     3.0133     2.8417    0.00056    0.00071    -0.0632    98.7924 8.6719e-01 7.7402e+02 1.1319e-01      25.47    188.006     4.3105    191.677     4.3947    37.3222    37.3187    23.9494    23.9472    1545.37    1545.37         46 0.0000e+00
       1440  99.692062     20.000     19.880    28.5768    28.5774   6.018137   6.017614     3.0188     2.8409    0.00407   -0.00292    -0.0489    98.7431 8.7109e-01 9.1167e+02 9.4624e-02      24.32    188.872     4.3304    190.687     4.3720    37.3250    37.3209    23.9546    23.9513    1545.37    1545.37         50 0.0000e+00
       1470  99.692078     21.000     20.881    28.5731    28.5713   6.017962   6.017290     3.0217     2.8385    0.00333    0.00101    -0.0508    98.6960 8.4114e-01 8.5274e+02 9.8641e-02      23.68    188.837     4.3296    191.470     4.3900    37.3265    37.3231    23.9570    23.9551    1545.38    1545.38         29 0.0000e+00
       1510  99.692093     22.000     21.878    28.5697    28.5681   6.017911   6.017234     3.0237     2.8418   -0.00285    0.00314    -0.0508    98.6686 8.0661e-01 8.6816e+02 9.2957e-02      22.57    189.011     4.3336    191.579     4.3925    37.3285    37.3249    23.9597    23.9576    1545.40    1545.39         58 0.0000e+00
       1563  99.692116     23.000     22.862    28.5667    28.5649   6.017916   6.017255     3.0206     2.8381    0.00340    0.00119    -0.0508    98.6438 7.7466e-01 8.8304e+02 8.7724e-02      21.55    188.637     4.3251    190.722     4.3728    37.3305    37.3274    23.9623    23.9606    1545.41    1545.40         34 0.0000e+00
       1590  99.692131     24.000     23.867    28.5610    28.5600   6.018027   6.017347     3.0211     2.8370    0.00075    0.00016    -0.0508    98.6401 7.5819e-01 4.0320e+02 3.6044e-01      20.77    188.889     4.3309    191.616     4.3934    37.3355    37.3315    23.9681    23.9654    1545.42    1545.41         28 0.0000e+00
       1628  99.692146     25.000     24.862    28.5593    28.5580   6.018078   6.017410     3.0195     2.8425   -0.00245   -0.00124    -0.0353    98.5742 7.0881e-01 8.1715e+02 1.0954e-01      19.66    188.797     4.3288    191.747     4.3964    37.3369    37.3332    23.9697    23.9674    1545.43    1545.43         55 0.0000e+00
       1688  99.692177     26.000     25.849    28.5580    28.5561   6.018142   6.017469     3.0218     2.8440    0.00337   -0.00102    -0.0200    98.5560 6.9749e-01 8.8780e+02 7.8555e-02      18.69    188.861     4.3302    191.711     4.3956    37.3380    37.3348    23.9711    23.9693    1545.45    1545.44         50 0.0000e+00
       1730  99.692200     27.000     26.846    28.5555    28.5536   6.018202   6.017523     3.0244     2.8418    0.00062    0.00268    -0.0387    98.4861 6.9801e-01 8.6759e+02 8.0458e-02      17.94    189.457     4.3439    191.627     4.3937    37.3401    37.3368    23.9736    23.9718    1545.46    1545.45         40 0.0000e+00
       1766  99.692215     28.000     27.837    28.5539    28.5522   6.018249   6.017577     3.0286     2.8439   -0.00095   -0.00270    -0.0209    98.4718 6.4994e-01 8.7278e+02 7.4485e-02      17.04    189.470     4.3442    192.166     4.4060    37.3414    37.3381    23.9752    23.9732    1545.48    1545.47         32 0.0000e+00
       1798  99.692230     29.000     28.841    28.5523    28.5509   6.018281   6.017620     3.0233     2.8486    0.00004    0.00470    -0.0204    98.4542 6.1675e-01 8.8243e+02 6.9894e-02      16.06    188.937     4.3320    192.139     4.4054    37.3426    37.3390    23.9767    23.9744    1545.49    1545.48         37 0.0000e+00
       1849  99.692261     30.000     29.828    28.5501    28.5487   6.018291   6.017636     3.0231     2.8435    0.00255   -0.00246    -0.0114    98.4733 5.9170e-01 6.4714e+02 7.9214e-02      14.84    189.247     4.3391    191.670     4.3946    37.3441    37.3406    23.9787    23.9764    1545.51    1545.50         57 0.0000e+00
       1894  99.692276     31.000     30.822    28.5512    28.5499   6.018393   6.017728     3.0236     2.8442   -0.00304    0.00016    -0.0144    98.4185 5.7134e-01 8.9433e+02 6.4617e-02      14.00    189.201     4.3381    192.397     4.4113    37.3436    37.3400    23.9780    23.9757    1545.52    1545.52         36 0.0000e+00
       1928  99.692299     32.000     31.820    28.5482    28.5467   6.018363   6.017700     3.0250     2.8506   -0.00133    0.00105    -0.0201    98.4274 5.7051e-01 9.8431e+02 5.8007e-02      13.14    189.502     4.3450    192.398     4.4114    37.3455    37.3420    23.9804    23.9783    1545.54    1545.53         36 0.0000e+00
       1977  99.692322     33.000     32.813    28.5468    28.5452   6.018370   6.017700     3.0278     2.8468    0.00334    0.00070    -0.0090    98.4118 5.4145e-01 9.7606e+02 5.5563e-02      12.09    189.569     4.3465    192.088     4.4043    37.3463    37.3429    23.9817    23.9796    1545.55    1545.54         59 0.0000e+00
       2033  99.692345     34.000     33.803    28.5461    28.5444   6.018394   6.017729     3.0269     2.8472   -0.00194    0.00044    -0.0154    98.3969 5.2491e-01 9.2364e+02 5.6880e-02      11.12    189.505     4.3451    192.406     4.4116    37.3468    37.3434    23.9823    23.9803    1545.57    1545.56         47 0.0000e+00
       2068  99.692360     35.000     34.792    28.5464    28.5447   6.018491   6.017832     3.0272     2.8503   -0.00099    0.00059     0.0113    98.4335 4.8162e-01 5.0809e+02 6.8138e-02      10.28    189.769     4.3511    192.484     4.4133    37.3468    37.3435    23.9823    23.9804    1545.58    1545.58         25 0.0000e+00
       2089  99.692375     36.000     35.801    28.5453    28.5439   6.018616   6.017926     3.0307     2.8485    0.00131    0.00006     0.0102    98.3848 4.6568e-01 6.6848e+02 8.4270e-02       9.49    190.085     4.3583    192.544     4.4147    37.3483    37.3446    23.9839    23.9815    1545.60    1545.59         22 0.0000e+00
       2153  99.692406     37.000     36.803    28.5449    28.5434   6.018640   6.017991     3.0325     2.8523    0.00096   -0.00070     0.0102    98.3895 4.4896e-01 9.1617e+02 4.9318e-02       8.38    190.028     4.3570    193.061     4.4266    37.3485    37.3450    23.9842    23.9821    1545.62    1545.61         41 0.0000e+00
       2271  99.692459     38.000     37.785    28.5452    28.5435   6.018699   6.018029     3.0330     2.8523   -0.00049    0.00088     0.0102    98.3722 4.1142e-01 7.3299e+02 4.7121e-02       7.31    190.222     4.3615    193.003     4.4253    37.3483    37.3449    23.9841    23.9821    1545.63    1545.63         55 0.0000e+00
       2337  99.692490     39.000     38.780    28.5456    28.5439   6.018781   6.018120     3.0376     2.8484   -0.00357   -0.00061     0.0102    98.3821 4.0157e-01 1.0113e+03 3.9738e-02       6.37    190.585     4.3698    192.464     4.4129    37.3483    37.3449    23.9840    23.9821    1545.65    1545.64         34 0.0000e+00
       2639  99.692635     40.000     39.777    28.5461    28.5444   6.018933   6.018252     3.0354     2.8501    0.00125    0.00202     0.0102    98.3451 3.5442e-01 8.2095e+02 3.9649e-02       5.22    190.132     4.3594    192.540     4.4146    37.3486    37.3452    23.9842    23.9822    1545.67    1545.66         81 0.0000e+00
       3139  99.692879     41.000     40.766    28.5458    28.5442   6.018923   6.018267     3.0370     2.8467   -0.00206   -0.00045     0.0102    98.3785 3.2129e-01 8.7421e+02 3.6690e-02       4.04    190.508     4.3680    192.501     4.4137    37.3485    37.3451    23.9843    23.9823    1545.69    1545.68        114 0.0000e+00
       3359  99.692986     42.000     41.762    28.5461    28.5444   6.019019   6.018355     3.0312     2.8484    0.00032   -0.00183     0.0150    98.3486 3.4190e-01 7.7234e+02 4.1958e-02       2.91    189.907     4.3543    192.358     4.4105    37.3486    37.3453    23.9843    23.9824    1545.70    1545.70        108 0.0000e+00
       3567  99.693085     43.000     42.752    28.5477    28.5459   6.019289   6.018601     3.0407     2.8544   -0.00132    0.00321     0.0099    98.3673 3.1974e-01 9.1559e+02 3.4989e-02       2.20    191.066     4.3808    193.148     4.4286    37.3490    37.3456    23.9841    23.9822    1545.72    1545.72         52 0.0000e+00
       3795  99.693192     44.000     43.752    28.5506    28.5489   6.019660   6.018990     3.0483     2.8578    0.00020   -0.00102     0.0166    98.3660 2.3502e-01 7.8858e+02 2.9796e-02       0.90    191.430     4.3892    193.559     4.4380    37.3489    37.3455    23.9832    23.9812    1545.75    1545.74        118 0.0000e+00
       3937  99.693268     43.000     42.747    28.5495    28.5479   6.019501   6.018838     3.0470     2.8569    0.00342    0.00030     0.0101    98.3629 2.1995e-01 6.9347e+02 3.0875e-02       1.48    191.206     4.3841    193.158     4.4288    37.3490    37.3456    23.9836    23.9815    1545.73    1545.72         55 0.0000e+00
       4087  99.693336     42.000     41.763    28.5477    28.5462   6.019257   6.018608     3.0434     2.8602   -0.00319    0.00083     0.0389    98.3495 2.2463e-01 6.5085e+02 3.4897e-02       2.52    190.885     4.3767    193.627     4.4395    37.3490    37.3456    23.9841    23.9820    1545.71    1545.70         77 0.0000e+00
       4144  99.693367     41.000     40.767    28.5465    28.5449   6.019043   6.018390     3.0379     2.8605    0.00300   -0.00230     0.0395    98.3404 2.3663e-01 7.5397e+02 3.1379e-02       3.39    190.423     4.3661    193.382     4.4339    37.3488    37.3455    23.9843    23.9823    1545.69    1545.68         46 0.0000e+00
       4185  99.693382     40.000     39.772    28.5460    28.5443   6.018938   6.018268     3.0399     2.8595    0.00051   -0.00258     0.0161    98.3430 2.5557e-01 7.5240e+02 3.3967e-02       4.34    190.665     4.3717    193.497     4.4366    37.3488    37.3454    23.9843    23.9823    1545.67    1545.66         38 0.0000e+00
