data/CTD/fr25/fr25005.cnv
* Sea-Bird SBE 9 Data File:
* FileName = C:\SEASOFT\PIRATA-FR25\data\fr25005.hex
* Software Version Seasave V 7.23.2
* Temperature SN = 5196
* Conductivity SN = 4355
* Number of Bytes Per Scan = 37
* Number of Voltage Words = 4
* Number of Scans Averaged by the Deck Unit = 1
* NMEA Latitude = 06 01.97 S
* NMEA Longitude = 007 58.28 E
* NMEA UTC (Time) = Mar 31 2015 03:35:25
** Cruise: PIRATA-FR25
** Ship: THALASSA
** Station: 5
** Bottom Depth: 4180
** Pressure frequency switch pos 2:
** Operator: LG/GS
** Comments:
# nquan = 24                                
# nvalues = 4039                        
# units = specified
# name 0 = scan: Scan Count
# name 1 = timeJ: Julian Days
# name 2 = prDM: Pressure, Digiquartz [db]
# name 3 = depSM: Depth [salt water, m]
# name 4 = t090C: Temperature [ITS-90, deg C]
# name 5 = t190C: Temperature, 2 [ITS-90, deg C]
# name 6 = c0S/m: Conductivity [S/m]
# name 7 = c1S/m: Conductivity, 2 [S/m]
# name 8 = sbeox0V: Oxygen raw, SBE 43 [V]
# name 9 = sbeox1V: Oxygen raw, SBE 43, 2 [V]
# name 10 = sbeox1dOV/dT: Oxygen, SBE 43, 2 [dov/dt]
# name 11 = sbeox0dOV/dT: Oxygen, SBE 43 [dov/dt]
# name 12 = flECO-AFL: Fluorescence, WET Labs ECO-AFL/FL [mg/m^3]
# name 13 = CStarTr0: Beam Transmission, WET Labs C-Star [%]
# name 14 = sbeox0Mm/Kg: Oxygen, SBE 43 [umol/kg], WS = 2
# name 15 = sbeox1Mm/Kg: Oxygen, SBE 43, 2 [umol/kg], WS = 2
# name 16 = nbin: number of scans per bin
# name 17 = sal00: Salinity, Practical [PSU]
# name 18 = sal11: Salinity, Practical, 2 [PSU]
# name 19 = sigma-é00: Density [sigma-theta, kg/m^3]
# name 20 = sigma-é11: Density, 2 [sigma-theta, kg/m^3]
# name 21 = svCM: Sound Velocity [Chen-Millero, m/s]
# name 22 = svCM1: Sound Velocity, 2 [Chen-Millero, m/s]
# name 23 = flag: flag
# span 0 =        -87,     216848       
# span 1 =  90.149551,  90.254166       
# span 2 =      2.000,   2021.000       
# span 3 =      1.989,   2000.117       
# span 4 =     3.4303,    29.1736       
# span 5 =     3.4308,    29.1722       
# span 6 =   3.286484,   5.817132       
# span 7 =   3.286689,   5.817296       
# span 8 =     0.7100,     2.9847       
# span 9 =     0.7382,     3.1997       
# span 10 =   -0.11566,    0.16655      
# span 11 =   -0.10436,    0.15804      
# span 12 =     0.5113,     2.1179      
# span 13 =    88.8858,   101.0942      
# span 14 =     23.373,    222.855      
# span 15 =     23.697,    224.916      
# span 16 =          5,         85      
# span 17 =    31.8558,    35.8074      
# span 18 =    31.8606,    35.8350      
# span 19 =    19.7566,    27.8097      
# span 20 =    19.7601,    27.8112      
# span 21 =    1482.89,    1544.62      
# span 22 =    1482.89,    1544.62      
# span 23 = 0.0000e+00, 0.0000e+00      
# interval = decibars: 1                
# start_time = Mar 31 2015 03:35:25 [System UTC, header]
# bad_flag = -9.990e-29
*END*
[from data line 2174]
      64402  90.180656   1866.000   1847.391     3.6172     3.6184   3.297376   3.297658     1.8298     1.9164    0.00010   -0.00045     0.5193   101.0784    221.018    221.961         25    34.9423    34.9444    27.7943    27.7960    1495.84    1495.84 0.0000e+00
      64424  90.180664   1865.000   1846.405     3.6185     3.6194   3.297446   3.297704     1.8306     1.9161   -0.00006   -0.00003     0.5469   101.0809    221.198    222.284         20    34.9422    34.9443    27.7942    27.7958    1495.82    1495.83 0.0000e+00
      64446  90.180672   1864.000   1845.420     3.6201     3.6207   3.297555   3.297774     1.8307     1.9164    0.00003   -0.00008     0.5497   101.0696    220.828    222.364         25    34.9423    34.9443    27.7941    27.7956    1495.81    1495.82 0.0000e+00
      64486  90.180695   1863.000   1844.434     3.6194     3.6194   3.297457   3.297620     1.8302     1.9165   -0.00005    0.00039     0.5366   101.0814    220.547    222.357         54    34.9424    34.9443    27.7942    27.7958    1495.79    1495.80 0.0000e+00
      64528  90.180717   1862.000   1843.448     3.6194     3.6201   3.297398   3.297637     1.8299     1.9171    0.00013   -0.00019     0.5441   101.0725    220.803    222.483         24    34.9422    34.9443    27.7940    27.7956    1495.78    1495.78 0.0000e+00
      64547  90.180725   1861.000   1842.462     3.6211     3.6217   3.297494   3.297710     1.8305     1.9172   -0.00000   -0.00026     0.5437   101.0788    220.957    222.189         18    34.9420    34.9440    27.7937    27.7952    1495.77    1495.77 0.0000e+00
      64565  90.180733   1860.000   1841.477     3.6222     3.6227   3.297534   3.297743     1.8305     1.9170    0.00027   -0.00025     0.5437   101.0830    221.007    221.960         18    34.9418    34.9437    27.7934    27.7949    1495.75    1495.76 0.0000e+00
      64585  90.180740   1859.000   1840.491     3.6222     3.6224   3.297489   3.297652     1.8312     1.9169    0.00035   -0.00012     0.5437   101.0780    221.063    221.997         24    34.9418    34.9435    27.7934    27.7947    1495.74    1495.74 0.0000e+00
      64618  90.180756   1858.000   1839.505     3.6214     3.6214   3.297391   3.297569     1.8314     1.9167    0.00002    0.00038     0.5373   101.0728    220.913    221.925         43    34.9419    34.9440    27.7936    27.7952    1495.72    1495.72 0.0000e+00
      64655  90.180771   1857.000   1838.520     3.6215     3.6220   3.297358   3.297572     1.8319     1.9169   -0.00013    0.00051     0.5407   101.0754    220.975    222.227         28    34.9419    34.9439    27.7936    27.7951    1495.70    1495.71 0.0000e+00
      64682  90.180786   1856.000   1837.534     3.6219     3.6226   3.297354   3.297591     1.8320     1.9168   -0.00023    0.00022     0.5231   101.0715    220.968    221.989         29    34.9419    34.9439    27.7935    27.7951    1495.69    1495.69 0.0000e+00
      64722  90.180809   1855.000   1836.548     3.6215     3.6229   3.297277   3.297564     1.8326     1.9167    0.00009    0.00022     0.5261   101.0796    221.026    221.855         53    34.9419    34.9438    27.7936    27.7949    1495.67    1495.68 0.0000e+00
      64769  90.180832   1854.000   1835.562     3.6236     3.6284   3.297441   3.298064     1.8332     1.9168   -0.00005    0.00033     0.5271   101.0819    221.376    222.253         32    34.9421    34.9445    27.7935    27.7949    1495.66    1495.68 0.0000e+00
      64793  90.180840   1853.000   1834.577     3.6285     3.6313   3.297822   3.298257     1.8339     1.9173   -0.00020    0.00027     0.5170   101.0771    221.343    222.240         21    34.9419    34.9441    27.7929    27.7943    1495.66    1495.68 0.0000e+00
      64812  90.180847   1852.000   1833.591     3.6358     3.6369   3.298450   3.298730     1.8343     1.9174    0.00003    0.00007     0.5149   101.0721    221.085    222.001         17    34.9421    34.9443    27.7923    27.7939    1495.68    1495.69 0.0000e+00
      64829  90.180855   1851.000   1832.605     3.6393     3.6396   3.298700   3.298928     1.8341     1.9176    0.00023    0.00050     0.5267   101.0796    220.754    221.732         18    34.9419    34.9442    27.7918    27.7936    1495.68    1495.68 0.0000e+00
      64849  90.180870   1850.000   1831.619     3.6408     3.6408   3.298821   3.299000     1.8339     1.9171    0.00038    0.00072     0.5375   101.0798    220.722    221.679         23    34.9422    34.9443    27.7919    27.7935    1495.67    1495.67 0.0000e+00
      64884  90.180885   1849.000   1830.634     3.6370     3.6371   3.298438   3.298606     1.8337     1.9174    0.00009    0.00014     0.5193   101.0684    220.625    221.900         48    34.9422    34.9441    27.7922    27.7937    1495.63    1495.64 0.0000e+00
      64928  90.180908   1848.000   1829.648     3.6379     3.6375   3.298463   3.298599     1.8330     1.9176   -0.00005   -0.00016     0.5375   101.0728    220.379    221.966         31    34.9420    34.9441    27.7920    27.7937    1495.62    1495.62 0.0000e+00
      64952  90.180916   1847.000   1828.662     3.6406     3.6425   3.298690   3.299054     1.8327     1.9178    0.00011   -0.00024     0.5458   101.0678    220.490    221.773         24    34.9423    34.9446    27.7919    27.7936    1495.62    1495.63 0.0000e+00
      64979  90.180931   1846.000   1827.676     3.6465     3.6470   3.299165   3.299381     1.8326     1.9177    0.00011   -0.00040     0.5438   101.0794    220.437    221.695         33    34.9423    34.9442    27.7913    27.7928    1495.62    1495.63 0.0000e+00
      65020  90.180954   1845.000   1826.690     3.6454     3.6457   3.299031   3.299208     1.8327     1.9175    0.00009   -0.00019     0.5437   101.0713    220.445    221.511         41    34.9422    34.9441    27.7914    27.7928    1495.60    1495.61 0.0000e+00
      65052  90.180969   1844.000   1825.705     3.6484     3.6487   3.299238   3.299458     1.8325     1.9176    0.00001   -0.00004     0.5437   101.0785    220.535    221.927         25    34.9421    34.9443    27.7909    27.7927    1495.60    1495.60 0.0000e+00
      65074  90.180977   1843.000   1824.719     3.6489     3.6513   3.299246   3.299643     1.8331     1.9179   -0.00020    0.00002     0.5437   101.0850    220.743    221.758         21    34.9421    34.9442    27.7909    27.7924    1495.58    1495.60 0.0000e+00
      65095  90.180984   1842.000   1823.733     3.6539     3.6542   3.299618   3.299824     1.8332     1.9178   -0.00010   -0.00007     0.5437   101.0671    220.434    221.302         22    34.9417    34.9438    27.7901    27.7918    1495.59    1495.59 0.0000e+00
      65124  90.181000   1841.000   1822.747     3.6541     3.6529   3.299587   3.299657     1.8331     1.9175    0.00025    0.00025     0.5437   101.0721    220.282    221.315         39    34.9416    34.9437    27.7900    27.7918    1495.57    1495.57 0.0000e+00
      65163  90.181023   1840.000   1821.762     3.6517     3.6516   3.299355   3.299543     1.8328     1.9173   -0.00019    0.00012     0.5437   101.0707    220.143    221.272         30    34.9418    34.9441    27.7904    27.7923    1495.54    1495.55 0.0000e+00
      65187  90.181030   1839.000   1820.776     3.6534     3.6565   3.299453   3.299889     1.8327     1.9171   -0.00021   -0.00007     0.5437   101.0813    220.120    221.175         22    34.9417    34.9437    27.7901    27.7914    1495.53    1495.55 0.0000e+00
      65209  90.181038   1838.000   1819.790     3.6571     3.6588   3.299746   3.300070     1.8325     1.9170   -0.00014   -0.00021     0.5453   101.0760    220.210    220.971         23    34.9418    34.9438    27.7898    27.7913    1495.53    1495.54 0.0000e+00
      65234  90.181053   1837.000   1818.804     3.6588     3.6597   3.299853   3.300109     1.8324     1.9166   -0.00015   -0.00023     0.5454   101.0763    220.061    220.895         29    34.9417    34.9438    27.7896    27.7911    1495.52    1495.53 0.0000e+00
      65267  90.181068   1836.000   1817.818     3.6580     3.6585   3.299722   3.299946     1.8326     1.9164   -0.00024   -0.00005     0.5311   101.0745    220.153    221.224         36    34.9415    34.9437    27.7895    27.7912    1495.50    1495.51 0.0000e+00
      65307  90.181091   1835.000   1816.832     3.6560     3.6570   3.299518   3.299772     1.8324     1.9166   -0.00024 -7.735e-07     0.5228   101.0817    220.001    221.162         46    34.9417    34.9436    27.7898    27.7913    1495.48    1495.48 0.0000e+00
      65356  90.181114   1834.000   1815.847     3.6557     3.6558   3.299456   3.299649     1.8327     1.9168    0.00014   -0.00009     0.5249   101.0849    220.305    221.430         42    34.9418    34.9440    27.7899    27.7916    1495.46    1495.46 0.0000e+00
      65386  90.181129   1833.000   1814.861     3.6607     3.6624   3.299860   3.300201     1.8329     1.9171    0.00002   -0.00017     0.5472   101.0847    219.876    221.399         23    34.9417    34.9440    27.7894    27.7910    1495.46    1495.47 0.0000e+00
      65406  90.181137   1832.000   1813.875     3.6642     3.6650   3.300131   3.300382     1.8325     1.9175    0.00011    0.00035     0.5492   101.0631    219.681    221.247         18    34.9418    34.9439    27.7891    27.7907    1495.46    1495.47 0.0000e+00
      65423  90.181145   1831.000   1812.889     3.6655     3.6658   3.300193   3.300398     1.8322     1.9173    0.00025    0.00045     0.5450   101.0786    219.577    220.993         16    34.9416    34.9437    27.7888    27.7905    1495.45    1495.45 0.0000e+00
      65438  90.181152   1830.000   1811.903     3.6668     3.6665   3.300263   3.300432     1.8318     1.9171    0.00029    0.00007     0.5455   101.0782    219.490    221.005         16    34.9415    34.9438    27.7886    27.7904    1495.44    1495.44 0.0000e+00
      65455  90.181160   1829.000   1810.917     3.6683     3.6683   3.300373   3.300546     1.8316     1.9174    0.00025   -0.00021     0.5332   101.0606    219.615    221.187         17    34.9417    34.9437    27.7886    27.7902    1495.43    1495.43 0.0000e+00
      65478  90.181168   1828.000   1809.932     3.6669     3.6682   3.300223   3.300495     1.8316     1.9174    0.00009   -0.00040     0.5317   101.0718    219.671    220.927         33    34.9419    34.9437    27.7889    27.7902    1495.41    1495.41 0.0000e+00
      65545  90.181206   1827.000   1808.946     3.6662     3.6671   3.300104   3.300356     1.8316     1.9171   -0.00004   -0.00001     0.5318   101.0595    219.436    221.018         31    34.9417    34.9437    27.7887    27.7903    1495.39    1495.39 0.0000e+00
      65579  90.181221   1826.000   1807.960     3.6671     3.6681   3.300151   3.300419     1.8315     1.9173   -0.00020    0.00007     0.5456   101.0594    219.891    221.110         30    34.9418    34.9439    27.7888    27.7903    1495.37    1495.38 0.0000e+00
      65611  90.181236   1825.000   1806.974     3.6712     3.6719   3.300484   3.300720     1.8324     1.9176    0.00005   -0.00025     0.5200   101.0709    220.090    221.206         34    34.9419    34.9440    27.7884    27.7900    1495.37    1495.38 0.0000e+00
      65643  90.181252   1824.000   1805.988     3.6747     3.6743   3.300723   3.300864     1.8332     1.9179    0.00011    0.00024     0.5296   101.0715    220.112    221.286         28    34.9415    34.9436    27.7878    27.7895    1495.37    1495.37 0.0000e+00
      65668  90.181267   1823.000   1805.002     3.6740     3.6748   3.300611   3.300861     1.8333     1.9184    0.00033    0.00065     0.5301   101.0723    219.890    221.165         22    34.9414    34.9435    27.7877    27.7893    1495.35    1495.36 0.0000e+00
      65690  90.181274   1822.000   1804.016     3.6755     3.6766   3.300702   3.300973     1.8339     1.9184    0.00024    0.00056     0.5182   101.0762    220.078    220.944         23    34.9414    34.9434    27.7875    27.7891    1495.34    1495.35 0.0000e+00
      65713  90.181282   1821.000   1803.030     3.6784     3.6784   3.300911   3.301095     1.8339     1.9184    0.00025    0.00053     0.5201   101.0703    219.812    220.903         23    34.9413    34.9434    27.7872    27.7889    1495.34    1495.34 0.0000e+00
      65735  90.181297   1820.000   1802.045     3.6789     3.6798   3.300909   3.301157     1.8340     1.9184    0.00030    0.00020     0.5344   101.0661    219.660    220.867         21    34.9412    34.9432    27.7870    27.7886    1495.32    1495.33 0.0000e+00
      65756  90.181305   1819.000   1801.059     3.6797     3.6801   3.300940   3.301148     1.8337     1.9184    0.00013    0.00041     0.5348   101.0726    219.648    220.837         21    34.9412    34.9432    27.7870    27.7886    1495.31    1495.31 0.0000e+00
      65779  90.181313   1818.000   1800.073     3.6811     3.6809   3.301011   3.301171     1.8338     1.9184    0.00001    0.00013     0.5185   101.0702    219.410    220.804         26    34.9411    34.9432    27.7867    27.7884    1495.30    1495.30 0.0000e+00
      65820  90.181335   1817.000   1799.087     3.6781     3.6777   3.300721   3.300854     1.8327     1.9184   -0.00001   -0.00011     0.5384   101.0815    219.173    220.710         56    34.9412    34.9433    27.7871    27.7888    1495.27    1495.27 0.0000e+00
      65866  90.181358   1816.000   1798.101     3.6769     3.6775   3.300580   3.300791     1.8322     1.9180   -0.00007   -0.00053     0.5249   101.0734    219.435    220.607         33    34.9414    34.9433    27.7873    27.7888    1495.25    1495.25 0.0000e+00
      65898  90.181374   1815.000   1797.115     3.6797     3.6815   3.300775   3.301122     1.8325     1.9181   -0.00019   -0.00051     0.5440   101.0659    219.416    220.723         35    34.9413    34.9434    27.7870    27.7885    1495.24    1495.25 0.0000e+00
      65933  90.181389   1814.000   1796.129     3.6865     3.6879   3.301331   3.301646     1.8323     1.9182    0.00004    0.00007     0.5262   101.0594    219.150    220.746         32    34.9411    34.9433    27.7862    27.7878    1495.25    1495.26 0.0000e+00
      65960  90.181404   1813.000   1795.143     3.6889     3.6889   3.301496   3.301680     1.8322     1.9184    0.00012    0.00017     0.5437   101.0834    219.282    220.726         23    34.9410    34.9432    27.7859    27.7876    1495.25    1495.25 0.0000e+00
      65982  90.181412   1812.000   1794.157     3.6889     3.6906   3.301481   3.301813     1.8325     1.9184    0.00003   -0.00008     0.5409   101.0834    219.382    220.580         22    34.9413    34.9435    27.7861    27.7876    1495.23    1495.24 0.0000e+00
      66005  90.181427   1811.000   1793.171     3.6923     3.6923   3.301743   3.301924     1.8326     1.9184    0.00007   -0.00020     0.5161   101.0755    219.310    220.540         24    34.9413    34.9434    27.7858    27.7874    1495.23    1495.23 0.0000e+00
      66032  90.181442   1810.000   1792.185     3.6929     3.6911   3.301761   3.301759     1.8328     1.9184    0.00009    0.00011     0.5171   101.0736    219.210    220.405         30    34.9413    34.9432    27.7857    27.7873    1495.21    1495.21 0.0000e+00
      66063  90.181450   1809.000   1791.199     3.6920     3.6912   3.301640   3.301762     1.8329     1.9182   -0.00013    0.00024     0.5345   101.0683    219.466    220.000         28    34.9414    34.9436    27.7858    27.7877    1495.19    1495.19 0.0000e+00
      66087  90.181465   1808.000   1790.213     3.6921     3.6935   3.301614   3.301893     1.8335     1.9178   -0.00018    0.00010     0.5250   101.0711    219.582    220.088         21    34.9414    34.9433    27.7858    27.7872    1495.18    1495.18 0.0000e+00
