data/CTD/fr25/fr25005.cnv
* Sea-Bird SBE 9 Data File:
* FileName = C:\SEASOFT\PIRATA-FR25\data\fr25005.hex
* Software Version Seasave V 7.23.2
* Temperature SN = 5196
* Conductivity SN = 4355
* Number of Bytes Per Scan = 37
* Number of Voltage Words = 4
* Number of Scans Averaged by the Deck Unit = 1
* NMEA Latitude = 06 01.97 S
* NMEA Longitude = 007 58.28 E
* NMEA UTC (Time) = Mar 31 2015 03:35:25
** Cruise: PIRATA-FR25
** Ship: THALASSA
** Station: 5
** Bottom Depth: 4180
** Pressure frequency switch pos 2:
** Operator: LG/GS
** Comments:
# nquan = 24                                
# nvalues = 4039                        
# units = specified
# name 0 = scan: Scan Count
# name 1 = timeJ: Julian Days
# name 2 = prDM: Pressure, Digiquartz [db]
# name 3 = depSM: Depth [salt water, m]
# name 4 = t090C: Temperature [ITS-90, deg C]
# name 5 = t190C: Temperature, 2 [ITS-90, deg C]
# name 6 = c0S/m: Conductivity [S/m]
# name 7 = c1S/m: Conductivity, 2 [S/m]
# name 8 = sbeox0V: Oxygen raw, SBE 43 [V]
# name 9 = sbeox1V: Oxygen raw, SBE 43, 2 [V]
# name 10 = sbeox1dOV/dT: Oxygen, SBE 43, 2 [dov/dt]
# name 11 = sbeox0dOV/dT: Oxygen, SBE 43 [dov/dt]
# name 12 = flECO-AFL: Fluorescence, WET Labs ECO-AFL/FL [mg/m^3]
# name 13 = CStarTr0: Beam Transmission, WET Labs C-Star [%]
# name 14 = sbeox0Mm/Kg: Oxygen, SBE 43 [umol/kg], WS = 2
# name 15 = sbeox1Mm/Kg: Oxygen, SBE 43, 2 [umol/kg], WS = 2
# name 16 = nbin: number of scans per bin
# name 17 = sal00: Salinity, Practical [PSU]
# name 18 = sal11: Salinity, Practical, 2 [PSU]
# name 19 = sigma-é00: Density [sigma-theta, kg/m^3]
# name 20 = sigma-é11: Density, 2 [sigma-theta, kg/m^3]
# name 21 = svCM: Sound Velocity [Chen-Millero, m/s]
# name 22 = svCM1: Sound Velocity, 2 [Chen-Millero, m/s]
# name 23 = flag: flag
# span 0 =        -87,     216848       
# span 1 =  90.149551,  90.254166       
# span 2 =      2.000,   2021.000       
# span 3 =      1.989,   2000.117       
# span 4 =     3.4303,    29.1736       
# span 5 =     3.4308,    29.1722       
# span 6 =   3.286484,   5.817132       
# span 7 =   3.286689,   5.817296       
# span 8 =     0.7100,     2.9847       
# span 9 =     0.7382,     3.1997       
# span 10 =   -0.11566,    0.16655      
# span 11 =   -0.10436,    0.15804      
# span 12 =     0.5113,     2.1179      
# span 13 =    88.8858,   101.0942      
# span 14 =     23.373,    222.855      
# span 15 =     23.697,    224.916      
# span 16 =          5,         85      
# span 17 =    31.8558,    35.8074      
# span 18 =    31.8606,    35.8350      
# span 19 =    19.7566,    27.8097      
# span 20 =    19.7601,    27.8112      
# span 21 =    1482.89,    1544.62      
# span 22 =    1482.89,    1544.62      
# span 23 = 0.0000e+00, 0.0000e+00      
# interval = decibars: 1                
# start_time = Mar 31 2015 03:35:25 [System UTC, header]
# bad_flag = -9.990e-29
*END*
[from data line 2717]
      79331  90.187851   1323.000   1311.486     4.2686     4.2691   3.326261   3.326468     1.7155     1.7968   -0.00004   -0.00000     0.5437   101.0218    184.103    185.311         23    34.8624    34.8643    27.6597    27.6611    1489.38    1489.39 0.0000e+00
      79353  90.187866   1322.000   1310.498     4.2690     4.2691   3.326233   3.326423     1.7142     1.7957   -0.00063   -0.00089     0.5437   101.0080    183.934    184.883         21    34.8622    34.8643    27.6594    27.6611    1489.37    1489.37 0.0000e+00
      79374  90.187874   1321.000   1309.510     4.2694     4.2694   3.326197   3.326385     1.7134     1.7947   -0.00127   -0.00116     0.5437   101.0129    183.940    184.861         21    34.8619    34.8640    27.6591    27.6608    1489.35    1489.35 0.0000e+00
      79397  90.187881   1320.000   1308.522     4.2697     4.2696   3.326130   3.326318     1.7126     1.7937   -0.00103   -0.00129     0.5437   101.0000    184.001    184.877         25    34.8612    34.8635    27.6585    27.6604    1489.33    1489.34 0.0000e+00
      79426  90.187897   1319.000   1307.534     4.2683     4.2694   3.325998   3.326229     1.7121     1.7929   -0.00117   -0.00121     0.5437   101.0015    183.932    184.899         35    34.8616    34.8632    27.6590    27.6602    1489.31    1489.32 0.0000e+00
      79464  90.187920   1318.000   1306.545     4.2678     4.2702   3.325922   3.326197     1.7113     1.7919   -0.00094   -0.00063     0.5437   100.9998    183.859    184.753         37    34.8617    34.8625    27.6592    27.6595    1489.29    1489.30 0.0000e+00
      79496  90.187935   1317.000   1305.557     4.2700     4.2703   3.325954   3.326153     1.7110     1.7908   -0.00063   -0.00044     0.5437   101.0056    183.894    184.217         26    34.8603    34.8623    27.6578    27.6594    1489.28    1489.29 0.0000e+00
      79519  90.187943   1316.000   1304.569     4.2704     4.2705   3.325921   3.326116     1.7108     1.7896   -0.00065   -0.00059     0.5454   101.0015    183.668    184.289         22    34.8600    34.8622    27.6575    27.6592    1489.27    1489.27 0.0000e+00
      79540  90.187950   1315.000   1303.581     4.2709     4.2711   3.325932   3.326130     1.7100     1.7894   -0.00067   -0.00031     0.5433   101.0016    183.362    184.747         21    34.8601    34.8622    27.6575    27.6591    1489.25    1489.26 0.0000e+00
      79561  90.187965   1314.000   1302.593     4.2726     4.2728   3.326002   3.326196     1.7096     1.7894   -0.00102   -0.00017     0.5152   101.0016    183.384    184.792         22    34.8597    34.8617    27.6570    27.6586    1489.24    1489.25 0.0000e+00
      79583  90.187973   1313.000   1301.604     4.2730     4.2731   3.325955   3.326156     1.7089     1.7894   -0.00093   -0.00029     0.5448   101.0016    183.088    184.674         22    34.8592    34.8614    27.6566    27.6583    1489.23    1489.23 0.0000e+00
      79606  90.187988   1312.000   1300.616     4.2731     4.2732   3.325865   3.326057     1.7082     1.7891   -0.00025   -0.00078     0.5462   101.0016    183.238    184.382         23    34.8584    34.8606    27.6559    27.6577    1489.21    1489.22 0.0000e+00
      79631  90.187996   1311.000   1299.628     4.2731     4.2732   3.325757   3.325942     1.7080     1.7886   -0.00003   -0.00058     0.5482   101.0016    183.291    184.163         27    34.8578    34.8598    27.6554    27.6570    1489.19    1489.20 0.0000e+00
      79660  90.188011   1310.000   1298.640     4.2732     4.2732   3.325666   3.325857     1.7076     1.7878   -0.00021   -0.00075     0.5327   101.0016    182.860    183.942         34    34.8571    34.8592    27.6548    27.6565    1489.18    1489.18 0.0000e+00
      79700  90.188026   1309.000   1297.651     4.2722     4.2733   3.325583   3.325751     1.7056     1.7864   -0.00052   -0.00018     0.5383   100.9973    182.189    183.324         43    34.8576    34.8584    27.6553    27.6559    1489.16    1489.16 0.0000e+00
      79736  90.188049   1308.000   1296.663     4.2744     4.2745   3.325566   3.325765     1.7039     1.7844   -0.00072   -0.00089     0.5438   100.9947    182.359    183.053         27    34.8556    34.8578    27.6535    27.6552    1489.15    1489.15 0.0000e+00
      79758  90.188057   1307.000   1295.675     4.2768     4.2773   3.325740   3.325961     1.7033     1.7836   -0.00087   -0.00127     0.5437   100.9986    182.250    183.197         18    34.8556    34.8577    27.6532    27.6549    1489.14    1489.15 0.0000e+00
      79776  90.188065   1306.000   1294.687     4.2770     4.2772   3.325619   3.325806     1.7030     1.7832   -0.00119   -0.00176     0.5437   101.0049    182.116    183.007         17    34.8545    34.8565    27.6523    27.6539    1489.12    1489.13 0.0000e+00
      79792  90.188072   1305.000   1293.698     4.2759     4.2760   3.325358   3.325558     1.7023     1.7824   -0.00143   -0.00097     0.5437   100.9982    181.720    182.942         17    34.8531    34.8553    27.6514    27.6530    1489.10    1489.10 0.0000e+00
      79810  90.188080   1304.000   1292.710     4.2733     4.2737   3.324958   3.325181     1.7014     1.7821   -0.00103   -0.00053     0.5437   101.0016    181.470    182.982         18    34.8516    34.8538    27.6504    27.6521    1489.07    1489.08 0.0000e+00
      79829  90.188095   1303.000   1291.722     4.2678     4.2699   3.324266   3.324697     1.7001     1.7813   -0.00074   -0.00053     0.5437   100.9758    181.046    182.341         22    34.8498    34.8527    27.6496    27.6516    1489.03    1489.04 0.0000e+00
      79857  90.188103   1302.000   1290.733     4.2652     4.2660   3.323985   3.324227     1.6977     1.7794   -0.00079   -0.00097     0.5437   100.9922    180.632    181.769         35    34.8497    34.8517    27.6497    27.6512    1489.00    1489.01 0.0000e+00
      79904  90.188126   1301.000   1289.745     4.2715     4.2671   3.324784   3.324388     1.6954     1.7767   -0.00128   -0.00185     0.5437   100.9791    180.728    181.810         52    34.8530    34.8530    27.6516    27.6521    1489.02    1489.00 0.0000e+00
      79942  90.188148   1300.000   1288.757     4.2591     4.2566   3.323086   3.322926     1.6935     1.7752   -0.00157   -0.00152     0.5437   101.0047    180.222    181.307         26    34.8466    34.8473    27.6478    27.6487    1488.94    1488.93 0.0000e+00
      79964  90.188156   1299.000   1287.768     4.2562     4.2554   3.322662   3.322732     1.6919     1.7733   -0.00124   -0.00078     0.5437   101.0029    179.650    180.631         21    34.8451    34.8468    27.6470    27.6484    1488.91    1488.91 0.0000e+00
      79985  90.188164   1298.000   1286.780     4.2577     4.2577   3.322716   3.322905     1.6902     1.7716   -0.00092   -0.00106     0.5437   101.0029    179.699    180.440         20    34.8448    34.8469    27.6465    27.6483    1488.90    1488.90 0.0000e+00
      80007  90.188179   1297.000   1285.792     4.2591     4.2592   3.322794   3.322995     1.6894     1.7701   -0.00128   -0.00133     0.5437   101.0016    179.720    180.222         26    34.8447    34.8469    27.6463    27.6481    1488.89    1488.89 0.0000e+00
      80036  90.188194   1296.000   1284.804     4.2592     4.2594   3.322777   3.322972     1.6882     1.7680   -0.00188   -0.00193     0.5437   101.0016    179.665    180.088         31    34.8448    34.8469    27.6464    27.6480    1488.87    1488.87 0.0000e+00
      80064  90.188210   1295.000   1283.815     4.2597     4.2599   3.322763   3.322946     1.6873     1.7663   -0.00181   -0.00118     0.5437   101.0016    179.401    180.266         25    34.8446    34.8466    27.6462    27.6477    1488.86    1488.86 0.0000e+00
      80087  90.188217   1294.000   1282.827     4.2599     4.2600   3.322728   3.322901     1.6861     1.7658   -0.00178   -0.00098     0.5437   101.0016    179.212    180.375         20    34.8445    34.8464    27.6461    27.6476    1488.84    1488.84 0.0000e+00
      80106  90.188225   1293.000   1281.839     4.2600     4.2602   3.322665   3.322866     1.6858     1.7649   -0.00153   -0.00077     0.5290   101.0016    179.448    180.248         18    34.8442    34.8463    27.6458    27.6475    1488.82    1488.83 0.0000e+00
      80123  90.188232   1292.000   1280.850     4.2599     4.2599   3.322587   3.322769     1.6857     1.7647   -0.00137   -0.00073     0.5251   101.0016    179.481    180.656         18    34.8439    34.8460    27.6455    27.6473    1488.81    1488.81 0.0000e+00
      80142  90.188240   1291.000   1279.862     4.2596     4.2596   3.322515   3.322707     1.6853     1.7647   -0.00084   -0.00104     0.5464   101.0016    179.523    180.712         20    34.8438    34.8461    27.6455    27.6473    1488.79    1488.79 0.0000e+00
      80169  90.188255   1290.000   1278.874     4.2593     4.2594   3.322481   3.322685     1.6857     1.7645   -0.00071   -0.00060     0.5447   101.0016    179.575    180.465         38    34.8442    34.8466    27.6459    27.6477    1488.77    1488.77 0.0000e+00
      80216  90.188278   1289.000   1277.885     4.2591     4.2593   3.322438   3.322632     1.6853     1.7640   -0.00003    0.00001     0.5444   101.0016    179.219    180.599         43    34.8445    34.8465    27.6461    27.6477    1488.75    1488.76 0.0000e+00
      80246  90.188293   1288.000   1276.897     4.2577     4.2575   3.322155   3.322309     1.6844     1.7641   -0.00036    0.00005     0.5437   101.0016    178.899    180.359         25    34.8431    34.8451    27.6452    27.6468    1488.73    1488.73 0.0000e+00
      80271  90.188301   1287.000   1275.909     4.2569     4.2566   3.321975   3.322124     1.6836     1.7635   -0.00021   -0.00030     0.5437   101.0016    178.740    180.213         26    34.8423    34.8444    27.6446    27.6462    1488.71    1488.71 0.0000e+00
      80300  90.188316   1286.000   1274.920     4.2565     4.2563   3.321859   3.322008     1.6824     1.7631   -0.00000   -0.00059     0.5453   101.0016    178.391    179.900         32    34.8419    34.8438    27.6443    27.6458    1488.69    1488.69 0.0000e+00
      80329  90.188332   1285.000   1273.932     4.2555     4.2554   3.321685   3.321830     1.6812     1.7621   -0.00043   -0.00084     0.5452   101.0016    178.500    179.525         25    34.8414    34.8432    27.6440    27.6454    1488.67    1488.67 0.0000e+00
      80351  90.188347   1284.000   1272.943     4.2537     4.2532   3.321388   3.321488     1.6810     1.7612   -0.00031   -0.00089     0.5392   101.0016    178.566    179.453         20    34.8403    34.8420    27.6432    27.6447    1488.64    1488.64 0.0000e+00
      80371  90.188354   1283.000   1271.955     4.2511     4.2511   3.320973   3.321162     1.6807     1.7608   -0.00066   -0.00119     0.5164   101.0016    178.094    179.343         19    34.8387    34.8408    27.6423    27.6439    1488.61    1488.62 0.0000e+00
      80392  90.188362   1282.000   1270.967     4.2482     4.2483   3.320531   3.320725     1.6792     1.7597   -0.00088   -0.00075     0.5419   101.0016    177.526    178.856         23    34.8370    34.8392    27.6412    27.6429    1488.58    1488.59 0.0000e+00
      80417  90.188377   1281.000   1269.978     4.2476     4.2476   3.320426   3.320614     1.6773     1.7582   -0.00083   -0.00029     0.5436   101.0016    177.331    178.498         28    34.8369    34.8391    27.6412    27.6429    1488.56    1488.57 0.0000e+00
      80446  90.188393   1280.000   1268.990     4.2477     4.2476   3.320356   3.320534     1.6758     1.7566   -0.00094   -0.00124     0.5437   101.0016    177.189    178.417         28    34.8365    34.8386    27.6408    27.6426    1488.55    1488.55 0.0000e+00
      80474  90.188400   1279.000   1268.002     4.2491     4.2495   3.320440   3.320611     1.6742     1.7555   -0.00134   -0.00174     0.5437   101.0016    176.954    178.462         27    34.8365    34.8381    27.6407    27.6419    1488.54    1488.54 0.0000e+00
      80498  90.188416   1278.000   1267.013     4.2486     4.2479   3.320262   3.320345     1.6731     1.7545   -0.00141   -0.00139     0.5437   101.0016    176.746    178.232         23    34.8354    34.8371    27.6398    27.6413    1488.52    1488.51 0.0000e+00
      80520  90.188423   1277.000   1266.025     4.2464     4.2462   3.319936   3.320093     1.6717     1.7536   -0.00113   -0.00129     0.5437   101.0016    176.614    177.963         22    34.8344    34.8365    27.6393    27.6409    1488.49    1488.49 0.0000e+00
      80542  90.188438   1276.000   1265.036     4.2470     4.2471   3.319911   3.320093     1.6711     1.7525   -0.00090   -0.00126     0.5437   101.0016    176.731    178.101         22    34.8340    34.8360    27.6389    27.6405    1488.47    1488.48 0.0000e+00
      80567  90.188446   1275.000   1264.048     4.2489     4.2489   3.320014   3.320225     1.6701     1.7520   -0.00098   -0.00126     0.5437   101.0016    176.147    177.924         28    34.8337    34.8361    27.6385    27.6404    1488.46    1488.47 0.0000e+00
      80600  90.188461   1274.000   1263.060     4.2506     4.2522   3.320165   3.320480     1.6681     1.7508   -0.00100   -0.00089     0.5437   101.0059    176.007    177.958         37    34.8342    34.8362    27.6387    27.6401    1488.45    1488.46 0.0000e+00
      80633  90.188484   1273.000   1262.071     4.2512     4.2521   3.320089   3.320337     1.6668     1.7504   -0.00072   -0.00128     0.5437   101.0014    175.764    178.143         28    34.8331    34.8351    27.6377    27.6393    1488.44    1488.45 0.0000e+00
      80658  90.188492   1272.000   1261.083     4.2571     4.2587   3.320610   3.320961     1.6657     1.7500   -0.00081   -0.00133     0.5437   101.0035    175.915    177.888         23    34.8336    34.8360    27.6375    27.6392    1488.45    1488.46 0.0000e+00
      80682  90.188507   1271.000   1260.094     4.2618     4.2631   3.321023   3.321368     1.6661     1.7499   -0.00036   -0.00092     0.5437   100.9909    176.561    178.114         25    34.8340    34.8366    27.6373    27.6392    1488.45    1488.46 0.0000e+00
      80709  90.188515   1270.000   1259.106     4.2684     4.2697   3.321633   3.321930     1.6674     1.7499   -0.00018   -0.00108     0.5261   101.0026    176.611    178.080         29    34.8347    34.8368    27.6371    27.6386    1488.46    1488.47 0.0000e+00
      80737  90.188530   1269.000   1258.117     4.2687     4.2693   3.321507   3.321706     1.6675     1.7499   -0.00011    0.00004     0.5404   100.9871    176.115    177.904         27    34.8334    34.8351    27.6361    27.6373    1488.45    1488.45 0.0000e+00
      80763  90.188545   1268.000   1257.129     4.2677     4.2679   3.321293   3.321481     1.6669     1.7493   -0.00009    0.00103     0.5437   100.9992    175.896    177.077         24    34.8324    34.8344    27.6354    27.6370    1488.42    1488.43 0.0000e+00
      80787  90.188553   1267.000   1256.141     4.2646     4.2642   3.320858   3.320929     1.6665     1.7479   -0.00013    0.00043     0.5449   100.9994    175.879    176.657         25    34.8312    34.8324    27.6347    27.6357    1488.39    1488.39 0.0000e+00
      80814  90.188568   1266.000   1255.152     4.2581     4.2561   3.320035   3.319927     1.6660     1.7464   -0.00038   -0.00037     0.5437   101.0015    175.827    176.451         30    34.8288    34.8296    27.6335    27.6344    1488.35    1488.34 0.0000e+00
      80842  90.188583   1265.000   1254.164     4.2516     4.2509   3.319171   3.319240     1.6655     1.7449   -0.00128   -0.00044     0.5437   101.0016    175.501    176.455         25    34.8260    34.8275    27.6319    27.6332    1488.30    1488.30 0.0000e+00
      80864  90.188591   1264.000   1253.175     4.2561     4.2559   3.319483   3.319668     1.6645     1.7438   -0.00129   -0.00042     0.5437   101.0016    174.946    175.925         19    34.8254    34.8278    27.6310    27.6329    1488.30    1488.30 0.0000e+00
