data/CTD/fr25/fr25005.cnv
* Sea-Bird SBE 9 Data File:
* FileName = C:\SEASOFT\PIRATA-FR25\data\fr25005.hex
* Software Version Seasave V 7.23.2
* Temperature SN = 5196
* Conductivity SN = 4355
* Number of Bytes Per Scan = 37
* Number of Voltage Words = 4
* Number of Scans Averaged by the Deck Unit = 1
* NMEA Latitude = 06 01.97 S
* NMEA Longitude = 007 58.28 E
* NMEA UTC (Time) = Mar 31 2015 03:35:25
** Cruise: PIRATA-FR25
** Ship: THALASSA
** Station: 5
** Bottom Depth: 4180
** Pressure frequency switch pos 2:
** Operator: LG/GS
** Comments:
# nquan = 24                                
# nvalues = 4039                        
# units = specified
# name 0 = scan: Scan Count
# name 1 = timeJ: Julian Days
# name 2 = prDM: Pressure, Digiquartz [db]
# name 3 = depSM: Depth [salt water, m]
# name 4 = t090C: Temperature [ITS-90, deg C]
# name 5 = t190C: Temperature, 2 [ITS-90, deg C]
# name 6 = c0S/m: Conductivity [S/m]
# name 7 = c1S/m: Conductivity, 2 [S/m]
# name 8 = sbeox0V: Oxygen raw, SBE 43 [V]
# name 9 = sbeox1V: Oxygen raw, SBE 43, 2 [V]
# name 10 = sbeox1dOV/dT: Oxygen, SBE 43, 2 [dov/dt]
# name 11 = sbeox0dOV/dT: Oxygen, SBE 43 [dov/dt]
# name 12 = flECO-AFL: Fluorescence, WET Labs ECO-AFL/FL [mg/m^3]
# name 13 = CStarTr0: Beam Transmission, WET Labs C-Star [%]
# name 14 = sbeox0Mm/Kg: Oxygen, SBE 43 [umol/kg], WS = 2
# name 15 = sbeox1Mm/Kg: Oxygen, SBE 43, 2 [umol/kg], WS = 2
# name 16 = nbin: number of scans per bin
# name 17 = sal00: Salinity, Practical [PSU]
# name 18 = sal11: Salinity, Practical, 2 [PSU]
# name 19 = sigma-é00: Density [sigma-theta, kg/m^3]
# name 20 = sigma-é11: Density, 2 [sigma-theta, kg/m^3]
# name 21 = svCM: Sound Velocity [Chen-Millero, m/s]
# name 22 = svCM1: Sound Velocity, 2 [Chen-Millero, m/s]
# name 23 = flag: flag
# span 0 =        -87,     216848       
# span 1 =  90.149551,  90.254166       
# span 2 =      2.000,   2021.000       
# span 3 =      1.989,   2000.117       
# span 4 =     3.4303,    29.1736       
# span 5 =     3.4308,    29.1722       
# span 6 =   3.286484,   5.817132       
# span 7 =   3.286689,   5.817296       
# span 8 =     0.7100,     2.9847       
# span 9 =     0.7382,     3.1997       
# span 10 =   -0.11566,    0.16655      
# span 11 =   -0.10436,    0.15804      
# span 12 =     0.5113,     2.1179      
# span 13 =    88.8858,   101.0942      
# span 14 =     23.373,    222.855      
# span 15 =     23.697,    224.916      
# span 16 =          5,         85      
# span 17 =    31.8558,    35.8074      
# span 18 =    31.8606,    35.8350      
# span 19 =    19.7566,    27.8097      
# span 20 =    19.7601,    27.8112      
# span 21 =    1482.89,    1544.62      
# span 22 =    1482.89,    1544.62      
# span 23 = 0.0000e+00, 0.0000e+00      
# interval = decibars: 1                
# start_time = Mar 31 2015 03:35:25 [System UTC, header]
# bad_flag = -9.990e-29
*END*
[from data line 1631]
      46386  90.171967   1633.000   1617.602     3.9030     3.9035   3.312643   3.312840     1.8192     1.9076    0.00049   -0.00033     0.5453   101.0281    210.899    212.825         27    34.9343    34.9361    27.7576    27.7590    1493.12    1493.13 0.0000e+00
      46411  90.171974   1634.000   1618.589     3.9024     3.9028   3.312644   3.312831     1.8196     1.9080    0.00023   -0.00055     0.5349   101.0350    211.254    213.237         24    34.9345    34.9362    27.7578    27.7591    1493.14    1493.14 0.0000e+00
      46437  90.171989   1635.000   1619.575     3.9016     3.9021   3.312607   3.312803     1.8202     1.9086    0.00019   -0.00017     0.5343   101.0321    211.497    213.039         30    34.9344    34.9362    27.7578    27.7592    1493.15    1493.15 0.0000e+00
      46471  90.172005   1636.000   1620.562     3.9009     3.9014   3.312592   3.312790     1.8215     1.9087    0.00041    0.00034     0.5283   101.0378    211.562    212.884         36    34.9345    34.9363    27.7579    27.7594    1493.16    1493.17 0.0000e+00
      46504  90.172020   1637.000   1621.549     3.8998     3.9001   3.312547   3.312744     1.8215     1.9087    0.00032    0.00062     0.5322   101.0435    211.327    212.896         29    34.9346    34.9366    27.7581    27.7597    1493.18    1493.18 0.0000e+00
      46529  90.172035   1638.000   1622.536     3.8975     3.8980   3.312453   3.312644     1.8215     1.9087    0.00006    0.00066     0.5142   101.0444    211.357    212.967         23    34.9354    34.9371    27.7590    27.7603    1493.18    1493.19 0.0000e+00
      46551  90.172043   1639.000   1623.522     3.8951     3.8956   3.312294   3.312477     1.8214     1.9087    0.00003    0.00027     0.5196   101.0415    211.365    213.274         22    34.9355    34.9372    27.7594    27.7607    1493.19    1493.20 0.0000e+00
      46574  90.172058   1640.000   1624.509     3.8945     3.8950   3.312276   3.312464     1.8213     1.9093   -0.00002    0.00008     0.5360   101.0442    211.508    213.769         24    34.9355    34.9372    27.7594    27.7608    1493.21    1493.21 0.0000e+00
      46598  90.172066   1641.000   1625.496     3.8942     3.8946   3.312288   3.312482     1.8217     1.9099    0.00006   -0.00003     0.5284   101.0379    211.689    213.519         24    34.9355    34.9373    27.7595    27.7609    1493.22    1493.23 0.0000e+00
      46622  90.172081   1642.000   1626.482     3.8938     3.8943   3.312285   3.312483     1.8220     1.9102    0.00028   -0.00002     0.5181   101.0457    211.878    213.562         23    34.9354    34.9373    27.7595    27.7609    1493.24    1493.24 0.0000e+00
      46647  90.172089   1643.000   1627.469     3.8923     3.8927   3.312188   3.312388     1.8224     1.9104    0.00068    0.00013     0.5231   101.0432    211.956    213.548         28    34.9354    34.9373    27.7596    27.7611    1493.25    1493.25 0.0000e+00
      46681  90.172104   1644.000   1628.456     3.8910     3.8914   3.312117   3.312303     1.8235     1.9105    0.00028    0.00038     0.5186   101.0457    212.301    213.400         39    34.9354    34.9372    27.7597    27.7611    1493.26    1493.26 0.0000e+00
      46715  90.172127   1645.000   1629.443     3.8898     3.8902   3.312060   3.312248     1.8243     1.9106    0.00021    0.00038     0.5168   101.0496    212.425    213.558         27    34.9355    34.9373    27.7600    27.7614    1493.27    1493.27 0.0000e+00
      46738  90.172134   1646.000   1630.429     3.8892     3.8896   3.312063   3.312255     1.8246     1.9106    0.00005    0.00079     0.5401   101.0467    212.085    213.521         20    34.9357    34.9375    27.7602    27.7616    1493.28    1493.29 0.0000e+00
      46756  90.172142   1647.000   1631.416     3.8881     3.8885   3.312039   3.312229     1.8244     1.9107   -0.00002    0.00060     0.5374   101.0547    212.018    213.730         18    34.9361    34.9378    27.7606    27.7620    1493.30    1493.30 0.0000e+00
      46778  90.172150   1648.000   1632.403     3.8860     3.8864   3.311894   3.312081     1.8244     1.9110    0.00008    0.00062     0.5319   101.0485    212.513    214.325         28    34.9361    34.9378    27.7608    27.7622    1493.30    1493.31 0.0000e+00
      46824  90.172173   1649.000   1633.389     3.8867     3.8849   3.311965   3.311983     1.8260     1.9126    0.00017   -0.00009     0.5395   101.0425    212.867    214.490         50    34.9357    34.9378    27.7605    27.7623    1493.32    1493.32 0.0000e+00
      46858  90.172195   1650.000   1634.376     3.8836     3.8841   3.311768   3.311955     1.8269     1.9135    0.00087    0.00080     0.5517   101.0396    212.861    214.453         24    34.9362    34.9379    27.7612    27.7625    1493.33    1493.33 0.0000e+00
      46881  90.172203   1651.000   1635.363     3.8822     3.8827   3.311691   3.311877     1.8267     1.9137    0.00070    0.00077     0.5534   101.0380    212.824    214.176         23    34.9362    34.9379    27.7613    27.7626    1493.34    1493.34 0.0000e+00
      46906  90.172218   1652.000   1636.349     3.8794     3.8799   3.311470   3.311662     1.8274     1.9137    0.00041    0.00051     0.5486   101.0348    213.247    214.204         27    34.9361    34.9378    27.7615    27.7628    1493.34    1493.35 0.0000e+00
      46934  90.172226   1653.000   1637.336     3.8788     3.8792   3.311475   3.311665     1.8282     1.9137    0.00045    0.00027     0.5188   101.0457    213.161    214.319         28    34.9363    34.9381    27.7618    27.7631    1493.36    1493.36 0.0000e+00
      46959  90.172241   1654.000   1638.323     3.8775     3.8781   3.311403   3.311597     1.8281     1.9139    0.00018    0.00039     0.5216   101.0431    212.806    214.344         22    34.9363    34.9380    27.7619    27.7632    1493.37    1493.37 0.0000e+00
      46980  90.172249   1655.000   1639.309     3.8761     3.8765   3.311328   3.311520     1.8277     1.9138    0.00006    0.00073     0.5501   101.0481    212.868    214.440         22    34.9365    34.9382    27.7622    27.7635    1493.38    1493.38 0.0000e+00
      47005  90.172264   1656.000   1640.296     3.8758     3.8763   3.311329   3.311520     1.8280     1.9140    0.00014    0.00031     0.5442   101.0389    213.070    214.413         29    34.9362    34.9380    27.7621    27.7634    1493.40    1493.40 0.0000e+00
      47038  90.172279   1657.000   1641.283     3.8752     3.8756   3.311317   3.311504     1.8276     1.9141    0.00003   -0.00032     0.5436   101.0414    213.066    214.544         32    34.9362    34.9380    27.7621    27.7635    1493.41    1493.41 0.0000e+00
      47064  90.172295   1658.000   1642.269     3.8746     3.8749   3.311307   3.311497     1.8281     1.9143    0.00010    0.00011     0.5437   101.0398    213.186    214.570         22    34.9363    34.9382    27.7623    27.7637    1493.42    1493.43 0.0000e+00
      47084  90.172302   1659.000   1643.256     3.8739     3.8744   3.311320   3.311508     1.8280     1.9145    0.00003   -0.00009     0.5436   101.0439    213.059    214.573         19    34.9367    34.9384    27.7626    27.7639    1493.44    1493.44 0.0000e+00
      47103  90.172310   1660.000   1644.243     3.8740     3.8744   3.311402   3.311581     1.8279     1.9143    0.00017   -0.00007     0.5399   101.0385    213.071    214.796         20    34.9370    34.9387    27.7629    27.7642    1493.46    1493.46 0.0000e+00
      47130  90.172325   1661.000   1645.229     3.8735     3.8740   3.311394   3.311577     1.8277     1.9148    0.00012    0.00023     0.5329   101.0385    213.056    214.958         29    34.9370    34.9387    27.7629    27.7642    1493.47    1493.47 0.0000e+00
      47202  90.172356   1662.000   1646.216     3.8735     3.8738   3.311446   3.311622     1.8277     1.9150    0.00038   -0.00021     0.5373   101.0453    213.146    214.691         33    34.9372    34.9389    27.7631    27.7644    1493.49    1493.49 0.0000e+00
      47222  90.172371   1663.000   1647.202     3.8735     3.8739   3.311496   3.311684     1.8275     1.9150    0.00015    0.00010     0.5194   101.0393    212.988    214.747         19    34.9373    34.9391    27.7632    27.7646    1493.50    1493.51 0.0000e+00
      47239  90.172379   1664.000   1648.189     3.8729     3.8733   3.311487   3.311671     1.8273     1.9150    0.00006   -0.00002     0.5240   101.0383    212.907    214.775         16    34.9373    34.9390    27.7633    27.7646    1493.52    1493.52 0.0000e+00
      47254  90.172386   1665.000   1649.176     3.8716     3.8721   3.311440   3.311630     1.8271     1.9150    0.00003   -0.00006     0.5185   101.0398    213.065    214.814         15    34.9377    34.9393    27.7637    27.7650    1493.53    1493.53 0.0000e+00
      47269  90.172394   1666.000   1650.162     3.8705     3.8710   3.311406   3.311591     1.8269     1.9150    0.00002   -0.00005     0.5373   101.0363    213.395    214.848         16    34.9379    34.9396    27.7640    27.7653    1493.54    1493.55 0.0000e+00
      47289  90.172401   1667.000   1651.149     3.8697     3.8702   3.311389   3.311579     1.8276     1.9150   -0.00014   -0.00023     0.5518   101.0317    213.581    214.881         24    34.9380    34.9397    27.7642    27.7655    1493.56    1493.56 0.0000e+00
      47327  90.172417   1668.000   1652.135     3.8691     3.8693   3.311362   3.311543     1.8282     1.9150    0.00002   -0.00004     0.5393   101.0396    213.763    215.051         51    34.9379    34.9398    27.7642    27.7656    1493.57    1493.57 0.0000e+00
      47369  90.172440   1669.000   1653.122     3.8687     3.8691   3.311381   3.311567     1.8293     1.9164    0.00011    0.00042     0.5424   101.0489    214.031    215.448         29    34.9380    34.9398    27.7643    27.7657    1493.59    1493.59 0.0000e+00
      47393  90.172447   1670.000   1654.109     3.8684     3.8689   3.311434   3.311618     1.8298     1.9163    0.00048    0.00059     0.5470   101.0494    214.088    215.158         22    34.9385    34.9401    27.7647    27.7660    1493.60    1493.61 0.0000e+00
      47415  90.172462   1671.000   1655.095     3.8681     3.8685   3.311461   3.311647     1.8304     1.9163    0.00053    0.00056     0.5248   101.0521    214.232    215.196         23    34.9387    34.9404    27.7649    27.7662    1493.62    1493.62 0.0000e+00
      47446  90.172478   1672.000   1656.082     3.8672     3.8675   3.311415   3.311595     1.8308     1.9162    0.00007    0.00059     0.5157   101.0429    214.127    215.093         42    34.9386    34.9403    27.7649    27.7663    1493.63    1493.63 0.0000e+00
      47485  90.172493   1673.000   1657.068     3.8643     3.8647   3.311212   3.311403     1.8314     1.9161   -0.00010    0.00057     0.5418   101.0473    214.417    215.416         28    34.9388    34.9405    27.7654    27.7668    1493.64    1493.64 0.0000e+00
      47506  90.172501   1674.000   1658.055     3.8623     3.8628   3.311105   3.311295     1.8317     1.9163   -0.00018    0.00022     0.5228   101.0472    214.425    215.589         19    34.9390    34.9408    27.7658    27.7671    1493.64    1493.65 0.0000e+00
      47524  90.172516   1675.000   1659.041     3.8607     3.8613   3.311008   3.311206     1.8320     1.9165   -0.00001    0.00018     0.5131   101.0532    214.609    216.055         17    34.9391    34.9409    27.7660    27.7674    1493.65    1493.66 0.0000e+00
      47543  90.172523   1676.000   1660.028     3.8589     3.8594   3.310914   3.311103     1.8325     1.9174    0.00020    0.00049     0.5207   101.0452    214.960    216.158         21    34.9394    34.9412    27.7664    27.7678    1493.66    1493.67 0.0000e+00
      47571  90.172539   1677.000   1661.015     3.8574     3.8578   3.310810   3.311003     1.8337     1.9176    0.00027    0.00037     0.5213   101.0333    215.187    215.764         36    34.9393    34.9411    27.7665    27.7679    1493.67    1493.68 0.0000e+00
      47608  90.172554   1678.000   1662.001     3.8566     3.8570   3.310776   3.310960     1.8350     1.9182    0.00071    0.00076     0.5212   101.0476    215.240    216.375         34    34.9392    34.9410    27.7666    27.7680    1493.69    1493.69 0.0000e+00
      47640  90.172569   1679.000   1662.988     3.8560     3.8565   3.310782   3.310964     1.8353     1.9188    0.00011    0.00088     0.5229   101.0440    215.108    216.097         32    34.9394    34.9411    27.7668    27.7681    1493.70    1493.71 0.0000e+00
      47668  90.172585   1680.000   1663.974     3.8564     3.8569   3.310882   3.311065     1.8353     1.9192    0.00058    0.00080     0.5422   101.0347    214.996    216.525         25    34.9398    34.9414    27.7670    27.7683    1493.72    1493.72 0.0000e+00
      47690  90.172592   1681.000   1664.961     3.8562     3.8566   3.310900   3.311092     1.8356     1.9198    0.00057    0.00031     0.5256   101.0392    215.058    216.423         20    34.9397    34.9415    27.7670    27.7684    1493.74    1493.74 0.0000e+00
      47711  90.172600   1682.000   1665.947     3.8555     3.8560   3.310885   3.311078     1.8353     1.9197    0.00018    0.00025     0.5219   101.0308    214.792    215.964         21    34.9397    34.9415    27.7671    27.7685    1493.75    1493.75 0.0000e+00
      47738  90.172615   1683.000   1666.934     3.8549     3.8553   3.310868   3.311050     1.8349     1.9198    0.00053    0.00007     0.5216   101.0433    214.856    216.265         37    34.9397    34.9414    27.7672    27.7685    1493.76    1493.77 0.0000e+00
      47778  90.172638   1684.000   1667.920     3.8544     3.8548   3.310862   3.311039     1.8347     1.9201   -0.00004   -0.00032     0.5231   101.0506    215.119    216.320         34    34.9397    34.9413    27.7672    27.7685    1493.78    1493.78 0.0000e+00
      47803  90.172646   1685.000   1668.907     3.8535     3.8540   3.310822   3.311015     1.8348     1.9201    0.00001   -0.00031     0.5187   101.0481    215.061    216.260         20    34.9397    34.9414    27.7673    27.7686    1493.79    1493.80 0.0000e+00
      47821  90.172653   1686.000   1669.893     3.8518     3.8523   3.310715   3.310903     1.8348     1.9201    0.00030   -0.00021     0.5252   101.0379    214.780    216.292         17    34.9397    34.9413    27.7675    27.7688    1493.80    1493.81 0.0000e+00
      47839  90.172661   1687.000   1670.880     3.8501     3.8506   3.310603   3.310794     1.8342     1.9201    0.00019    0.00003     0.5203   101.0318    214.534    215.995         19    34.9397    34.9414    27.7677    27.7690    1493.81    1493.82 0.0000e+00
      47868  90.172676   1688.000   1671.866     3.8500     3.8501   3.310620   3.310787     1.8332     1.9194   -0.00007   -0.00000     0.5414   101.0409    214.507    216.011         32    34.9396    34.9414    27.7676    27.7690    1493.83    1493.83 0.0000e+00
      47927  90.172707   1689.000   1672.853     3.8484     3.8490   3.310519   3.310721     1.8322     1.9190   -0.00039   -0.00092     0.5437   101.0431    214.576    216.107         33    34.9396    34.9413    27.7678    27.7691    1493.84    1493.84 0.0000e+00
      47949  90.172714   1690.000   1673.839     3.8476     3.8481   3.310513   3.310707     1.8318     1.9190   -0.00007   -0.00051     0.5437   101.0509    214.578    216.227         20    34.9398    34.9416    27.7680    27.7694    1493.85    1493.86 0.0000e+00
      47967  90.172729   1691.000   1674.826     3.8476     3.8481   3.310556   3.310738     1.8317     1.9189   -0.00030   -0.00032     0.5437   101.0388    214.705    216.126         18    34.9398    34.9415    27.7681    27.7693    1493.87    1493.87 0.0000e+00
