data/CTD/fr25/fr25005.cnv
* Sea-Bird SBE 9 Data File:
* FileName = C:\SEASOFT\PIRATA-FR25\data\fr25005.hex
* Software Version Seasave V 7.23.2
* Temperature SN = 5196
* Conductivity SN = 4355
* Number of Bytes Per Scan = 37
* Number of Voltage Words = 4
* Number of Scans Averaged by the Deck Unit = 1
* NMEA Latitude = 06 01.97 S
* NMEA Longitude = 007 58.28 E
* NMEA UTC (Time) = Mar 31 2015 03:35:25
** Cruise: PIRATA-FR25
** Ship: THALASSA
** Station: 5
** Bottom Depth: 4180
** Pressure frequency switch pos 2:
** Operator: LG/GS
** Comments:
# nquan = 24                                
# nvalues = 4039                        
# units = specified
# name 0 = scan: Scan Count
# name 1 = timeJ: Julian Days
# name 2 = prDM: Pressure, Digiquartz [db]
# name 3 = depSM: Depth [salt water, m]
# name 4 = t090C: Temperature [ITS-90, deg C]
# name 5 = t190C: Temperature, 2 [ITS-90, deg C]
# name 6 = c0S/m: Conductivity [S/m]
# name 7 = c1S/m: Conductivity, 2 [S/m]
# name 8 = sbeox0V: Oxygen raw, SBE 43 [V]
# name 9 = sbeox1V: Oxygen raw, SBE 43, 2 [V]
# name 10 = sbeox1dOV/dT: Oxygen, SBE 43, 2 [dov/dt]
# name 11 = sbeox0dOV/dT: Oxygen, SBE 43 [dov/dt]
# name 12 = flECO-AFL: Fluorescence, WET Labs ECO-AFL/FL [mg/m^3]
# name 13 = CStarTr0: Beam Transmission, WET Labs C-Star [%]
# name 14 = sbeox0Mm/Kg: Oxygen, SBE 43 [umol/kg], WS = 2
# name 15 = sbeox1Mm/Kg: Oxygen, SBE 43, 2 [umol/kg], WS = 2
# name 16 = nbin: number of scans per bin
# name 17 = sal00: Salinity, Practical [PSU]
# name 18 = sal11: Salinity, Practical, 2 [PSU]
# name 19 = sigma-é00: Density [sigma-theta, kg/m^3]
# name 20 = sigma-é11: Density, 2 [sigma-theta, kg/m^3]
# name 21 = svCM: Sound Velocity [Chen-Millero, m/s]
# name 22 = svCM1: Sound Velocity, 2 [Chen-Millero, m/s]
# name 23 = flag: flag
# span 0 =        -87,     216848       
# span 1 =  90.149551,  90.254166       
# span 2 =      2.000,   2021.000       
# span 3 =      1.989,   2000.117       
# span 4 =     3.4303,    29.1736       
# span 5 =     3.4308,    29.1722       
# span 6 =   3.286484,   5.817132       
# span 7 =   3.286689,   5.817296       
# span 8 =     0.7100,     2.9847       
# span 9 =     0.7382,     3.1997       
# span 10 =   -0.11566,    0.16655      
# span 11 =   -0.10436,    0.15804      
# span 12 =     0.5113,     2.1179      
# span 13 =    88.8858,   101.0942      
# span 14 =     23.373,    222.855      
# span 15 =     23.697,    224.916      
# span 16 =          5,         85      
# span 17 =    31.8558,    35.8074      
# span 18 =    31.8606,    35.8350      
# span 19 =    19.7566,    27.8097      
# span 20 =    19.7601,    27.8112      
# span 21 =    1482.89,    1544.62      
# span 22 =    1482.89,    1544.62      
# span 23 = 0.0000e+00, 0.0000e+00      
# interval = decibars: 1                
# start_time = Mar 31 2015 03:35:25 [System UTC, header]
# bad_flag = -9.990e-29
*END*
[from data line 363]
      11937  90.155350    365.000    362.653     9.8284     9.8283   3.801296   3.801253     0.7271     0.7572    0.00106    0.00127     0.5437   100.6602     26.333     27.216         36    34.9196    34.9193    26.9256    26.9254    1495.13    1495.13 0.0000e+00
      11991  90.155380    366.000    363.646     9.7873     9.7842   3.797032   3.796738     0.7302     0.7612    0.00161    0.00139     0.5437   100.6806     26.586     27.447         61    34.9152    34.9151    26.9290    26.9295    1494.99    1494.98 0.0000e+00
      12032  90.155396    367.000    364.639     9.7382     9.7397   3.791989   3.792112     0.7322     0.7631    0.00198    0.00148     0.5437   100.6883     26.946     27.759         25    34.9104    34.9102    26.9336    26.9332    1494.83    1494.83 0.0000e+00
      12051  90.155403    368.000    365.631     9.7069     9.7087   3.788840   3.788924     0.7334     0.7646    0.00139    0.00092     0.5437   100.6854     27.164     28.111         17    34.9079    34.9071    26.9369    26.9359    1494.73    1494.73 0.0000e+00
      12067  90.155411    369.000    366.624     9.6691     9.6716   3.784996   3.785112     0.7347     0.7658    0.00106    0.00106     0.5437   100.6894     27.481     28.422         15    34.9046    34.9033    26.9406    26.9392    1494.60    1494.61 0.0000e+00
      12082  90.155418    370.000    367.617     9.6441     9.6458   3.782375   3.782490     0.7361     0.7675    0.00116    0.00122     0.5437   100.6909     27.742     28.587         15    34.9013    34.9009    26.9423    26.9417    1494.52    1494.53 0.0000e+00
      12098  90.155426    371.000    368.610     9.6250     9.6262   3.780378   3.780482     0.7376     0.7684    0.00134    0.00139     0.5437   100.6906     28.034     28.811         17    34.8988    34.8988    26.9435    26.9433    1494.47    1494.47 0.0000e+00
      12117  90.155441    372.000    369.602     9.6058     9.6068   3.778350   3.778450     0.7402     0.7708    0.00176    0.00154     0.5437   100.6827     28.328     29.235         24    34.8962    34.8961    26.9446    26.9444    1494.41    1494.42 0.0000e+00
      12150  90.155457    373.000    370.595     9.5796     9.5784   3.775640   3.775578     0.7431     0.7742    0.00216    0.00234     0.5437   100.6937     28.506     29.479         41    34.8931    34.8937    26.9466    26.9472    1494.33    1494.33 0.0000e+00
      12195  90.155472    374.000    371.587     9.5594     9.5604   3.773594   3.773740     0.7460     0.7777    0.00256    0.00244     0.5422   100.6990     28.693     29.594         48    34.8911    34.8917    26.9484    26.9487    1494.27    1494.27 0.0000e+00
      12242  90.155495    375.000    372.580     9.5447     9.5453   3.772099   3.772191     0.7483     0.7800    0.00193    0.00163     0.5445   100.6939     28.918     29.612         40    34.8895    34.8899    26.9496    26.9499    1494.23    1494.23 0.0000e+00
      12271  90.155510    376.000    373.573     9.5288     9.5304   3.770501   3.770671     0.7495     0.7810    0.00146    0.00117     0.5705   100.7097     28.969     29.704         22    34.8880    34.8882    26.9511    26.9510    1494.19    1494.19 0.0000e+00
      12290  90.155518    377.000    374.565     9.5121     9.5129   3.768815   3.768857     0.7499     0.7817    0.00120    0.00124     0.5415   100.7094     29.086     29.943         17    34.8863    34.8860    26.9526    26.9522    1494.14    1494.14 0.0000e+00
      12307  90.155533    378.000    375.558     9.4936     9.4948   3.766901   3.766993     0.7506     0.7828    0.00095    0.00106     0.5437   100.6923     29.351     30.278         17    34.8840    34.8838    26.9538    26.9535    1494.09    1494.09 0.0000e+00
      12325  90.155540    379.000    376.551     9.4682     9.4693   3.764287   3.764330     0.7520     0.7842    0.00077    0.00100     0.5437   100.6972     29.654     30.612         19    34.8812    34.8806    26.9559    26.9552    1494.01    1494.01 0.0000e+00
      12347  90.155548    380.000    377.543     9.4461     9.4470   3.761984   3.762070     0.7540     0.7861    0.00093    0.00061     0.5437   100.6933     30.023     31.046         25    34.8784    34.8785    26.9573    26.9572    1493.94    1493.94 0.0000e+00
      12374  90.155563    381.000    378.536     9.4225     9.4234   3.759548   3.759657     0.7564     0.7892    0.00147    0.00129     0.5437   100.7025     30.285     31.531         29    34.8758    34.8760    26.9591    26.9592    1493.87    1493.87 0.0000e+00
      12404  90.155579    382.000    379.529     9.3932     9.3949   3.756578   3.756756     0.7592     0.7925    0.00215    0.00207     0.5437   100.6995     30.708     31.779         31    34.8730    34.8732    26.9618    26.9617    1493.77    1493.78 0.0000e+00
      12434  90.155594    383.000    380.521     9.3696     9.3707   3.754189   3.754280     0.7622     0.7953    0.00270    0.00222     0.5437   100.7145     31.039     31.977         29    34.8707    34.8706    26.9639    26.9636    1493.70    1493.71 0.0000e+00
      12463  90.155602    384.000    381.514     9.3401     9.3411   3.751172   3.751265     0.7646     0.7975    0.00254    0.00220     0.5437   100.6957     31.323     32.336         29    34.8677    34.8677    26.9664    26.9662    1493.61    1493.61 0.0000e+00
      12496  90.155624    385.000    382.506     9.3194     9.3200   3.749107   3.749190     0.7672     0.8004    0.00213    0.00227     0.5437   100.7082     31.497     32.420         38    34.8659    34.8662    26.9684    26.9685    1493.55    1493.55 0.0000e+00
      12535  90.155640    386.000    383.499     9.3048     9.3055   3.747625   3.747744     0.7694     0.8023    0.00213    0.00204     0.5437   100.7018     31.774     32.315         39    34.8644    34.8649    26.9696    26.9699    1493.51    1493.51 0.0000e+00
      12570  90.155655    387.000    384.492     9.2924     9.2934   3.746360   3.746487     0.7708     0.8032    0.00150    0.00140     0.5437   100.7176     31.632     32.329         30    34.8628    34.8632    26.9703    26.9705    1493.48    1493.48 0.0000e+00
      12597  90.155670    388.000    385.484     9.2687     9.2704   3.743911   3.744064     0.7711     0.8037    0.00105    0.00145     0.5437   100.7076     31.724     32.297         23    34.8600    34.8599    26.9720    26.9717    1493.40    1493.41 0.0000e+00
      12618  90.155678    389.000    386.477     9.2482     9.2495   3.741820   3.741933     0.7714     0.8038    0.00054    0.00140     0.5437   100.7070     31.806     32.496         19    34.8578    34.8577    26.9737    26.9734    1493.34    1493.35 0.0000e+00
      12635  90.155685    390.000    387.469     9.2313     9.2327   3.740067   3.740198     0.7720     0.8047    0.00060    0.00036     0.5437   100.6995     31.960     32.721         17    34.8556    34.8556    26.9747    26.9745    1493.29    1493.30 0.0000e+00
      12652  90.155693    391.000    388.462     9.2168     9.2180   3.738529   3.738610     0.7726     0.8051    0.00045    0.00027     0.5437   100.6969     32.128     32.999         18    34.8532    34.8529    26.9753    26.9748    1493.25    1493.26 0.0000e+00
      12671  90.155708    392.000    389.454     9.1767     9.1789   3.734374   3.734465     0.7735     0.8069    0.00030    0.00042     0.5437   100.7049     32.573     33.925         21    34.8486    34.8474    26.9781    26.9769    1493.12    1493.12 0.0000e+00
      12699  90.155716    393.000    390.447     9.1494     9.1495   3.731615   3.731618     0.7770     0.8111    0.00080    0.00064     0.5437   100.6999     33.293     34.706         37    34.8461    34.8460    26.9806    26.9805    1493.03    1493.03 0.0000e+00
      12744  90.155739    394.000    391.440     9.1296     9.1291   3.729517   3.729466     0.7831     0.8180    0.00282    0.00208     0.5437   100.6948     34.072     35.433         45    34.8430    34.8430    26.9814    26.9815    1492.97    1492.97 0.0000e+00
      12779  90.155754    395.000    392.432     9.0967     9.0980   3.726185   3.726272     0.7880     0.8224    0.00366    0.00328     0.5437   100.7069     34.831     35.824         28    34.8399    34.8396    26.9842    26.9838    1492.86    1492.87 0.0000e+00
      12807  90.155769    396.000    393.425     9.0470     9.0481   3.721055   3.721106     0.7922     0.8265    0.00356    0.00315     0.5437   100.7149     35.435     36.772         29    34.8344    34.8339    26.9879    26.9874    1492.69    1492.69 0.0000e+00
      12835  90.155785    397.000    394.417     9.0202     9.0215   3.718281   3.718423     0.7970     0.8315    0.00301    0.00334     0.5437   100.7104     36.115     37.435         26    34.8312    34.8314    26.9897    26.9897    1492.60    1492.61 0.0000e+00
      12860  90.155800    398.000    395.410     9.0051     9.0063   3.716770   3.716897     0.8011     0.8358    0.00334    0.00373     0.5437   100.7101     36.625     37.857         23    34.8296    34.8298    26.9909    26.9909    1492.56    1492.57 0.0000e+00
      12882  90.155807    399.000    396.402     8.9972     8.9981   3.716019   3.716145     0.8048     0.8392    0.00412    0.00389     0.5437   100.7044     36.868     38.066         22    34.8291    34.8295    26.9918    26.9920    1492.55    1492.55 0.0000e+00
      12905  90.155815    400.000    397.395     8.9918     8.9928   3.715516   3.715654     0.8072     0.8422    0.00418    0.00409     0.5437   100.7126     36.757     37.939         25    34.8287    34.8291    26.9924    26.9925    1492.54    1492.55 0.0000e+00
      12932  90.155830    401.000    398.387     8.9893     8.9901   3.715327   3.715449     0.8087     0.8440    0.00397    0.00399     0.5437   100.7038     36.691     37.404         29    34.8286    34.8291    26.9927    26.9930    1492.55    1492.56 0.0000e+00
      12961  90.155846    402.000    399.380     8.9696     8.9702   3.713289   3.713354     0.8092     0.8440    0.00319    0.00281     0.5437   100.7097     36.496     36.949         29    34.8261    34.8262    26.9939    26.9939    1492.49    1492.49 0.0000e+00
      12988  90.155861    403.000    400.372     8.9498     8.9511   3.711274   3.711388     0.8088     0.8432    0.00172    0.00136     0.5437   100.7028     36.390     36.833         25    34.8239    34.8239    26.9953    26.9951    1492.43    1492.44 0.0000e+00
      13012  90.155869    404.000    401.365     8.9284     8.9296   3.709111   3.709232     0.8087     0.8431    0.00028    0.00075     0.5437   100.7242     36.599     37.229         24    34.8217    34.8218    26.9971    26.9970    1492.37    1492.37 0.0000e+00
      13038  90.155884    405.000    402.357     8.9096     8.9104   3.707181   3.707270     0.8095     0.8442   -0.00046   -0.00018     0.5437   100.7245     36.934     37.807         28    34.8194    34.8196    26.9982    26.9983    1492.31    1492.32 0.0000e+00
      13070  90.155899    406.000    403.350     8.8975     8.8983   3.705956   3.706058     0.8116     0.8462   -0.00017   -0.00005     0.5437   100.7245     37.274     38.181         35    34.8180    34.8183    26.9991    26.9992    1492.28    1492.29 0.0000e+00
      13105  90.155914    407.000    404.342     8.8711     8.8716   3.703288   3.703333     0.8134     0.8489    0.00121    0.00098     0.5437   100.7110     37.616     38.788         32    34.8154    34.8154    27.0012    27.0012    1492.20    1492.20 0.0000e+00
      13135  90.155930    408.000    405.335     8.8447     8.8456   3.700583   3.700652     0.8160     0.8523    0.00155    0.00144     0.5437   100.7122     38.125     39.513         30    34.8124    34.8123    27.0031    27.0029    1492.11    1492.12 0.0000e+00
      13165  90.155945    409.000    406.327     8.8180     8.8189   3.697914   3.698021     0.8192     0.8559    0.00202    0.00142     0.5437   100.7183     38.595     39.841         31    34.8100    34.8103    27.0054    27.0055    1492.03    1492.03 0.0000e+00
      13193  90.155960    410.000    407.320     8.7973     8.7983   3.695820   3.695945     0.8217     0.8585    0.00269    0.00211     0.5437   100.7109     38.737     39.835         25    34.8079    34.8082    27.0071    27.0071    1491.96    1491.97 0.0000e+00
      13216  90.155968    411.000    408.312     8.7751     8.7765   3.693594   3.693725     0.8233     0.8603    0.00291    0.00240     0.5437   100.7170     38.884     40.023         22    34.8058    34.8057    27.0089    27.0087    1491.90    1491.90 0.0000e+00
      13239  90.155975    412.000    409.305     8.7614     8.7624   3.692223   3.692327     0.8248     0.8618    0.00265    0.00251     0.5437   100.7161     39.318     40.329         23    34.8043    34.8044    27.0099    27.0098    1491.86    1491.86 0.0000e+00
      13264  90.155991    413.000    410.297     8.7444     8.7457   3.690479   3.690624     0.8278     0.8646    0.00190    0.00182     0.5437   100.7010     39.983     41.175         27    34.8022    34.8024    27.0110    27.0110    1491.81    1491.82 0.0000e+00
      13291  90.156006    414.000    411.290     8.7265     8.7276   3.688639   3.688737     0.8324     0.8686    0.00176    0.00158     0.5437   100.7152     40.889     42.020         26    34.7999    34.7998    27.0120    27.0117    1491.76    1491.76 0.0000e+00
      13316  90.156013    415.000    412.282     8.6939     8.6951   3.685290   3.685372     0.8371     0.8730    0.00225    0.00256     0.5437   100.7076     41.531     42.839         25    34.7962    34.7959    27.0142    27.0138    1491.65    1491.65 0.0000e+00
      13342  90.156029    416.000    413.275     8.6673     8.6682   3.682601   3.682677     0.8418     0.8781    0.00332    0.00358     0.5437   100.7073     42.114     43.708         28    34.7934    34.7934    27.0162    27.0161    1491.56    1491.57 0.0000e+00
      13375  90.156044    417.000    414.267     8.6393     8.6390   3.679728   3.679700     0.8483     0.8856    0.00420    0.00450     0.5437   100.7075     43.123     44.815         38    34.7902    34.7901    27.0181    27.0181    1491.47    1491.47 0.0000e+00
      13412  90.156059    418.000    415.260     8.6173     8.6179   3.677479   3.677552     0.8565     0.8942    0.00501    0.00442     0.5437   100.7105     44.176     45.841         33    34.7876    34.7877    27.0195    27.0195    1491.40    1491.41 0.0000e+00
      13441  90.156075    419.000    416.252     8.6028     8.6035   3.676024   3.676105     0.8622     0.9004    0.00546    0.00495     0.5437   100.7073     44.576     46.217         28    34.7859    34.7861    27.0204    27.0205    1491.36    1491.37 0.0000e+00
      13471  90.156090    420.000    417.245     8.5887     8.5896   3.674604   3.674708     0.8665     0.9057    0.00557    0.00529     0.5437   100.7008     44.998     46.737         31    34.7844    34.7846    27.0214    27.0215    1491.33    1491.33 0.0000e+00
      13501  90.156105    421.000    418.237     8.5735     8.5742   3.673081   3.673166     0.8712     0.9114    0.00500    0.00449     0.5437   100.7007     45.738     47.445         29    34.7828    34.7830    27.0226    27.0226    1491.28    1491.29 0.0000e+00
      13529  90.156120    422.000    419.229     8.5575     8.5585   3.671439   3.671543     0.8765     0.9165    0.00438    0.00360     0.5437   100.7108     46.643     48.286         26    34.7807    34.7808    27.0234    27.0233    1491.24    1491.24 0.0000e+00
      13552  90.156128    423.000    420.222     8.5353     8.5365   3.669225   3.669334     0.8813     0.9217    0.00439    0.00364     0.5437   100.6866     47.447     49.410         21    34.7786    34.7786    27.0252    27.0250    1491.17    1491.17 0.0000e+00
