data/CTD/fr25/fr25999.cnv
* Sea-Bird SBE 9 Data File:
* FileName = C:\SEASOFT\PIRATA-FR25\data\fr25002.hex
* Software Version Seasave V 7.23.2
* Temperature SN = 5196
* Conductivity SN = 4355
* Number of Bytes Per Scan = 37
* Number of Voltage Words = 4
* Number of Scans Averaged by the Deck Unit = 1
* NMEA Latitude = 02 59.87 N
* NMEA Longitude = 012 29.80 W
* NMEA UTC (Time) = Mar 22 2015 13:59:54
** Cruise: PIRATA-FR25
** Ship: THALASSA
** Station: 2
** Bottom Depth: 4556
** Pressure frequency switch pos 2:
** Operator: JH/AF
** Comments:
# nquan = 24                                
# nvalues = 4040                        
# units = specified
# name 0 = scan: Scan Count
# name 1 = timeJ: Julian Days
# name 2 = prDM: Pressure, Digiquartz [db]
# name 3 = depSM: Depth [salt water, m]
# name 4 = t090C: Temperature [ITS-90, deg C]
# name 5 = t190C: Temperature, 2 [ITS-90, deg C]
# name 6 = c0S/m: Conductivity [S/m]
# name 7 = c1S/m: Conductivity, 2 [S/m]
# name 8 = sbeox0V: Oxygen raw, SBE 43 [V]
# name 9 = sbeox1V: Oxygen raw, SBE 43, 2 [V]
# name 10 = sbeox1dOV/dT: Oxygen, SBE 43, 2 [dov/dt]
# name 11 = sbeox0dOV/dT: Oxygen, SBE 43 [dov/dt]
# name 12 = flECO-AFL: Fluorescence, WET Labs ECO-AFL/FL [mg/m^3]
# name 13 = CStarTr0: Beam Transmission, WET Labs C-Star [%]
# name 14 = sbeox0Mm/Kg: Oxygen, SBE 43 [umol/kg], WS = 2
# name 15 = sbeox1Mm/Kg: Oxygen, SBE 43, 2 [umol/kg], WS = 2
# name 16 = nbin: number of scans per bin
# name 17 = sal00: Salinity, Practical [PSU]
# name 18 = sal11: Salinity, Practical, 2 [PSU]
# name 19 = sigma-é00: Density [sigma-theta, kg/m^3]
# name 20 = sigma-é11: Density, 2 [sigma-theta, kg/m^3]
# name 21 = svCM: Sound Velocity [Chen-Millero, m/s]
# name 22 = svCM1: Sound Velocity, 2 [Chen-Millero, m/s]
# name 23 = flag: flag
# span 0 =       1318,     155699       
# span 1 =  81.583900,  81.658348       
# span 2 =      2.000,   2022.000       
# span 3 =      1.989,   2001.190       
# span 4 =     3.4875,    29.5714       
# span 5 =     3.4879,    29.5694       
# span 6 =   3.293295,   5.799563       
# span 7 =   3.293373,   5.799522       
# span 8 =     1.1874,     3.0606       
# span 9 =     1.2442,     3.2089       
# span 10 =   -0.15365,    0.06411      
# span 11 =   -0.14716,    0.06548      
# span 12 =     0.5118,     3.2714      
# span 13 =    93.2626,   102.5948      
# span 14 =     78.743,    234.044      
# span 15 =     77.340,    235.132      
# span 16 =          0,         75      
# span 17 =    34.5252,    35.9526      
# span 18 =    34.5261,    35.9638      
# span 19 =    21.9210,    27.8193      
# span 20 =    21.9225,    27.8196      
# span 21 =    1483.09,    1544.83      
# span 22 =    1483.10,    1544.83      
# span 23 = 0.0000e+00, 0.0000e+00      
# interval = decibars: 1                
# start_time = Mar 22 2015 13:59:54 [System UTC, header]
# bad_flag = -9.990e-29
*END*
       1318  81.583900      3.000      2.983    29.5431    29.5464   5.795474   5.795816     2.8888     3.0741   -0.00238   -0.00075     0.5767   100.2652    191.225    192.791         47    35.0577    35.0576    21.9250    21.9238    1544.77    1544.77 0.0000e+00
       2376  81.584412      4.000      3.978    29.4525    29.4526   5.786496   5.786574     2.9097     3.0683   -0.00039   -0.00057     0.5743   100.3730    193.063    192.986         34    35.0622    35.0627    21.9591    21.9594    1544.60    1544.60 0.0000e+00
       2296  81.584373      5.000      4.972    29.4246    29.4240   5.784211   5.784270     2.9031     3.0736   -0.00085    0.00331     0.6042   100.3450    192.596    193.639         21    35.0666    35.0675    21.9719    21.9727    1544.56    1544.56 0.0000e+00
       2316  81.584381      6.000      5.967    29.4228    29.4224   5.783957   5.784039     2.9031     3.0773   -0.00314    0.00215     0.5766   100.3851    192.596    193.511         21    35.0659    35.0667    21.9720    21.9728    1544.57    1544.57 0.0000e+00
       2343  81.584396      7.000      6.961    29.4056    29.4051   5.781844   5.781934     2.8980     3.0735    0.00266   -0.00226     0.5778   100.4357    192.506    193.386         33    35.0637    35.0647    21.9763    21.9772    1544.55    1544.55 0.0000e+00
       2390  81.584419      8.000      7.956    29.3902    29.3901   5.779890   5.780049     2.9058     3.0796    0.00036   -0.00302     0.5920   100.4612    193.378    193.708         55    35.0613    35.0625    21.9798    21.9807    1544.53    1544.53 0.0000e+00
       2434  81.584435      9.000      8.950    29.3579    29.3586   5.776228   5.776401     2.9050     3.0708    0.00520    0.00391     0.6030   100.4165    192.999    193.164         33    35.0596    35.0603    21.9894    21.9897    1544.48    1544.48 0.0000e+00
       2463  81.584450     10.000      9.945    29.3227    29.3231   5.772492   5.772615     2.9017     3.0726   -0.00320    0.00356     0.5808   100.4572    192.878    193.737         29    35.0594    35.0601    22.0013    22.0016    1544.42    1544.42 0.0000e+00
       2492  81.584465     11.000     10.939    29.3103    29.3097   5.771132   5.771233     2.9004     3.0754   -0.00470   -0.00219     0.6045   100.4693    193.380    194.142         29    35.0590    35.0601    22.0052    22.0062    1544.41    1544.41 0.0000e+00
       2521  81.584480     12.000     11.934    29.3000    29.2996   5.770070   5.770164     2.9102     3.0733    0.00115   -0.00297     0.6047   100.4296    194.299    193.224         29    35.0589    35.0599    22.0087    22.0095    1544.41    1544.41 0.0000e+00
       2548  81.584496     13.000     12.928    29.2777    29.2779   5.767439   5.767549     2.9165     3.0722    0.00245   -0.00068     0.6047   100.5271    195.017    194.214         26    35.0569    35.0575    22.0147    22.0152    1544.37    1544.37 0.0000e+00
       2578  81.584503     14.000     13.922    29.2378    29.2384   5.765331   5.765382     2.9277     3.0824   -0.00168    0.00676     0.6047   100.5288    195.956    195.606         35    35.0713    35.0713    22.0391    22.0388    1544.32    1544.32 0.0000e+00
       2624  81.584526     15.000     14.917    29.1399    29.1406   5.768665   5.768692     2.9423     3.1003    0.00437    0.00760     0.6047   100.5437    197.586    197.021         53    35.1658    35.1655    22.1429    22.1425    1544.23    1544.23 0.0000e+00
       2668  81.584549     16.000     15.911    29.1049    29.1048   5.768794   5.768864     2.9594     3.1048    0.00972    0.00596     0.6047   100.7645    198.882    196.865         33    35.1921    35.1927    22.1745    22.1749    1544.20    1544.20 0.0000e+00
       2695  81.584564     17.000     16.906    29.0538    29.0552   5.767318   5.767415     2.9700     3.1157    0.01008    0.01287     0.6102   100.8367    199.809    199.238         24    35.2193    35.2190    22.2122    22.2114    1544.13    1544.14 0.0000e+00
       2719  81.584572     18.000     17.900    28.9787    28.9810   5.766245   5.766320     2.9742     3.1320    0.00001    0.00802     0.6329   100.8802    200.200    200.587         24    35.2671    35.2659    22.2732    22.2715    1544.04    1544.04 0.0000e+00
       2745  81.584587     19.000     18.894    28.8557    28.8616   5.763517   5.763657     2.9784     3.1412    0.00525    0.00841     0.6339   100.7379    201.054    200.535         30    35.3390    35.3356    22.3684    22.3639    1543.87    1543.88 0.0000e+00
       2782  81.584602     20.000     19.889    28.6538    28.6587   5.763440   5.763648     3.0003     3.1490    0.01446    0.00539     0.6478   100.7384    203.410    202.039         44    35.4885    35.4862    22.5480    22.5446    1543.61    1543.62 0.0000e+00
       2823  81.584625     21.000     20.883    28.5355    28.5361   5.753676   5.753832     3.0069     3.1605    0.00326    0.01004     0.6341   100.7929    203.922    202.607         35    35.5088    35.5094    22.6026    22.6028    1543.39    1543.39 0.0000e+00
       2855  81.584641     22.000     21.878    28.4952    28.4959   5.749718   5.749833     3.0147     3.1619    0.00903    0.01020     0.6391   100.8276    204.808    203.341         31    35.5111    35.5114    22.6178    22.6177    1543.32    1543.32 0.0000e+00
       2887  81.584656     23.000     22.872    28.4277    28.4297   5.748296   5.748425     3.0226     3.1732    0.00358    0.00349     0.6462   100.7931    205.453    204.306         34    35.5515    35.5509    22.6705    22.6694    1543.23    1543.24 0.0000e+00
       2921  81.584671     24.000     23.866    28.3488    28.3508   5.745183   5.745372     3.0286     3.1748    0.00410    0.00593     0.6369   100.7472    206.669    204.175         33    35.5888    35.5886    22.7247    22.7239    1543.12    1543.12 0.0000e+00
       2954  81.584686     25.000     24.861    28.2110    28.2201   5.742205   5.742409     3.0488     3.1839    0.00651    0.00412     0.6656   100.7730    208.740    206.720         33    35.6715    35.6661    22.8324    22.8253    1542.92    1542.94 0.0000e+00
