data/CTD/test/csp00401.cnv
* Sea-Bird SBE 9 Data File:
* FileName = C:\SEASOFT\CASSIOPEE\data\csp00401.hex
* Software Version Seasave V 7.23.1
* Temperature SN = 1328
* Conductivity SN = 1075
* Number of Bytes Per Scan = 40
* Number of Voltage Words = 5
* Number of Scans Averaged by the Deck Unit = 1
* NMEA Latitude = 09 39.63 S
* NMEA Longitude = 164 59.67 E
* NMEA UTC (Time) = Jul 24 2015 20:38:53
* NMEA baud rate = 4800
** Cruise : CASSIOPEE
** Ship: ATALANTE
** Station : 00401
** Type: PHY
** Bottom Depth: 2750
** Operator:  ESL, GE, M
** Comments:
# nquan = 28                                
# nvalues = 5565                        
# units = specified
# name 0 = scan: Scan Count
# name 1 = timeJ: Julian Days
# name 2 = prDM: Pressure, Digiquartz [db]
# name 3 = depSM: Depth [salt water, m]
# name 4 = t090C: Temperature [ITS-90, deg C]
# name 5 = t190C: Temperature, 2 [ITS-90, deg C]
# name 6 = c0S/m: Conductivity [S/m]
# name 7 = c1S/m: Conductivity, 2 [S/m]
# name 8 = sbeox0V: Oxygen raw, SBE 43 [V]
# name 9 = sbeox0dOV/dT: Oxygen, SBE 43 [dov/dt]
# name 10 = sbeox1V: Oxygen raw, SBE 43, 2 [V]
# name 11 = sbeox1dOV/dT: Oxygen, SBE 43, 2 [dov/dt]
# name 12 = CStarTr0: Beam Transmission, WET Labs C-Star [%]
# name 13 = flC: Fluorescence, Chelsea Aqua 3 Chl Con [ug/l]
# name 14 = par: PAR/Irradiance, Biospherical/Licor
# name 15 = spar: SPAR/Surface Irradiance
# name 16 = cpar: CPAR/Corrected Irradiance [%]
# name 17 = upoly0: Upoly 0, UVP5
# name 18 = sbeox0Mm/Kg: Oxygen, SBE 43 [umol/kg], WS = 2
# name 19 = sbeox1Mm/Kg: Oxygen, SBE 43, 2 [umol/kg], WS = 2
# name 20 = nbin: number of scans per bin
# name 21 = sal00: Salinity, Practical [PSU]
# name 22 = sal11: Salinity, Practical, 2 [PSU]
# name 23 = sigma-é00: Density [sigma-theta, kg/m^3]
# name 24 = sigma-é11: Density, 2 [sigma-theta, kg/m^3]
# name 25 = svCM: Sound Velocity [Chen-Millero, m/s]
# name 26 = svCM1: Sound Velocity, 2 [Chen-Millero, m/s]
# name 27 = flag: flag
# span 0 =       -147,     191621       
# span 1 = 205.860214, 205.952682       
# span 2 =      4.000,   2786.000       
# span 3 =      3.977,   2752.057       
# span 4 =     1.7894,    28.4525       
# span 5 =     1.7901,    28.4515       
# span 6 =   3.149852,   5.709193       
# span 7 =   3.149327,   5.708239       
# span 8 =     1.0458,     2.4160       
# span 9 =   -0.10182,    0.01742       
# span 10 =     1.0994,     2.5854      
# span 11 =   -0.11863,    0.01677      
# span 12 =    88.6517,    90.7014      
# span 13 =    -0.0054,     0.3194      
# span 14 = -3.815e-04, 2.7666e+02      
# span 15 = 2.6540e+02, 2.5568e+03      
# span 16 = -3.852e-05, 3.0706e+01      
# span 17 =  2.9058509,  82.666840      
# span 18 =     82.975,    181.140      
# span 19 =     85.911,    188.687      
# span 20 =          1,         67      
# span 21 =    34.5119,    35.9063      
# span 22 =    34.5057,    35.8831      
# span 23 =    22.1397,    27.7385      
# span 24 =    22.1382,    27.7328      
# span 25 =    1483.99,    1543.86      
# span 26 =    1483.97,    1543.85      
# span 27 = 0.0000e+00, 0.0000e+00      
# interval = decibars: 1                
# start_time = Jul 24 2015 20:38:48 [System UTC, header]
# bad_flag = -9.990e-29
*END*
       -147 205.860214      4.000      3.977    28.4203    28.4195   5.645510   5.644702     2.4160    0.00051     2.5854    0.00447    89.0966     0.2200 1.6963e+02 5.5235e+02 3.0706e+01  82.666840    180.868    188.476          1    34.8467    34.8417    22.1417    22.1382    1542.16    1542.15 0.0000e+00
        263 205.860397      5.000      4.972    28.4203    28.4188   5.645619   5.644756     2.4060    0.00101     2.5793    0.00013    89.1359     0.2301 1.4989e+02 5.5206e+02 2.7157e+01  53.735695    179.840    188.163         60    34.8472    34.8423    22.1422    22.1390    1542.17    1542.17 0.0000e+00
       1087 205.860794      6.000      5.966    28.4162    28.4161   5.645154   5.644538     2.4047   -0.00088     2.5754   -0.00101    89.1210     0.2353 1.2173e+02 5.6221e+02 2.1654e+01  60.255192    179.838    187.806         38    34.8467    34.8424    22.1432    22.1401    1542.18    1542.18 0.0000e+00
       1142 205.860825      7.000      6.960    28.4167    28.4159   5.645329   5.644564     2.4068    0.00093     2.5774    0.00031    89.0868     0.2292 1.0327e+02 5.5737e+02 1.8527e+01  80.924042    180.034    187.899         52    34.8472    34.8425    22.1435    22.1402    1542.20    1542.19 0.0000e+00
       1185 205.860855      8.000      7.955    28.4218    28.4204   5.646101   5.645250     2.4055    0.00111     2.5734    0.00127    89.1390     0.2388 9.7379e+01 5.5242e+02 1.7627e+01  34.015182    179.848    187.667         38    34.8485    34.8437    22.1429    22.1397    1542.23    1542.22 0.0000e+00
       1245 205.860870      9.000      8.949    28.4217    28.4212   5.646010   5.645351     2.4056   -0.00006     2.5775   -0.00191    89.1465     0.2641 8.8290e+01 5.6013e+02 1.5766e+01  28.206635    179.976    187.857         49    34.8478    34.8435    22.1425    22.1394    1542.24    1542.24 0.0000e+00
       1319 205.860916     10.000      9.943    28.4232    28.4205   5.646203   5.645164     2.4046    0.00093     2.5721    0.00021    89.1384     0.2613 8.4132e+01 5.6550e+02 1.4876e+01  28.243311    179.572    187.336         27    34.8477    34.8424    22.1420    22.1389    1542.26    1542.25 0.0000e+00
       1337 205.860916     11.000     10.938    28.4223    28.4206   5.646110   5.645263     2.3998   -0.00050     2.5736    0.00132    89.1372     0.2489 7.6286e+01 5.6168e+02 1.3581e+01  30.600170    179.445    187.711         19    34.8474    34.8428    22.1421    22.1392    1542.28    1542.27 0.0000e+00
       1356 205.860931     12.000     11.932    28.4216    28.4203   5.646068   5.645282     2.4042   -0.00099     2.5729   -0.00251    89.1394     0.2376 6.9622e+01 5.5914e+02 1.2451e+01  31.513294    180.240    187.675         21    34.8473    34.8428    22.1424    22.1395    1542.29    1542.29 0.0000e+00
       1382 205.860947     13.000     12.926    28.4213    28.4201   5.646090   5.645283     2.4073   -0.00250     2.5747   -0.00241    89.1268     0.2355 6.4998e+01 5.5909e+02 1.1626e+01  27.648121    180.294    187.896         33    34.8474    34.8427    22.1426    22.1395    1542.31    1542.30 0.0000e+00
