data/CTD/fr26/fr26003.cnv
* Sea-Bird SBE 9 Data File:
* FileName = C:\SEASOFT\PIRATA-FR26\data\fr26003.hex
* Software Version Seasave V 7.23.2
* Temperature SN = 6083
* Conductivity SN = 4509
* Number of Bytes Per Scan = 34
* Number of Voltage Words = 3
* Number of Scans Averaged by the Deck Unit = 1
* NMEA Latitude = 01 30.17 N
* NMEA Longitude = 023 00.17 W
* NMEA UTC (Time) = Mar 12 2016  01:30:55
** Cruise: PIRATA-FR26
** Ship: THALASSA
** Station: 3
** Bottom Depth: 3651
** Pressure frequency switch pos 2 before station: 33113.16
** Pressure frequency switch pos 2 after station: 33092.5
** Operator: GH-JH
** Comments:
# nquan = 24
# nvalues = 4043                        
# units = specified
# name 0 = scan: Scan Count
# name 1 = timeJ: Julian Days
# name 2 = prDM: Pressure, Digiquartz [db]
# name 3 = depSM: Depth [salt water, m]
# name 4 = t090C: Temperature [ITS-90, deg C]
# name 5 = t190C: Temperature, 2 [ITS-90, deg C]
# name 6 = c0S/m: Conductivity [S/m]
# name 7 = c1S/m: Conductivity, 2 [S/m]
# name 8 = sbeox0V: Oxygen raw, SBE 43 [V]
# name 9 = sbeox1V: Oxygen raw, SBE 43, 2 [V]
# name 10 = sbeox1dOV/dT: Oxygen, SBE 43, 2 [dov/dt]
# name 11 = sbeox0dOV/dT: Oxygen, SBE 43 [dov/dt]
# name 12 = flECO-AFL: Fluorescence, WET Labs ECO-AFL/FL [mg/m^3]
# name 13 = CStarTr0: Beam Transmission, WET Labs C-Star [%]
# name 14 = sbeox0Mm/Kg: Oxygen, SBE 43 [umol/kg], WS = 2
# name 15 = sbeox1Mm/Kg: Oxygen, SBE 43, 2 [umol/kg], WS = 2
# name 16 = sal00: Salinity, Practical [PSU]
# name 17 = sal11: Salinity, Practical, 2 [PSU]
# name 18 = sigma-é00: Density [sigma-theta, kg/m^3]
# name 19 = sigma-é11: Density, 2 [sigma-theta, kg/m^3]
# name 20 = svCM: Sound Velocity [Chen-Millero, m/s]
# name 21 = svCM1: Sound Velocity, 2 [Chen-Millero, m/s]
# name 22 = nbin: number of scans per bin
# name 23 = flag: flag
# span 0 =         60,     140812       
# span 1 =  72.063165,  72.131043       
# span 2 =      1.000,   2023.000       
# span 3 =      0.983,   2002.206       
# span 4 =     3.5840,    29.2195       
# span 5 =     3.5842,    29.2199       
# span 6 =   3.302117,   5.893496       
# span 7 =   3.302223,   5.893611       
# span 8 =     1.2267,     2.7940       
# span 9 =     1.3798,     3.1813       
# span 10 =   -0.04440,    0.04292      
# span 11 =   -0.04251,    0.03907      
# span 12 =     0.5131,     2.1662      
# span 13 =    89.7660,   102.4977      
# span 14 =     91.395,    236.904      
# span 15 =     91.967,    236.769      
# span 16 =    34.5073,    36.1170      
# span 17 =    34.5077,    36.1174      
# span 18 =    22.6463,    27.8165      
# span 19 =    22.6447,    27.8166      
# span 20 =    1483.36,    1544.98      
# span 21 =    1483.36,    1544.99      
# span 22 =         12,        137      
# span 23 = 0.0000e+00, 0.0000e+00      
# interval = decibars: 1                
# start_time = Mar 12 2016 01:30:55 [System UTC, header]
# bad_flag = -9.990e-29
*END*
         60  72.063164      3.000      2.988    29.2085    29.2020   5.880947   5.882276     2.7464     3.1311    0.00116    0.00078     0.6176   101.3517    196.669    197.082    35.8910    35.9050    22.6634    22.6762    1544.93    1544.93         87 0.0000e+00
       2974  72.064568      4.000      3.975    29.2149    29.2132   5.879213   5.878178     2.7477     3.1198    0.00346   -0.00110     0.6218   101.3422    196.807    196.265    35.8740    35.8681    22.6486    22.6447    1544.94    1544.93         27 0.0000e+00
       3026  72.064598      5.000      4.979    29.2195    29.2199   5.879597   5.880032     2.7492     3.1190   -0.00315    0.00117     0.6056   101.4035    196.947    196.193    35.8729    35.8755    22.6463    22.6481    1544.97    1544.97         36 0.0000e+00
       3085  72.064621      6.000      5.965    29.1933    29.1984   5.883196   5.883547     2.7504     3.1254    0.00067    0.00099     0.6047   101.3394    197.107    196.717    35.9170    35.9156    22.6883    22.6856    1544.98    1544.99         71 0.0000e+00
       3136  72.064651      7.000      6.964    29.1241    29.1300   5.880891   5.881530     2.7580     3.1242    0.00308   -0.00056     0.6047   101.4056    197.971    196.810    35.9528    35.9528    22.7386    22.7366    1544.88    1544.90         43 0.0000e+00
       3190  72.064674      8.000      7.953    29.1055    29.1054   5.885832   5.886001     2.7575     3.1314   -0.00082    0.00418     0.5988   101.5723    197.951    197.394    36.0006    36.0019    22.7809    22.7818    1544.91    1544.91         57 0.0000e+00
       3232  72.064697      9.000      8.945    29.0871    29.0870   5.887402   5.887512     2.7581     3.1265    0.00545   -0.00080     0.5986   101.6544    198.052    197.065    36.0251    36.0259    22.8055    22.8061    1544.91    1544.92         30 0.0000e+00
       3279  72.064720     10.000      9.948    29.0628    29.0615   5.887676   5.887805     2.7586     3.1325    0.00074    0.00015     0.5884   101.6807    198.174    197.593    36.0450    36.0469    22.8287    22.8305    1544.90    1544.90         83 0.0000e+00
       3359  72.064758     11.000     10.930    29.0429    29.0404   5.888709   5.888782     2.7561     3.1272    0.00238   -0.00079     0.5833   101.7116    198.014    197.255    36.0668    36.0692    22.8518    22.8545    1544.90    1544.90         42 0.0000e+00
       3386  72.064766     12.000     11.935    29.0223    29.0227   5.888331   5.888492     2.7559     3.1224   -0.00292    0.00016     0.5899   101.7313    198.070    196.951    36.0795    36.0803    22.8683    22.8688    1544.88    1544.89         29 0.0000e+00
