data/CTD/fr24/fr24002.cnv
* Sea-Bird SBE 9 Data File:
* FileName = C:\SEASOFT\PIRATA-FR24\data\fr24002.hex
* Software Version Seasave V 7.23.1
* Temperature SN = 2042
* Conductivity SN = 1548
* Number of Bytes Per Scan = 35
* Number of Voltage Words = 2
* Number of Scans Averaged by the Deck Unit = 1
* NMEA Latitude = 00 00.15 N
* NMEA Longitude = 022 57.82 W
* NMEA UTC (Time) = Apr 14 2014 19:35:32
** Cruise: PIRATA-FR24
** Ship: LE SUROIT
** Station: 2
** Bottom Depth: 3914
** Operator: ET/YP
** Comments:
# nquan = 24                                
# nvalues = 4039                        
# units = specified
# name 0 = scan: Scan Count
# name 1 = timeJ: Julian Days
# name 2 = prDM: Pressure, Digiquartz [db]
# name 3 = depSM: Depth [salt water, m]
# name 4 = t090C: Temperature [ITS-90, deg C]
# name 5 = t190C: Temperature, 2 [ITS-90, deg C]
# name 6 = c0S/m: Conductivity [S/m]
# name 7 = c1S/m: Conductivity, 2 [S/m]
# name 8 = sbeox0V: Oxygen raw, SBE 43 [V]
# name 9 = sbeox1V: Oxygen raw, SBE 43, 2 [V]
# name 10 = sbeox1dOV/dT: Oxygen, SBE 43, 2 [dov/dt]
# name 11 = sbeox0dOV/dT: Oxygen, SBE 43 [dov/dt]
# name 12 = flECO-AFL: Fluorescence, WET Labs ECO-AFL/FL [mg/m^3]
# name 13 = CStarTr0: Beam Transmission, WET Labs C-Star [%]
# name 14 = sbeox0Mm/Kg: Oxygen, SBE 43 [umol/kg], WS = 2
# name 15 = sbeox1Mm/Kg: Oxygen, SBE 43, 2 [umol/kg], WS = 2
# name 16 = nbin: number of scans per bin
# name 17 = sal00: Salinity, Practical [PSU]
# name 18 = sal11: Salinity, Practical, 2 [PSU]
# name 19 = sigma-é00: Density [sigma-theta, kg/m^3]
# name 20 = sigma-é11: Density, 2 [sigma-theta, kg/m^3]
# name 21 = svCM: Sound Velocity [Chen-Millero, m/s]
# name 22 = svCM1: Sound Velocity, 2 [Chen-Millero, m/s]
# name 23 = flag: flag
# span 0 =       1046,     151804       
# span 1 = 104.816833, 104.889542       
# span 2 =      2.000,   2021.000       
# span 3 =      1.989,   2000.234       
# span 4 =     3.5128,    29.1231       
# span 5 =     3.5132,    29.1227       
# span 6 =   3.296161,   5.836462       
# span 7 =   3.296106,   5.837329       
# span 8 =     1.1847,     2.8033       
# span 9 =     1.2636,     2.9346       
# span 10 =   -0.03087,    0.02624      
# span 11 =   -0.03064,    0.02126      
# span 12 =     0.5124,     2.0266      
# span 13 =    89.7197,   103.1943      
# span 14 =     83.993,    236.897      
# span 15 =     83.932,    235.513      
# span 16 =         14,         70      
# span 17 =    34.4885,    36.5930      
# span 18 =    34.4879,    36.5954      
# span 19 =    22.5100,    27.8244      
# span 20 =    22.5150,    27.8232      
# span 21 =    1481.78,    1544.48      
# span 22 =    1481.77,    1544.48      
# span 23 = 0.0000e+00, 0.0000e+00      
# interval = decibars: 1                
# start_time = Apr 14 2014 19:35:31 [System UTC, first data scan.]
# bad_flag = -9.990e-29
*END*
[from data line 1631]
      42660 104.836906   1633.000   1617.696     4.0315     4.0319   3.327795   3.327762     1.8078     1.8937   -0.00013   -0.00014     0.5279   103.1622    228.165    226.869         25    34.9772    34.9764    27.7787    27.7780    1493.71    1493.72 0.0000e+00
      42684 104.836914   1634.000   1618.683     4.0289     4.0292   3.327592   3.327561     1.8078     1.8942    0.00006   -0.00004     0.5343   103.1622    228.212    226.713         23    34.9771    34.9764    27.7789    27.7783    1493.72    1493.72 0.0000e+00
      42707 104.836929   1635.000   1619.670     4.0260     4.0264   3.327376   3.327343     1.8078     1.8939   -0.00006    0.00001     0.5436   103.1569    228.258    226.730         23    34.9771    34.9763    27.7792    27.7785    1493.73    1493.73 0.0000e+00
      42731 104.836937   1636.000   1620.657     4.0241     4.0244   3.327249   3.327211     1.8078     1.8942    0.00042    0.00005     0.5437   103.1589    228.364    226.851         25    34.9772    34.9763    27.7794    27.7787    1493.73    1493.73 0.0000e+00
      42757 104.836952   1637.000   1621.643     4.0227     4.0231   3.327161   3.327128     1.8087     1.8942    0.00003    0.00008     0.5437   103.1588    228.795    226.910         27    34.9771    34.9763    27.7795    27.7789    1493.74    1493.75 0.0000e+00
      42785 104.836967   1638.000   1622.630     4.0217     4.0221   3.327118   3.327078     1.8090     1.8946    0.00015    0.00020     0.5437   103.1509    228.616    227.071         28    34.9772    34.9763    27.7797    27.7790    1493.76    1493.76 0.0000e+00
      42813 104.836975   1639.000   1623.617     4.0188     4.0191   3.326904   3.326865     1.8090     1.8948    0.00003    0.00040     0.5437   103.1568    228.650    227.170         29    34.9772    34.9764    27.7800    27.7794    1493.76    1493.76 0.0000e+00
      42840 104.836990   1640.000   1624.604     4.0167     4.0170   3.326769   3.326736     1.8090     1.8949    0.00029    0.00022     0.5437   103.1419    228.693    227.201         24    34.9774    34.9766    27.7804    27.7798    1493.77    1493.77 0.0000e+00
      42863 104.836998   1641.000   1625.591     4.0159     4.0164   3.326758   3.326719     1.8090     1.8952    0.00020    0.00011     0.5437   103.1607    228.728    227.289         22    34.9775    34.9766    27.7806    27.7799    1493.78    1493.78 0.0000e+00
      42883 104.837013   1642.000   1626.577     4.0154     4.0158   3.326742   3.326703     1.8090     1.8954    0.00020    0.00012     0.5437   103.1487    228.762    227.380         20    34.9774    34.9766    27.7806    27.7798    1493.80    1493.80 0.0000e+00
      42904 104.837021   1643.000   1627.564     4.0144     4.0148   3.326695   3.326658     1.8090     1.8956    0.00014    0.00001     0.5437   103.1604    228.799    227.401         23    34.9775    34.9766    27.7807    27.7800    1493.81    1493.81 0.0000e+00
      42933 104.837036   1644.000   1628.551     4.0133     4.0139   3.326639   3.326603     1.8091     1.8957    0.00027    0.00001     0.5437   103.1621    228.943    227.505         37    34.9774    34.9764    27.7808    27.7800    1493.82    1493.82 0.0000e+00
      42973 104.837051   1645.000   1629.538     4.0126     4.0130   3.326603   3.326563     1.8099     1.8961    0.00015    0.00016     0.5437   103.1622    228.980    227.416         36    34.9773    34.9764    27.7808    27.7801    1493.84    1493.84 0.0000e+00
      43002 104.837067   1646.000   1630.524     4.0111     4.0114   3.326501   3.326473     1.8098     1.8959    0.00011    0.00054     0.5437   103.1622    228.971    227.336         24    34.9772    34.9765    27.7809    27.7803    1493.85    1493.85 0.0000e+00
      43024 104.837082   1647.000   1631.511     4.0102     4.0105   3.326506   3.326455     1.8096     1.8957    0.00042    0.00023     0.5437   103.1622    228.776    227.233         20    34.9777    34.9768    27.7814    27.7806    1493.86    1493.86 0.0000e+00
      43042 104.837090   1648.000   1632.498     4.0100     4.0103   3.326488   3.326444     1.8092     1.8955   -0.00006   -0.00018     0.5437   103.1622    228.849    227.220         17    34.9773    34.9764    27.7811    27.7803    1493.88    1493.88 0.0000e+00
      43060 104.837097   1649.000   1633.485     4.0097     4.0101   3.326516   3.326482     1.8091     1.8952   -0.00013   -0.00000     0.5437   103.1622    228.984    227.072         18    34.9773    34.9766    27.7811    27.7805    1493.89    1493.89 0.0000e+00
      43079 104.837105   1650.000   1634.471     4.0093     4.0097   3.326524   3.326487     1.8091     1.8948   -0.00019   -0.00027     0.5437   103.1622    229.041    227.145         21    34.9774    34.9765    27.7812    27.7805    1493.91    1493.91 0.0000e+00
      43102 104.837120   1651.000   1635.458     4.0089     4.0094   3.326523   3.326486     1.8091     1.8949   -0.00029   -0.00037     0.5437   103.1622    229.080    227.513         27    34.9773    34.9764    27.7813    27.7804    1493.92    1493.92 0.0000e+00
      43135 104.837135   1652.000   1636.445     4.0086     4.0092   3.326521   3.326478     1.8091     1.8951   -0.00039   -0.00008     0.5437   103.1622    229.114    227.570         39    34.9771    34.9761    27.7811    27.7802    1493.94    1493.94 0.0000e+00
      43175 104.837151   1653.000   1637.432     4.0084     4.0088   3.326541   3.326503     1.8091     1.8948    0.00008    0.00000     0.5433   103.1622    229.128    227.312         39    34.9771    34.9762    27.7812    27.7804    1493.95    1493.95 0.0000e+00
      43212 104.837166   1654.000   1638.418     4.0083     4.0087   3.326576   3.326539     1.8090     1.8945    0.00010    0.00001     0.5297   103.1529    228.966    227.438         31    34.9771    34.9763    27.7812    27.7805    1493.97    1493.97 0.0000e+00
      43237 104.837181   1655.000   1639.405     4.0078     4.0082   3.326597   3.326554     1.8083     1.8947   -0.00031   -0.00000     0.5474   103.1521    228.736    227.263         22    34.9774    34.9765    27.7815    27.7807    1493.98    1493.98 0.0000e+00
      43257 104.837189   1656.000   1640.392     4.0072     4.0075   3.326564   3.326521     1.8079     1.8941   -0.00014   -0.00006     0.5468   103.1609    228.781    227.076         19    34.9772    34.9764    27.7814    27.7807    1494.00    1494.00 0.0000e+00
      43276 104.837204   1657.000   1641.378     4.0064     4.0068   3.326557   3.326502     1.8076     1.8940   -0.00010   -0.00021     0.5493   103.1561    228.789    227.167         18    34.9774    34.9764    27.7816    27.7808    1494.01    1494.01 0.0000e+00
      43294 104.837212   1658.000   1642.365     4.0049     4.0053   3.326456   3.326411     1.8074     1.8935   -0.00010   -0.00052     0.5463   103.1621    228.815    227.012         20    34.9773    34.9764    27.7817    27.7810    1494.02    1494.02 0.0000e+00
      43314 104.837219   1659.000   1643.352     4.0038     4.0042   3.326381   3.326349     1.8071     1.8929   -0.00033   -0.00054     0.5437   103.1622    228.847    227.060         19    34.9771    34.9763    27.7817    27.7810    1494.03    1494.03 0.0000e+00
      43334 104.837227   1660.000   1644.339     4.0030     4.0034   3.326355   3.326328     1.8069     1.8929   -0.00044   -0.00040     0.5437   103.1622    228.927    227.192         20    34.9772    34.9765    27.7818    27.7812    1494.05    1494.05 0.0000e+00
      43354 104.837234   1661.000   1645.325     4.0022     4.0025   3.326326   3.326285     1.8069     1.8926   -0.00048   -0.00039     0.5437   103.1622    229.019    227.477         22    34.9772    34.9764    27.7820    27.7813    1494.06    1494.06 0.0000e+00
      43379 104.837250   1662.000   1646.312     4.0003     4.0007   3.326201   3.326154     1.8069     1.8931   -0.00044   -0.00028     0.5437   103.1622    229.094    227.751         32    34.9773    34.9763    27.7822    27.7814    1494.07    1494.07 0.0000e+00
      43435 104.837280   1663.000   1647.299     4.0002     3.9992   3.326216   3.326053     1.8072     1.8935    0.00025   -0.00004     0.5437   103.1588    229.141    227.646         40    34.9771    34.9762    27.7821    27.7815    1494.09    1494.08 0.0000e+00
      43471 104.837296   1664.000   1648.285     3.9984     3.9987   3.326122   3.326078     1.8071     1.8936    0.00014    0.00027     0.5437   103.1498    229.155    227.673         24    34.9774    34.9765    27.7825    27.7818    1494.09    1494.10 0.0000e+00
      43492 104.837303   1665.000   1649.272     3.9981     3.9985   3.326136   3.326107     1.8070     1.8936    0.00018    0.00015     0.5438   103.1630    229.156    227.687         19    34.9774    34.9766    27.7825    27.7818    1494.11    1494.11 0.0000e+00
      43510 104.837311   1666.000   1650.259     3.9978     3.9981   3.326155   3.326116     1.8071     1.8936    0.00017   -0.00013     0.5504   103.1622    229.314    227.721         18    34.9774    34.9766    27.7826    27.7819    1494.13    1494.13 0.0000e+00
      43529 104.837326   1667.000   1651.245     3.9967     3.9971   3.326108   3.326070     1.8072     1.8936    0.00009   -0.00007     0.5516   103.1622    229.246    227.757         19    34.9775    34.9767    27.7828    27.7821    1494.14    1494.14 0.0000e+00
      43549 104.837334   1668.000   1652.232     3.9956     3.9960   3.326057   3.326012     1.8070     1.8936   -0.00013   -0.00006     0.5520   103.1622    229.108    227.793         22    34.9776    34.9767    27.7830    27.7822    1494.15    1494.15 0.0000e+00
      43572 104.837341   1669.000   1653.219     3.9950     3.9954   3.326035   3.325998     1.8067     1.8936   -0.00018    0.00003     0.5489   103.1622    229.241    227.830         23    34.9775    34.9767    27.7830    27.7823    1494.16    1494.17 0.0000e+00
      43595 104.837357   1670.000   1654.205     3.9941     3.9945   3.325994   3.325953     1.8067     1.8936    0.00003    0.00005     0.5148   103.1622    229.314    227.864         23    34.9774    34.9765    27.7830    27.7823    1494.18    1494.18 0.0000e+00
      43617 104.837364   1671.000   1655.192     3.9938     3.9941   3.326008   3.325965     1.8067     1.8936   -0.00004   -0.00019     0.5132   103.1622    229.346    227.898         22    34.9775    34.9766    27.7831    27.7824    1494.19    1494.19 0.0000e+00
      43640 104.837372   1672.000   1656.178     3.9928     3.9932   3.325963   3.325921     1.8068     1.8936    0.00004   -0.00018     0.5456   103.1622    229.548    228.106         23    34.9775    34.9766    27.7832    27.7825    1494.21    1494.21 0.0000e+00
      43668 104.837387   1673.000   1657.165     3.9921     3.9925   3.325911   3.325887     1.8072     1.8941    0.00007    0.00007     0.5267   103.1622    229.603    228.184         36    34.9772    34.9764    27.7831    27.7824    1494.22    1494.22 0.0000e+00
      43707 104.837410   1674.000   1658.152     3.9918     3.9922   3.325939   3.325899     1.8073     1.8941    0.00019    0.00014     0.5490   103.1622    229.573    227.982         36    34.9773    34.9764    27.7832    27.7824    1494.23    1494.24 0.0000e+00
      43735 104.837425   1675.000   1659.138     3.9915     3.9919   3.325966   3.325925     1.8075     1.8939    0.00027    0.00014     0.5503   103.1622    229.593    227.948         23    34.9774    34.9765    27.7833    27.7826    1494.25    1494.25 0.0000e+00
      43757 104.837433   1676.000   1660.125     3.9908     3.9911   3.325930   3.325888     1.8072     1.8937   -0.00006    0.00006     0.5515   103.1622    229.581    228.016         22    34.9773    34.9764    27.7833    27.7826    1494.26    1494.26 0.0000e+00
      43781 104.837440   1677.000   1661.111     3.9891     3.9895   3.325815   3.325784     1.8073     1.8937   -0.00005    0.00004     0.5505   103.1622    229.726    228.070         27    34.9773    34.9765    27.7835    27.7828    1494.27    1494.27 0.0000e+00
      43812 104.837456   1678.000   1662.098     3.9870     3.9874   3.325660   3.325615     1.8075     1.8936   -0.00013   -0.00003     0.5450   103.1622    229.579    228.017         32    34.9771    34.9762    27.7836    27.7828    1494.28    1494.28 0.0000e+00
      43841 104.837471   1679.000   1663.085     3.9851     3.9854   3.325528   3.325500     1.8069     1.8934   -0.00006    0.00006     0.5436   103.1622    229.570    227.884         25    34.9771    34.9765    27.7838    27.7832    1494.29    1494.29 0.0000e+00
      43864 104.837486   1680.000   1664.071     3.9841     3.9844   3.325487   3.325461     1.8068     1.8928   -0.00015    0.00007     0.5437   103.1622    229.629    227.749         21    34.9772    34.9765    27.7840    27.7834    1494.30    1494.30 0.0000e+00
      43884 104.837494   1681.000   1665.058     3.9838     3.9842   3.325501   3.325458     1.8068     1.8927   -0.00012   -0.00030     0.5437   103.1622    229.716    227.709         20    34.9772    34.9763    27.7840    27.7832    1494.32    1494.32 0.0000e+00
      43903 104.837502   1682.000   1666.044     3.9837     3.9842   3.325537   3.325500     1.8068     1.8920   -0.00026   -0.00017     0.5465   103.1622    229.751    227.724         20    34.9772    34.9763    27.7840    27.7833    1494.33    1494.34 0.0000e+00
      43924 104.837517   1683.000   1667.031     3.9837     3.9841   3.325576   3.325539     1.8068     1.8919   -0.00047   -0.00010     0.5561   103.1622    229.750    228.014         21    34.9772    34.9763    27.7841    27.7833    1494.35    1494.35 0.0000e+00
      43947 104.837524   1684.000   1668.018     3.9837     3.9841   3.325608   3.325574     1.8063     1.8923   -0.00043   -0.00015     0.5389   103.1622    229.345    228.218         26    34.9771    34.9762    27.7840    27.7832    1494.37    1494.37 0.0000e+00
      43980 104.837540   1685.000   1669.004     3.9837     3.9843   3.325644   3.325609     1.8056     1.8921   -0.00024   -0.00020     0.5351   103.1622    229.570    228.020         39    34.9770    34.9760    27.7839    27.7831    1494.38    1494.39 0.0000e+00
      44016 104.837555   1686.000   1669.991     3.9838     3.9842   3.325691   3.325654     1.8056     1.8917    0.00014   -0.00057     0.5534   103.1622    229.652    227.844         30    34.9770    34.9762    27.7839    27.7832    1494.40    1494.40 0.0000e+00
      44042 104.837570   1687.000   1670.977     3.9835     3.9838   3.325726   3.325674     1.8056     1.8916   -0.00007   -0.00019     0.5497   103.1622    229.349    227.932         24    34.9772    34.9763    27.7841    27.7833    1494.42    1494.42 0.0000e+00
      44064 104.837578   1688.000   1671.964     3.9833     3.9837   3.325744   3.325713     1.8044     1.8913   -0.00018    0.00001     0.5509   103.1622    229.156    227.906         21    34.9772    34.9764    27.7841    27.7835    1494.43    1494.43 0.0000e+00
      44087 104.837593   1689.000   1672.950     3.9825     3.9829   3.325707   3.325673     1.8044     1.8913   -0.00030 -6.230e-07     0.5523   103.1627    229.522    228.081         26    34.9771    34.9763    27.7842    27.7834    1494.45    1494.45 0.0000e+00
      44119 104.837608   1690.000   1673.937     3.9814     3.9819   3.325640   3.325605     1.8044     1.8913   -0.00013   -0.00058     0.5510   103.1685    229.574    228.127         37    34.9770    34.9761    27.7842    27.7834    1494.46    1494.46 0.0000e+00
      44152 104.837624   1691.000   1674.924     3.9795     3.9798   3.325508   3.325471     1.8046     1.8913   -0.00019   -0.00017     0.5458   103.1720    229.788    227.934         26    34.9770    34.9762    27.7844    27.7837    1494.47    1494.47 0.0000e+00
