data/CTD/fr24/fr24002.cnv
* Sea-Bird SBE 9 Data File:
* FileName = C:\SEASOFT\PIRATA-FR24\data\fr24002.hex
* Software Version Seasave V 7.23.1
* Temperature SN = 2042
* Conductivity SN = 1548
* Number of Bytes Per Scan = 35
* Number of Voltage Words = 2
* Number of Scans Averaged by the Deck Unit = 1
* NMEA Latitude = 00 00.15 N
* NMEA Longitude = 022 57.82 W
* NMEA UTC (Time) = Apr 14 2014 19:35:32
** Cruise: PIRATA-FR24
** Ship: LE SUROIT
** Station: 2
** Bottom Depth: 3914
** Operator: ET/YP
** Comments:
# nquan = 24                                
# nvalues = 4039                        
# units = specified
# name 0 = scan: Scan Count
# name 1 = timeJ: Julian Days
# name 2 = prDM: Pressure, Digiquartz [db]
# name 3 = depSM: Depth [salt water, m]
# name 4 = t090C: Temperature [ITS-90, deg C]
# name 5 = t190C: Temperature, 2 [ITS-90, deg C]
# name 6 = c0S/m: Conductivity [S/m]
# name 7 = c1S/m: Conductivity, 2 [S/m]
# name 8 = sbeox0V: Oxygen raw, SBE 43 [V]
# name 9 = sbeox1V: Oxygen raw, SBE 43, 2 [V]
# name 10 = sbeox1dOV/dT: Oxygen, SBE 43, 2 [dov/dt]
# name 11 = sbeox0dOV/dT: Oxygen, SBE 43 [dov/dt]
# name 12 = flECO-AFL: Fluorescence, WET Labs ECO-AFL/FL [mg/m^3]
# name 13 = CStarTr0: Beam Transmission, WET Labs C-Star [%]
# name 14 = sbeox0Mm/Kg: Oxygen, SBE 43 [umol/kg], WS = 2
# name 15 = sbeox1Mm/Kg: Oxygen, SBE 43, 2 [umol/kg], WS = 2
# name 16 = nbin: number of scans per bin
# name 17 = sal00: Salinity, Practical [PSU]
# name 18 = sal11: Salinity, Practical, 2 [PSU]
# name 19 = sigma-é00: Density [sigma-theta, kg/m^3]
# name 20 = sigma-é11: Density, 2 [sigma-theta, kg/m^3]
# name 21 = svCM: Sound Velocity [Chen-Millero, m/s]
# name 22 = svCM1: Sound Velocity, 2 [Chen-Millero, m/s]
# name 23 = flag: flag
# span 0 =       1046,     151804       
# span 1 = 104.816833, 104.889542       
# span 2 =      2.000,   2021.000       
# span 3 =      1.989,   2000.234       
# span 4 =     3.5128,    29.1231       
# span 5 =     3.5132,    29.1227       
# span 6 =   3.296161,   5.836462       
# span 7 =   3.296106,   5.837329       
# span 8 =     1.1847,     2.8033       
# span 9 =     1.2636,     2.9346       
# span 10 =   -0.03087,    0.02624      
# span 11 =   -0.03064,    0.02126      
# span 12 =     0.5124,     2.0266      
# span 13 =    89.7197,   103.1943      
# span 14 =     83.993,    236.897      
# span 15 =     83.932,    235.513      
# span 16 =         14,         70      
# span 17 =    34.4885,    36.5930      
# span 18 =    34.4879,    36.5954      
# span 19 =    22.5100,    27.8244      
# span 20 =    22.5150,    27.8232      
# span 21 =    1481.78,    1544.48      
# span 22 =    1481.77,    1544.48      
# span 23 = 0.0000e+00, 0.0000e+00      
# interval = decibars: 1                
# start_time = Apr 14 2014 19:35:31 [System UTC, first data scan.]
# bad_flag = -9.990e-29
*END*
[from data line 1812]
      47315 104.839149   1814.000   1796.234     3.7802     3.7807   3.312545   3.312503     1.8027     1.8887   -0.00054    0.00006     0.5529   103.1750    234.279    232.595         20    34.9747    34.9737    27.8037    27.8029    1495.69    1495.69 0.0000e+00
      47336 104.839157   1815.000   1797.220     3.7803     3.7807   3.312583   3.312540     1.8028     1.8884   -0.00020   -0.00002     0.5527   103.1712    234.312    232.588         22    34.9746    34.9736    27.8037    27.8029    1495.71    1495.71 0.0000e+00
      47361 104.839172   1816.000   1798.206     3.7804     3.7808   3.312612   3.312565     1.8028     1.8888   -0.00014   -0.00011     0.5545   103.1740    234.342    232.755         30    34.9744    34.9734    27.8035    27.8026    1495.72    1495.72 0.0000e+00
      47396 104.839188   1817.000   1799.192     3.7804     3.7808   3.312653   3.312603     1.8028     1.8886   -0.00007    0.00003     0.5564   103.1791    234.374    232.825         36    34.9744    34.9733    27.8035    27.8026    1495.74    1495.74 0.0000e+00
      47427 104.839203   1818.000   1800.178     3.7802     3.7806   3.312692   3.312649     1.8028     1.8886    0.00014   -0.00001     0.5556   103.1703    234.407    232.660         28    34.9746    34.9736    27.8037    27.8029    1495.76    1495.76 0.0000e+00
      47453 104.839218   1819.000   1801.164     3.7799     3.7803   3.312696   3.312654     1.8028     1.8890   -0.00008   -0.00006     0.5599   103.1777    234.441    232.795         25    34.9744    34.9735    27.8036    27.8028    1495.77    1495.77 0.0000e+00
      47478 104.839226   1820.000   1802.150     3.7796     3.7800   3.312718   3.312679     1.8028     1.8881    0.00009 8.7427e-07     0.5536   103.1750    234.475    232.552         26    34.9746    34.9736    27.8037    27.8030    1495.79    1495.79 0.0000e+00
      47506 104.839241   1821.000   1803.136     3.7796     3.7801   3.312764   3.312716     1.8028     1.8887    0.00001    0.00001     0.5165   103.1749    234.506    232.998         30    34.9745    34.9735    27.8037    27.8028    1495.80    1495.81 0.0000e+00
      47534 104.839256   1822.000   1804.122     3.7796     3.7800   3.312798   3.312757     1.8028     1.8883   -0.00038    0.00000     0.5228   103.1714    234.436    232.660         26    34.9745    34.9736    27.8037    27.8030    1495.82    1495.82 0.0000e+00
      47558 104.839264   1823.000   1805.108     3.7796     3.7799   3.312851   3.312809     1.8018     1.8882    0.00013   -0.00004     0.5556   103.1811    234.045    232.381         22    34.9746    34.9738    27.8038    27.8032    1495.84    1495.84 0.0000e+00
      47579 104.839279   1824.000   1806.094     3.7796     3.7800   3.312892   3.312844     1.8016     1.8873    0.00015   -0.00017     0.5559   103.1840    234.349    232.311         20    34.9746    34.9737    27.8038    27.8030    1495.85    1495.86 0.0000e+00
      47599 104.839287   1825.000   1807.079     3.7794     3.7798   3.312905   3.312850     1.8016     1.8874   -0.00026   -0.00036     0.5527   103.1790    234.404    232.760         20    34.9745    34.9734    27.8037    27.8029    1495.87    1495.87 0.0000e+00
      47620 104.839294   1826.000   1808.065     3.7794     3.7797   3.312958   3.312910     1.8016     1.8873   -0.00029   -0.00037     0.5159   103.1786    234.434    232.486         22    34.9747    34.9737    27.8039    27.8031    1495.89    1495.89 0.0000e+00
      47644 104.839310   1827.000   1809.051     3.7794     3.7798   3.312981   3.312941     1.8014     1.8868   -0.00060   -0.00021     0.5483   103.1688    234.186    232.588         27    34.9744    34.9736    27.8037    27.8030    1495.90    1495.90 0.0000e+00
      47677 104.839325   1828.000   1810.037     3.7794     3.7800   3.313022   3.312970     1.8004     1.8868   -0.00015   -0.00016     0.5568   103.1667    234.201    232.599         37    34.9744    34.9733    27.8037    27.8027    1495.92    1495.92 0.0000e+00
      47712 104.839340   1829.000   1811.023     3.7794     3.7797   3.313059   3.313009     1.8004     1.8866   -0.00025   -0.00036     0.5591   103.1731    234.305    232.898         31    34.9744    34.9735    27.8037    27.8030    1495.94    1495.94 0.0000e+00
      47739 104.839355   1830.000   1812.009     3.7794     3.7797   3.313109   3.313057     1.8004     1.8868   -0.00005   -0.00032     0.5551   103.1827    234.335    232.697         24    34.9745    34.9736    27.8038    27.8030    1495.95    1495.95 0.0000e+00
      47762 104.839363   1831.000   1812.995     3.7795     3.7799   3.313175   3.313129     1.8004     1.8866   -0.00023   -0.00033     0.5515   103.1749    234.366    232.597         23    34.9747    34.9737    27.8040    27.8032    1495.97    1495.97 0.0000e+00
      47786 104.839378   1832.000   1813.981     3.7795     3.7798   3.313199   3.313150     1.8004     1.8865    0.00025   -0.00000     0.5145   103.1676    234.398    232.687         24    34.9745    34.9736    27.8039    27.8031    1495.99    1495.99 0.0000e+00
      47811 104.839386   1833.000   1814.967     3.7794     3.7799   3.313244   3.313192     1.8004     1.8861   -0.00014    0.00001     0.5518   103.1666    234.430    232.734         28    34.9746    34.9736    27.8039    27.8030    1496.01    1496.01 0.0000e+00
      47840 104.839401   1834.000   1815.953     3.7795     3.7799   3.313275   3.313235     1.8004     1.8863   -0.00020    0.00001     0.5321   103.1786    234.462    232.787         29    34.9744    34.9736    27.8038    27.8030    1496.02    1496.02 0.0000e+00
      47867 104.839417   1835.000   1816.938     3.7794     3.7798   3.313328   3.313275     1.8004     1.8863   -0.00018    0.00001     0.5386   103.1827    234.494    232.586         24    34.9747    34.9737    27.8040    27.8032    1496.04    1496.04 0.0000e+00
      47889 104.839424   1836.000   1817.924     3.7795     3.7798   3.313378   3.313318     1.8004     1.8855    0.00007    0.00001     0.5609   103.1553    234.525    232.416         21    34.9747    34.9737    27.8040    27.8032    1496.06    1496.06 0.0000e+00
      47910 104.839432   1837.000   1818.910     3.7794     3.7799   3.313401   3.313350     1.8004     1.8854   -0.00003    0.00001     0.5610   103.1750    234.556    232.734         20    34.9745    34.9735    27.8039    27.8030    1496.07    1496.07 0.0000e+00
      47931 104.839447   1838.000   1819.896     3.7792     3.7796   3.313426   3.313379     1.8004     1.8854   -0.00023    0.00001     0.5544   103.1719    234.535    232.472         23    34.9746    34.9736    27.8040    27.8032    1496.09    1496.09 0.0000e+00
      47957 104.839455   1839.000   1820.882     3.7792     3.7797   3.313450   3.313407     1.8002     1.8849   -0.00042   -0.00001     0.5604   103.1735    234.406    232.544         30    34.9744    34.9734    27.8039    27.8030    1496.10    1496.10 0.0000e+00
      47990 104.839478   1840.000   1821.868     3.7792     3.7796   3.313482   3.313432     1.7999     1.8849   -0.00017   -0.00006     0.5543   103.1817    234.467    232.773         34    34.9743    34.9733    27.8038    27.8029    1496.12    1496.12 0.0000e+00
      48021 104.839485   1841.000   1822.854     3.7791     3.7794   3.313520   3.313481     1.7995     1.8849   -0.00017   -0.00023     0.5449   103.1720    234.282    232.791         28    34.9744    34.9736    27.8039    27.8032    1496.14    1496.14 0.0000e+00
      48046 104.839500   1842.000   1823.840     3.7790     3.7794   3.313572   3.313519     1.7993     1.8848   -0.00019   -0.00010     0.5299   103.1814    234.436    232.864         23    34.9747    34.9736    27.8041    27.8032    1496.15    1496.15 0.0000e+00
      48071 104.839516   1843.000   1824.825     3.7790     3.7794   3.313607   3.313556     1.7992     1.8851    0.00008   -0.00026     0.5534   103.1718    234.518    232.704         26    34.9746    34.9736    27.8040    27.8032    1496.17    1496.17 0.0000e+00
      48098 104.839523   1844.000   1825.811     3.7791     3.7795   3.313649   3.313604     1.7992     1.8845    0.00005   -0.00032     0.5559   103.1841    234.552    232.602         29    34.9745    34.9735    27.8039    27.8031    1496.19    1496.19 0.0000e+00
      48128 104.839539   1845.000   1826.797     3.7793     3.7796   3.313698   3.313656     1.7993     1.8846   -0.00005   -0.00006     0.5562   103.1741    234.493    232.769         30    34.9744    34.9735    27.8039    27.8031    1496.21    1496.21 0.0000e+00
      48156 104.839554   1846.000   1827.783     3.7791     3.7794   3.313744   3.313690     1.7987     1.8839   -0.00036   -0.00013     0.5542   103.1766    234.255    232.359         25    34.9746    34.9736    27.8041    27.8033    1496.22    1496.22 0.0000e+00
      48178 104.839561   1847.000   1828.769     3.7788     3.7792   3.313757   3.313712     1.7986     1.8838   -0.00015   -0.00013     0.5553   103.1755    234.432    232.581         21    34.9746    34.9736    27.8041    27.8033    1496.24    1496.24 0.0000e+00
      48198 104.839577   1848.000   1829.755     3.7786     3.7791   3.313776   3.313724     1.7983     1.8832   -0.00010   -0.00019     0.5573   103.1747    234.424    232.175         20    34.9745    34.9735    27.8041    27.8032    1496.25    1496.25 0.0000e+00
      48218 104.839584   1849.000   1830.740     3.7783     3.7789   3.313801   3.313752     1.7983     1.8830   -0.00052   -0.00022     0.5564   103.1738    234.403    232.665         20    34.9747    34.9735    27.8042    27.8033    1496.27    1496.27 0.0000e+00
      48240 104.839592   1850.000   1831.726     3.7781     3.7787   3.313816   3.313773     1.7980     1.8830   -0.00024   -0.00016     0.5547   103.1798    234.438    232.600         23    34.9746    34.9735    27.8042    27.8033    1496.28    1496.29 0.0000e+00
      48265 104.839607   1851.000   1832.712     3.7778     3.7783   3.313825   3.313780     1.7979     1.8830   -0.00056   -0.00012     0.5241   103.1702    234.337    232.863         29    34.9745    34.9735    27.8042    27.8033    1496.30    1496.30 0.0000e+00
      48299 104.839622   1852.000   1833.698     3.7775     3.7780   3.313820   3.313782     1.7974     1.8831   -0.00010   -0.00017     0.5386   103.1788    234.310    232.934         39    34.9743    34.9734    27.8041    27.8033    1496.31    1496.32 0.0000e+00
      48336 104.839638   1853.000   1834.684     3.7769     3.7773   3.313802   3.313759     1.7973     1.8833    0.00010   -0.00029     0.5450   103.1763    234.421    232.921         32    34.9743    34.9733    27.8041    27.8033    1496.33    1496.33 0.0000e+00
      48365 104.839653   1854.000   1835.670     3.7761     3.7763   3.313780   3.313733     1.7968     1.8834    0.00014   -0.00033     0.5576   103.1807    234.278    232.691         26    34.9744    34.9736    27.8043    27.8036    1496.34    1496.34 0.0000e+00
      48389 104.839668   1855.000   1836.655     3.7754     3.7757   3.313765   3.313719     1.7968     1.8826    0.00018   -0.00008     0.5568   103.1808    234.467    232.525         23    34.9744    34.9736    27.8044    27.8037    1496.36    1496.36 0.0000e+00
      48411 104.839676   1856.000   1837.641     3.7749     3.7753   3.313767   3.313709     1.7968     1.8826   -0.00001   -0.00008     0.5548   103.1877    234.501    232.806         22    34.9745    34.9734    27.8045    27.8036    1496.37    1496.37 0.0000e+00
      48433 104.839684   1857.000   1838.627     3.7748     3.7751   3.313797   3.313737     1.7969     1.8825   -0.00024   -0.00025     0.5600   103.1873    234.534    232.893         21    34.9745    34.9735    27.8046    27.8037    1496.39    1496.39 0.0000e+00
      48455 104.839699   1858.000   1839.613     3.7746     3.7750   3.313814   3.313780     1.7969     1.8826   -0.00040   -0.00005     0.5580   103.1815    234.567    233.042         23    34.9745    34.9736    27.8045    27.8038    1496.40    1496.40 0.0000e+00
      48481 104.839714   1859.000   1840.598     3.7748     3.7752   3.313881   3.313832     1.7969     1.8827   -0.00014 7.3963e-07     0.5592   103.1790    234.597    232.932         28    34.9745    34.9735    27.8046    27.8037    1496.42    1496.42 0.0000e+00
      48510 104.839722   1860.000   1841.584     3.7750     3.7754   3.313926   3.313879     1.7969     1.8827    0.00008   -0.00001     0.5545   103.1684    234.628    232.853         31    34.9744    34.9734    27.8045    27.8036    1496.44    1496.44 0.0000e+00
      48539 104.839737   1861.000   1842.570     3.7725     3.7728   3.313737   3.313686     1.7969     1.8823    0.00003    0.00001     0.5575   103.1802    234.528    232.913         25    34.9743    34.9734    27.8047    27.8038    1496.44    1496.44 0.0000e+00
      48562 104.839752   1862.000   1843.556     3.7696     3.7699   3.313522   3.313468     1.7964     1.8825   -0.00003   -0.00005     0.5585   103.1803    234.599    232.889         22    34.9743    34.9734    27.8050    27.8042    1496.45    1496.45 0.0000e+00
      48584 104.839760   1863.000   1844.542     3.7688     3.7691   3.313489   3.313425     1.7966     1.8820   -0.00022   -0.00018     0.5616   103.1785    234.764    232.963         22    34.9744    34.9733    27.8051    27.8041    1496.46    1496.46 0.0000e+00
      48608 104.839775   1864.000   1845.527     3.7684     3.7689   3.313505   3.313460     1.7966     1.8822   -0.00010   -0.00018     0.5541   103.1738    234.691    233.168         29    34.9744    34.9734    27.8052    27.8043    1496.48    1496.48 0.0000e+00
      48641 104.839790   1865.000   1846.513     3.7685     3.7690   3.313527   3.313480     1.7965     1.8825   -0.00018    0.00009     0.5526   103.1858    234.779    233.260         35    34.9741    34.9731    27.8049    27.8040    1496.49    1496.50 0.0000e+00
      48675 104.839806   1866.000   1847.499     3.7683     3.7688   3.313561   3.313509     1.7965     1.8823    0.00012   -0.00002     0.5578   102.8049    234.555    233.103         32    34.9742    34.9732    27.8050    27.8041    1496.51    1496.51 0.0000e+00
      48705 104.839821   1867.000   1848.484     3.7680     3.7684   3.313584   3.313533     1.7959     1.8823    0.00015   -0.00003     0.5593   103.1770    234.554    233.123         28    34.9744    34.9734    27.8052    27.8044    1496.53    1496.53 0.0000e+00
      48731 104.839828   1868.000   1849.470     3.7679     3.7682   3.313614   3.313558     1.7957     1.8821   -0.00001    0.00005     0.5542   103.1809    234.636    232.936         23    34.9744    34.9734    27.8052    27.8044    1496.54    1496.54 0.0000e+00
      48751 104.839844   1869.000   1850.456     3.7676     3.7680   3.313636   3.313593     1.7957     1.8819   -0.00005   -0.00050     0.5615   103.1899    234.727    233.041         20    34.9744    34.9735    27.8053    27.8045    1496.56    1496.56 0.0000e+00
      48771 104.839851   1870.000   1851.442     3.7674     3.7678   3.313648   3.313599     1.7957     1.8819   -0.00002   -0.00030     0.5566   103.1866    234.765    233.203         19    34.9743    34.9733    27.8052    27.8043    1496.57    1496.57 0.0000e+00
      48790 104.839859   1871.000   1852.427     3.7672     3.7676   3.313681   3.313624     1.7957     1.8819   -0.00025   -0.00020     0.5331   103.1834    234.797    233.146         20    34.9744    34.9734    27.8053    27.8045    1496.59    1496.59 0.0000e+00
      48812 104.839867   1872.000   1853.413     3.7670     3.7674   3.313690   3.313641     1.7957     1.8817   -0.00025   -0.00004     0.5291   103.1863    234.831    232.982         23    34.9743    34.9733    27.8053    27.8044    1496.61    1496.61 0.0000e+00
