data/CTD/fr24/fr24005.cnv
* Sea-Bird SBE 9 Data File:
* FileName = C:\SEASOFT\PIRATA-FR24\data\fr24005.hex
* Software Version Seasave V 7.23.1
* Temperature SN = 2042
* Conductivity SN = 1548
* Number of Bytes Per Scan = 35
* Number of Voltage Words = 2
* Number of Scans Averaged by the Deck Unit = 1
* NMEA Latitude = 09 29.95 S
* NMEA Longitude = 008 14.88 W
* NMEA UTC (Time) = Apr 21 2014 14:40:28
** Cruise: PIRATA-FR24
** Ship: LE SUROIT
** Station: 5
** Bottom Depth: 3970
** Operator: ca/bn
** Comments:
# nquan = 24                                
# nvalues = 4039                        
# units = specified
# name 0 = scan: Scan Count
# name 1 = timeJ: Julian Days
# name 2 = prDM: Pressure, Digiquartz [db]
# name 3 = depSM: Depth [salt water, m]
# name 4 = t090C: Temperature [ITS-90, deg C]
# name 5 = t190C: Temperature, 2 [ITS-90, deg C]
# name 6 = c0S/m: Conductivity [S/m]
# name 7 = c1S/m: Conductivity, 2 [S/m]
# name 8 = sbeox0V: Oxygen raw, SBE 43 [V]
# name 9 = sbeox1V: Oxygen raw, SBE 43, 2 [V]
# name 10 = sbeox1dOV/dT: Oxygen, SBE 43, 2 [dov/dt]
# name 11 = sbeox0dOV/dT: Oxygen, SBE 43 [dov/dt]
# name 12 = flECO-AFL: Fluorescence, WET Labs ECO-AFL/FL [mg/m^3]
# name 13 = CStarTr0: Beam Transmission, WET Labs C-Star [%]
# name 14 = sbeox0Mm/Kg: Oxygen, SBE 43 [umol/kg], WS = 2
# name 15 = sbeox1Mm/Kg: Oxygen, SBE 43, 2 [umol/kg], WS = 2
# name 16 = nbin: number of scans per bin
# name 17 = sal00: Salinity, Practical [PSU]
# name 18 = sal11: Salinity, Practical, 2 [PSU]
# name 19 = sigma-é00: Density [sigma-theta, kg/m^3]
# name 20 = sigma-é11: Density, 2 [sigma-theta, kg/m^3]
# name 21 = svCM: Sound Velocity [Chen-Millero, m/s]
# name 22 = svCM1: Sound Velocity, 2 [Chen-Millero, m/s]
# name 23 = flag: flag
# span 0 =         91,     144746       
# span 1 = 111.611465, 111.681229       
# span 2 =      1.000,   2021.000       
# span 3 =      0.994,   1999.947       
# span 4 =     3.4056,    27.5117       
# span 5 =     3.4037,    27.5119       
# span 6 =   3.284166,   5.795191       
# span 7 =   3.283839,   5.795248       
# span 8 =     1.0411,     2.8358       
# span 9 =     1.1082,     2.9606       
# span 10 =   -0.05303,    0.04697      
# span 11 =   -0.05166,    0.04322      
# span 12 =     0.5112,     2.0786      
# span 13 =    91.5277,   103.4123      
# span 14 =     69.712,    224.353      
# span 15 =     68.773,    220.874      
# span 16 =         13,         66      
# span 17 =    34.5021,    36.5892      
# span 18 =    34.5017,    36.5895      
# span 19 =    23.7505,    27.8099      
# span 20 =    23.7507,    27.8086      
# span 21 =    1481.58,    1542.51      
# span 22 =    1481.58,    1542.51      
# span 23 = 0.0000e+00, 0.0000e+00      
# interval = decibars: 1                
# start_time = Apr 21 2014 14:40:27 [System UTC, first data scan.]
# bad_flag = -9.990e-29
*END*
[from data line 1148]
      36116 111.628838   1151.000   1141.352     4.1295     4.1298   3.291981   3.291968     1.4871     1.5565    0.00061    0.00092     0.5437   103.3444    160.351    157.722         26    34.6919    34.6914    27.5369    27.5366    1485.72    1485.72 0.0000e+00
      36138 111.628853   1152.000   1142.341     4.1295     4.1298   3.292043   3.292029     1.4874     1.5563    0.00032    0.00093     0.5437   103.3562    160.434    157.322         21    34.6920    34.6916    27.5371    27.5367    1485.74    1485.74 0.0000e+00
      36158 111.628860   1153.000   1143.330     4.1294     4.1298   3.292098   3.292081     1.4876     1.5558   -0.00003    0.00047     0.5437   103.3546    160.364    157.569         19    34.6923    34.6918    27.5373    27.5368    1485.76    1485.76 0.0000e+00
      36177 111.628868   1154.000   1144.319     4.1294     4.1298   3.292132   3.292118     1.4872     1.5563    0.00029    0.00013     0.5437   103.3466    160.297    157.744         20    34.6922    34.6916    27.5372    27.5367    1485.77    1485.77 0.0000e+00
      36198 111.628883   1155.000   1145.308     4.1294     4.1299   3.292186   3.292168     1.4873     1.5562   -0.00010    0.00017     0.5437   103.3433    160.566    157.734         20    34.6924    34.6917    27.5374    27.5368    1485.79    1485.79 0.0000e+00
      36219 111.628891   1156.000   1146.297     4.1294     4.1298   3.292225   3.292210     1.4877     1.5566   -0.00027    0.00006     0.5437   103.3454    160.464    157.915         22    34.6923    34.6917    27.5373    27.5368    1485.81    1485.81 0.0000e+00
      36257 111.628906   1157.000   1147.286     4.1296     4.1300   3.292285   3.292266     1.4877     1.5568    0.00011   -0.00010     0.5437   103.3421    160.596    157.907         36    34.6923    34.6916    27.5373    27.5367    1485.82    1485.82 0.0000e+00
      36332 111.628944   1158.000   1148.274     4.1297     4.1300   3.292368   3.292350     1.4884     1.5578    0.00036    0.00037     0.5437   103.3506    160.634    158.062         33    34.6927    34.6921    27.5376    27.5371    1485.84    1485.84 0.0000e+00
      36358 111.628960   1159.000   1149.263     4.1294     4.1297   3.292440   3.292411     1.4883     1.5578    0.00033    0.00028     0.5437   103.3542    160.655    157.975         23    34.6933    34.6927    27.5382    27.5376    1485.86    1485.86 0.0000e+00
      36380 111.628967   1160.000   1150.252     4.1294     4.1297   3.292486   3.292468     1.4883     1.5577    0.00013    0.00011     0.5437   103.3484    160.677    157.739         23    34.6934    34.6928    27.5383    27.5377    1485.87    1485.87 0.0000e+00
      36406 111.628983   1161.000   1151.241     4.1294     4.1298   3.292541   3.292518     1.4883     1.5572    0.00012    0.00001     0.5437   103.3498    160.698    158.045         31    34.6936    34.6928    27.5384    27.5377    1485.89    1485.89 0.0000e+00
      36444 111.628998   1162.000   1152.230     4.1294     4.1298   3.292585   3.292568     1.4885     1.5578   -0.00023    0.00000     0.5437   103.3469    160.862    158.089         39    34.6936    34.6929    27.5384    27.5378    1485.91    1485.91 0.0000e+00
      36475 111.629013   1163.000   1153.219     4.1294     4.1297   3.292654   3.292636     1.4890     1.5576    0.00008    0.00014     0.5437   103.3499    160.897    158.037         25    34.6938    34.6933    27.5386    27.5382    1485.92    1485.93 0.0000e+00
      36497 111.629021   1164.000   1154.208     4.1294     4.1298   3.292717   3.292689     1.4887     1.5577    0.00025    0.00040     0.5437   103.3487    160.696    158.015         21    34.6941    34.6934    27.5388    27.5382    1485.94    1485.94 0.0000e+00
      36518 111.629036   1165.000   1155.196     4.1294     4.1298   3.292741   3.292722     1.4886     1.5576   -0.00001    0.00005     0.5437   103.3498    160.851    157.935         22    34.6939    34.6933    27.5387    27.5382    1485.96    1485.96 0.0000e+00
      36543 111.629044   1166.000   1156.185     4.1293     4.1298   3.292794   3.292774     1.4888     1.5575    0.00002    0.00002     0.5437   103.3540    161.014    158.275         28    34.6941    34.6934    27.5389    27.5383    1485.97    1485.98 0.0000e+00
      36579 111.629066   1167.000   1157.174     4.1293     4.1298   3.292833   3.292820     1.4896     1.5581   -0.00016   -0.00010     0.5437   103.3488    161.074    158.336         44    34.6941    34.6934    27.5389    27.5383    1485.99    1485.99 0.0000e+00
      36624 111.629082   1168.000   1158.163     4.1291     4.1296   3.292906   3.292887     1.4896     1.5584    0.00034    0.00029     0.5437   103.3559    161.057    158.355         46    34.6946    34.6939    27.5393    27.5387    1486.01    1486.01 0.0000e+00
      36673 111.629112   1169.000   1159.152     4.1288     4.1293   3.292978   3.292954     1.4896     1.5584    0.00014    0.00017     0.5437   103.3561    161.079    158.310         46    34.6953    34.6945    27.5399    27.5393    1486.02    1486.02 0.0000e+00
      36707 111.629128   1170.000   1160.141     4.1284     4.1287   3.293063   3.293042     1.4896     1.5586    0.00005    0.00002     0.5437   103.3466    161.102    158.527         24    34.6962    34.6957    27.5407    27.5402    1486.04    1486.04 0.0000e+00
      36727 111.629135   1171.000   1161.129     4.1271     4.1273   3.293178   3.293150     1.4896     1.5591   -0.00024    0.00003     0.5437   103.3537    161.129    158.615         19    34.6984    34.6979    27.5425    27.5421    1486.05    1486.05 0.0000e+00
      36745 111.629143   1172.000   1162.118     4.1250     4.1254   3.293283   3.293260     1.4896     1.5587    0.00033   -0.00002     0.5437   103.3561    161.330    158.669         17    34.7013    34.7007    27.5451    27.5445    1486.07    1486.07 0.0000e+00
      36763 111.629150   1173.000   1163.107     4.1236     4.1241   3.293365   3.293340     1.4902     1.5598    0.00015   -0.00002     0.5437   103.3504    161.750    159.246         20    34.7032    34.7025    27.5468    27.5462    1486.08    1486.08 0.0000e+00
      36792 111.629166   1174.000   1164.096     4.1232     4.1237   3.293411   3.293384     1.4917     1.5611    0.00028    0.00006     0.5437   103.3501    162.072    159.622         44    34.7037    34.7029    27.5472    27.5465    1486.09    1486.10 0.0000e+00
      36849 111.629196   1175.000   1165.085     4.1232     4.1232   3.293481   3.293470     1.4942     1.5636    0.00110    0.00109     0.5437   103.3564    162.346    159.741         58    34.7041    34.7039    27.5475    27.5474    1486.11    1486.11 0.0000e+00
      36893 111.629219   1176.000   1166.073     4.1219     4.1222   3.293661   3.293634     1.4953     1.5647    0.00120    0.00116     0.5437   103.3561    162.501    159.796         30    34.7070    34.7064    27.5500    27.5495    1486.13    1486.13 0.0000e+00
      36917 111.629227   1177.000   1167.062     4.1216     4.1218   3.293743   3.293713     1.4958     1.5649    0.00064    0.00084     0.5437   103.3561    162.518    159.745         21    34.7078    34.7072    27.5506    27.5502    1486.14    1486.14 0.0000e+00
      36936 111.629234   1178.000   1168.051     4.1214     4.1217   3.293812   3.293778     1.4963     1.5651    0.00039    0.00034     0.5437   103.3561    162.783    159.679         18    34.7084    34.7076    27.5511    27.5505    1486.16    1486.16 0.0000e+00
      36954 111.629242   1179.000   1169.040     4.1210     4.1215   3.293860   3.293829     1.4970     1.5652    0.00057    0.00064     0.5437   103.3561    162.838    159.789         19    34.7089    34.7079    27.5516    27.5508    1486.17    1486.18 0.0000e+00
      36974 111.629257   1180.000   1170.028     4.1207     4.1212   3.293897   3.293873     1.4973     1.5656    0.00044    0.00057     0.5437   103.3561    162.956    160.303         22    34.7090    34.7082    27.5517    27.5511    1486.19    1486.19 0.0000e+00
      37005 111.629272   1181.000   1171.017     4.1206     4.1211   3.293946   3.293924     1.4984     1.5674    0.00024    0.00068     0.5437   103.3561    163.178    160.783         34    34.7092    34.7085    27.5519    27.5513    1486.21    1486.21 0.0000e+00
      37069 111.629303   1182.000   1172.006     4.1210     4.1213   3.294031   3.294001     1.4996     1.5693    0.00135    0.00083     0.5437   103.3561    163.027    160.350         36    34.7093    34.7087    27.5520    27.5514    1486.23    1486.23 0.0000e+00
      37093 111.629311   1183.000   1172.995     4.1210     4.1212   3.294117   3.294086     1.4995     1.5694    0.00115    0.00083     0.5437   103.3561    163.063    160.400         22    34.7099    34.7092    27.5524    27.5519    1486.24    1486.24 0.0000e+00
      37113 111.629318   1184.000   1173.984     4.1210     4.1213   3.294145   3.294131     1.4995     1.5692    0.00088    0.00026     0.5437   103.3561    163.086    160.377         19    34.7097    34.7092    27.5523    27.5518    1486.26    1486.26 0.0000e+00
      37132 111.629333   1185.000   1174.972     4.1208     4.1212   3.294188   3.294168     1.4995     1.5692   -0.00001    0.00013     0.5437   103.3561    163.125    160.495         19    34.7099    34.7093    27.5525    27.5519    1486.28    1486.28 0.0000e+00
      37154 111.629341   1186.000   1175.961     4.1202     4.1206   3.294215   3.294193     1.4996     1.5694    0.00003   -0.00005     0.5437   103.3561    163.240    160.591         26    34.7104    34.7097    27.5529    27.5523    1486.29    1486.29 0.0000e+00
      37185 111.629356   1187.000   1176.950     4.1200     4.1205   3.294310   3.294288     1.5001     1.5700    0.00003   -0.00003     0.5437   103.3561    163.501    160.888         35    34.7112    34.7104    27.5536    27.5529    1486.31    1486.31 0.0000e+00
      37226 111.629372   1188.000   1177.938     4.1200     4.1205   3.294371   3.294349     1.5008     1.5703    0.00028    0.00021     0.5437   103.3561    163.430    160.797         50    34.7114    34.7106    27.5538    27.5531    1486.32    1486.32 0.0000e+00
      37273 111.629395   1189.000   1178.927     4.1201     4.1205   3.294437   3.294412     1.5008     1.5710    0.00034    0.00053     0.5437   103.3561    163.401    160.934         34    34.7115    34.7108    27.5539    27.5533    1486.34    1486.34 0.0000e+00
      37298 111.629410   1190.000   1179.916     4.1202     4.1205   3.294529   3.294490     1.5008     1.5711    0.00009    0.00005     0.5437   103.3561    163.425    160.621         21    34.7120    34.7112    27.5543    27.5536    1486.36    1486.36 0.0000e+00
      37316 111.629417   1191.000   1180.905     4.1203     4.1206   3.294581   3.294555     1.5008     1.5703    0.00029    0.00003     0.5437   103.3561    163.446    160.483         18    34.7120    34.7113    27.5543    27.5537    1486.38    1486.38 0.0000e+00
      37334 111.629425   1192.000   1181.893     4.1201     4.1206   3.294621   3.294605     1.5008     1.5706    0.00033   -0.00002     0.5437   103.3561    163.433    161.015         18    34.7122    34.7115    27.5544    27.5538    1486.39    1486.39 0.0000e+00
      37354 111.629440   1193.000   1182.882     4.1199     4.1203   3.294677   3.294653     1.5005     1.5707    0.00006   -0.00002     0.5437   103.3561    163.307    160.723         23    34.7126    34.7119    27.5548    27.5542    1486.41    1486.41 0.0000e+00
      37387 111.629456   1194.000   1183.871     4.1197     4.1203   3.294732   3.294710     1.5004     1.5705   -0.00020   -0.00016     0.5437   103.3550    163.445    160.829         44    34.7129    34.7121    27.5551    27.5543    1486.42    1486.43 0.0000e+00
      37435 111.629478   1195.000   1184.859     4.1195     4.1200   3.294809   3.294785     1.5005     1.5706   -0.00012   -0.00007     0.5437   103.3507    163.516    160.912         44    34.7135    34.7128    27.5556    27.5550    1486.44    1486.44 0.0000e+00
      37468 111.629494   1196.000   1185.848     4.1196     4.1199   3.294896   3.294865     1.5007     1.5705    0.00028    0.00011     0.5437   103.3528    163.545    160.746         24    34.7140    34.7133    27.5560    27.5554    1486.46    1486.46 0.0000e+00
      37489 111.629501   1197.000   1186.837     4.1196     4.1200   3.294980   3.294950     1.5006     1.5707    0.00001    0.00003     0.5437   103.3461    163.456    160.892         19    34.7145    34.7137    27.5563    27.5557    1486.48    1486.48 0.0000e+00
      37507 111.629509   1198.000   1187.826     4.1195     4.1200   3.295033   3.295013     1.5005     1.5704    0.00012    0.00006     0.5437   103.3460    163.536    160.813         18    34.7147    34.7139    27.5566    27.5559    1486.49    1486.49 0.0000e+00
      37525 111.629517   1199.000   1188.814     4.1194     4.1198   3.295058   3.295041     1.5005     1.5706   -0.00012    0.00009     0.5437   103.3535    163.617    160.971         19    34.7146    34.7139    27.5565    27.5559    1486.51    1486.51 0.0000e+00
      37549 111.629532   1200.000   1189.803     4.1193     4.1199   3.295103   3.295084     1.5007     1.5706   -0.00004   -0.00005     0.5437   103.3507    163.703    160.975         30    34.7147    34.7139    27.5566    27.5559    1486.52    1486.53 0.0000e+00
      37584 111.629547   1201.000   1190.792     4.1193     4.1199   3.295166   3.295139     1.5008     1.5707   -0.00002    0.00003     0.5437   103.3471    163.674    161.093         37    34.7149    34.7140    27.5568    27.5560    1486.54    1486.54 0.0000e+00
      37618 111.629562   1202.000   1191.780     4.1195     4.1200   3.295226   3.295205     1.5008     1.5707    0.00003    0.00004     0.5437   103.3562    163.687    160.978         33    34.7150    34.7142    27.5568    27.5561    1486.56    1486.56 0.0000e+00
      37650 111.629578   1203.000   1192.769     4.1195     4.1200   3.295275   3.295258     1.5008     1.5707    0.00015    0.00006     0.5437   103.3561    163.676    160.929         30    34.7150    34.7143    27.5569    27.5562    1486.58    1486.58 0.0000e+00
      37678 111.629593   1204.000   1193.758     4.1197     4.1200   3.295341   3.295310     1.5007     1.5706   -0.00002    0.00008     0.5437   103.3561    163.673    160.996         25    34.7151    34.7144    27.5570    27.5563    1486.59    1486.59 0.0000e+00
      37700 111.629601   1205.000   1194.746     4.1198     4.1201   3.295401   3.295378     1.5007     1.5704    0.00002   -0.00006     0.5437   103.3561    163.622    160.825         20    34.7152    34.7146    27.5570    27.5565    1486.61    1486.61 0.0000e+00
      37719 111.629616   1206.000   1195.735     4.1197     4.1201   3.295465   3.295429     1.5004     1.5700   -0.00013    0.00004     0.5437   103.3561    163.641    160.920         18    34.7155    34.7147    27.5573    27.5566    1486.63    1486.63 0.0000e+00
      37738 111.629623   1207.000   1196.724     4.1194     4.1200   3.295520   3.295494     1.5005     1.5701   -0.00019   -0.00001     0.5437   103.3561    163.728    161.058         21    34.7160    34.7151    27.5577    27.5569    1486.64    1486.64 0.0000e+00
      37766 111.629639   1208.000   1197.712     4.1195     4.1200   3.295549   3.295521     1.5004     1.5703   -0.00016   -0.00016     0.5437   103.3561    163.758    161.077         41    34.7158    34.7149    27.5575    27.5567    1486.66    1486.66 0.0000e+00
      37810 111.629654   1209.000   1198.701     4.1197     4.1201   3.295615   3.295587     1.5005     1.5705    0.00002   -0.00002     0.5437   103.3561    163.706    161.169         34    34.7158    34.7151    27.5575    27.5569    1486.68    1486.68 0.0000e+00
