data/CTD/fr24/fr24001.cnv
* Sea-Bird SBE 9 Data File:
* FileName = C:\SEASOFT\PIRATA-FR24\data\fr24001.hex
* Software Version Seasave V 7.23.1
* Temperature SN = 2042
* Conductivity SN = 1548
* Number of Bytes Per Scan = 35
* Number of Voltage Words = 2
* Number of Scans Averaged by the Deck Unit = 1
* NMEA Latitude = 06 59.99 N
* NMEA Longitude = 020 19.01 W
* NMEA UTC (Time) = Apr 12 2014 08:25:24
** Cruise: PIRATA-FR24
** Ship: LE SUROIT
** Station: 1
** Bottom Depth: 3754
** Operator: LF/ND
** Comments:
# nquan = 24                                
# nvalues = 2072                        
# units = specified
# name 0 = scan: Scan Count
# name 1 = timeJ: Julian Days
# name 2 = prDM: Pressure, Digiquartz [db]
# name 3 = depSM: Depth [salt water, m]
# name 4 = t090C: Temperature [ITS-90, deg C]
# name 5 = t190C: Temperature, 2 [ITS-90, deg C]
# name 6 = c0S/m: Conductivity [S/m]
# name 7 = c1S/m: Conductivity, 2 [S/m]
# name 8 = sbeox0V: Oxygen raw, SBE 43 [V]
# name 9 = sbeox1V: Oxygen raw, SBE 43, 2 [V]
# name 10 = sbeox1dOV/dT: Oxygen, SBE 43, 2 [dov/dt]
# name 11 = sbeox0dOV/dT: Oxygen, SBE 43 [dov/dt]
# name 12 = flECO-AFL: Fluorescence, WET Labs ECO-AFL/FL [mg/m^3]
# name 13 = CStarTr0: Beam Transmission, WET Labs C-Star [%]
# name 14 = sbeox0Mm/Kg: Oxygen, SBE 43 [umol/kg], WS = 2
# name 15 = sbeox1Mm/Kg: Oxygen, SBE 43, 2 [umol/kg], WS = 2
# name 16 = nbin: number of scans per bin
# name 17 = sal00: Salinity, Practical [PSU]
# name 18 = sal11: Salinity, Practical, 2 [PSU]
# name 19 = sigma-é00: Density [sigma-theta, kg/m^3]
# name 20 = sigma-é11: Density, 2 [sigma-theta, kg/m^3]
# name 21 = svCM: Sound Velocity [Chen-Millero, m/s]
# name 22 = svCM1: Sound Velocity, 2 [Chen-Millero, m/s]
# name 23 = flag: flag
# span 0 =       1635,      96657       
# span 1 = 102.351746, 102.397575       
# span 2 =      1.000,   1038.000       
# span 3 =      0.994,   1029.644       
# span 4 =     4.9975,    25.9412       
# span 5 =     4.9982,    25.9417       
# span 6 =   3.367544,   5.513721       
# span 7 =   3.367516,   5.513821       
# span 8 =     0.8821,     2.7437       
# span 9 =     0.9515,     2.8731       
# span 10 =   -0.05400,    0.09953      
# span 11 =   -0.05482,    0.08530      
# span 12 =     0.5131,     4.2817      
# span 13 =    91.6255,   103.1623      
# span 14 =     45.360,    209.921      
# span 15 =     45.444,    211.213      
# span 16 =          1,         90      
# span 17 =    34.6354,    35.8161      
# span 18 =    34.6348,    35.8179      
# span 19 =    23.6448,    27.4690      
# span 20 =    23.6448,    27.4684      
# span 21 =    1486.18,    1537.83      
# span 22 =    1486.18,    1537.83      
# span 23 = 0.0000e+00, 0.0000e+00      
# interval = decibars: 1                
# start_time = Apr 12 2014 08:25:23 [System UTC, first data scan.]
# bad_flag = -9.990e-29
*END*
       1635 102.351746      4.000      3.978    25.9338    25.9347   5.512466   5.512618     2.7327     2.8640    0.00032    0.00003     0.8902   100.5301    202.162    201.255         49    35.7844    35.7848    23.6463    23.6462    1537.53    1537.54 0.0000e+00
       3892 102.352837      5.000      4.972    25.9370    25.9381   5.512829   5.513007     2.7326     2.8656   -0.00036   -0.00041     0.8830   100.5177    202.358    201.448         36    35.7843    35.7847    23.6452    23.6452    1537.56    1537.56 0.0000e+00
       3954 102.352867      6.000      5.966    25.9388    25.9392   5.513089   5.513178     2.7362     2.8642    0.00033    0.00125     0.8827   100.5126    202.599    201.169         46    35.7845    35.7847    23.6449    23.6449    1537.58    1537.58 0.0000e+00
       3994 102.352890      7.000      6.961    25.9377    25.9385   5.513011   5.513088     2.7392     2.8649   -0.00109    0.00133     0.8796   100.4785    202.993    201.504         44    35.7844    35.7844    23.6452    23.6450    1537.59    1537.60 0.0000e+00
       4062 102.352921      8.000      7.955    25.9374    25.9381   5.513038   5.513141     2.7368     2.8635    0.00176    0.00223     0.8794    99.9837    202.665    201.187         36    35.7845    35.7847    23.6455    23.6454    1537.61    1537.61 0.0000e+00
       4097 102.352936      9.000      8.950    25.9385    25.9393   5.513209   5.513328     2.7384     2.8627   -0.00126   -0.00171     0.8794   100.4531    202.956    201.099         27    35.7846    35.7848    23.6452    23.6452    1537.63    1537.63 0.0000e+00
       4143 102.352959     10.000      9.944    25.9379    25.9386   5.513189   5.513290     2.7394     2.8623   -0.00124   -0.00046     0.8794   100.4682    203.001    201.184         42    35.7846    35.7848    23.6455    23.6455    1537.64    1537.65 0.0000e+00
       4214 102.352989     11.000     10.938    25.9390    25.9395   5.513378   5.513444     2.7371     2.8614    0.00095   -0.00117     0.8794   100.5229    202.861    201.103         34    35.7848    35.7849    23.6454    23.6453    1537.66    1537.67 0.0000e+00
       4247 102.353004     12.000     11.933    25.9400    25.9406   5.513504   5.513591     2.7395     2.8623   -0.00079   -0.00116     0.8794   100.5645    203.021    201.167         41    35.7846    35.7848    23.6450    23.6449    1537.68    1537.68 0.0000e+00
       4303 102.353035     13.000     12.927    25.9412    25.9417   5.513701   5.513773     2.7377     2.8607    0.00048    0.00168     0.8794   100.4897    202.895    201.101         42    35.7848    35.7850    23.6448    23.6448    1537.70    1537.70 0.0000e+00
       4338 102.353050     14.000     13.922    25.9394    25.9401   5.513532   5.513625     2.7413     2.8612   -0.00088   -0.00104     0.8794   100.5301    203.268    201.212         39    35.7846    35.7848    23.6454    23.6452    1537.72    1537.72 0.0000e+00
       4379 102.353073     15.000     14.916    25.9386    25.9390   5.513513   5.513558     2.7401     2.8616    0.00007    0.00137     0.8794   100.5649    203.160    201.200         38    35.7848    35.7849    23.6458    23.6458    1537.73    1537.73 0.0000e+00
       4427 102.353096     16.000     15.910    25.9392    25.9399   5.513594   5.513687     2.7429     2.8610    0.00017    0.00034     0.8794   100.5470    203.488    201.262         65    35.7846    35.7848    23.6456    23.6455    1537.75    1537.75 0.0000e+00
       4489 102.353127     17.000     16.905    25.9398    25.9405   5.513721   5.513821     2.7437     2.8633   -0.00021    0.00142     0.8794   100.5572    203.394    201.413         49    35.7848    35.7850    23.6456    23.6455    1537.77    1537.77 0.0000e+00
       4535 102.353149     18.000     17.899    25.9373    25.9366   5.513475   5.513433     2.7402     2.8605    0.00127    0.00008     0.8794   100.5504    203.220    200.988         46    35.7846    35.7848    23.6463    23.6467    1537.78    1537.78 0.0000e+00
       4578 102.353165     19.000     18.893    25.9170    25.9165   5.511172   5.511225     2.7434     2.8596   -0.00095   -0.00216     0.8794   100.5367    203.721    201.347         40    35.7834    35.7841    23.6518    23.6525    1537.75    1537.75 0.0000e+00
       4621 102.353188     20.000     19.888    25.8726    25.8653   5.506338   5.505940     2.7437     2.8608   -0.00097    0.00125     0.8799   100.4685    203.810    201.645         52    35.7824    35.7852    23.6650    23.6693    1537.66    1537.64 0.0000e+00
       4674 102.353210     21.000     20.882    25.7040    25.6870   5.487425   5.485872     2.7430     2.8612    0.00060    0.00003     0.9887   100.3831    203.969    201.752         44    35.7755    35.7775    23.7122    23.7190    1537.27    1537.23 0.0000e+00
       4711 102.353233     22.000     21.876    25.1767    25.0824   5.429311   5.421653     2.7283     2.8483    0.00125    0.00047     1.0693   100.0253    204.277    202.398         37    35.7614    35.7792    23.8643    23.9066    1536.02    1535.81 0.0000e+00
       4773 102.353264     23.000     22.871    23.6712    23.5388   5.268639   5.257007     2.6758     2.7985   -0.00677   -0.00581     1.4604    99.0863    202.121    200.284         43    35.7539    35.7719    24.3110    24.3636    1532.35    1532.04 0.0000e+00
       4828 102.353287     24.000     23.865    22.0130    21.9836   5.089877   5.087639     2.5714     2.6977   -0.01841   -0.02208     2.4255    97.9367    195.745    192.814         31    35.7194    35.7259    24.7622    24.7755    1528.09    1528.02 0.0000e+00
       4859 102.353302     25.000     24.859    21.6359    21.5562   5.051755   5.045097     2.5180     2.6300   -0.04074   -0.04331     3.8479    96.0227    194.151    190.349         37    35.7293    35.7425    24.8753    24.9075    1527.13    1526.93 0.0000e+00
       4936 102.353340     26.000     25.854    21.2338    21.2180   5.010187   5.009022     2.4102     2.5154   -0.03877   -0.02789     4.1807    94.7840    182.387    178.901         42    35.7319    35.7358    24.9885    24.9958    1526.08    1526.04 0.0000e+00
       4973 102.353355     27.000     26.848    20.9430    20.9337   4.981424   4.981175     2.3272     2.4314   -0.03408   -0.03412     3.6311    95.6265    175.615    171.881         40    35.7437    35.7495    25.0772    25.0842    1525.33    1525.31 0.0000e+00
       5015 102.353378     28.000     27.842    20.7942    20.7826   4.966504   4.965758     2.2565     2.3549   -0.05400   -0.05482     3.4914    96.2030    169.965    166.391         39    35.7478    35.7516    25.1208    25.1269    1524.95    1524.92 0.0000e+00
       5052 102.353394     29.000     28.836    20.6255    20.6208   4.949502   4.949410     2.2026     2.3001   -0.04713   -0.04386     3.5818    96.7718    165.629    162.465         39    35.7518    35.7549    25.1695    25.1732    1524.51    1524.50 0.0000e+00
       5101 102.353416     30.000     29.831    20.5366    20.5326   4.941571   4.941475     2.1533     2.2478   -0.03583   -0.03479     3.5268    97.0675    162.255    159.589         47    35.7620    35.7646    25.2014    25.2044    1524.30    1524.29 0.0000e+00
       5189 102.353462     31.000     30.825    20.2873    20.2646   4.915174   4.913268     2.0803     2.1721   -0.01457   -0.01460     3.3331    97.5292    153.489    149.929         45    35.7573    35.7609    25.2646    25.2735    1523.63    1523.57 0.0000e+00
       5223 102.353477     32.000     31.819    20.0013    19.9984   4.885965   4.885841     2.0183     2.1087   -0.02054   -0.01949     3.4386    97.8574    147.859    144.334         34    35.7604    35.7618    25.3431    25.3449    1522.86    1522.86 0.0000e+00
       5259 102.353493     33.000     32.814    19.9428    19.9435   4.881029   4.881166     1.9743     2.0623   -0.03878   -0.03744     3.2941    98.1098    144.908    141.764         38    35.7692    35.7697    25.3654    25.3656    1522.73    1522.73 0.0000e+00
       5296 102.353516     34.000     33.808    19.8490    19.8432   4.872482   4.872065     1.9354     2.0211   -0.03831   -0.03713     3.0503    98.4547    140.288    136.602         35    35.7784    35.7799    25.3972    25.3999    1522.50    1522.48 0.0000e+00
       5333 102.353531     35.000     34.802    19.5388    19.4695   4.843312   4.838070     1.8614     1.9424   -0.02619   -0.02477     2.6102    98.8680    130.202    125.155         43    35.8020    35.8179    25.4966    25.5268    1521.67    1521.50 0.0000e+00
       5385 102.353554     36.000     35.796    18.9586    18.9583   4.785190   4.785042     1.7277     1.8052   -0.04733   -0.04435     2.0810   100.3196    119.083    114.880         51    35.8161    35.8151    25.6574    25.6567    1520.07    1520.07 0.0000e+00
       5479 102.353600     37.000     36.791    18.9277    18.9270   4.781564   4.781426     1.6525     1.7328   -0.02654   -0.02819     2.0627   100.8072    115.919    113.900         42    35.8120    35.8114    25.6622    25.6619    1520.00    1519.99 0.0000e+00
       5517 102.353622     38.000     37.785    18.9088    18.9088   4.779838   4.779714     1.6440     1.7228   -0.01154   -0.01220     1.9852   100.8992    115.351    113.361         35    35.8135    35.8124    25.6682    25.6674    1519.96    1519.96 0.0000e+00
       5549 102.353638     39.000     38.779    18.9016    18.9016   4.779309   4.779136     1.6377     1.7157   -0.00862   -0.00759     1.9770   100.9199    114.598    112.456         28    35.8149    35.8134    25.6711    25.6700    1519.96    1519.96 0.0000e+00
       5575 102.353653     40.000     39.773    18.8646    18.8626   4.775400   4.775011     1.6294     1.7065   -0.00619   -0.00529     1.9620   100.9316    113.356    111.024         25    35.8137    35.8121    25.6798    25.6790    1519.87    1519.86 0.0000e+00
       5603 102.353661     41.000     40.768    18.7709    18.7609   4.765360   4.764595     1.6167     1.6926   -0.00555   -0.00489     1.8961   101.0909    112.384    109.809         36    35.8099    35.8121    25.7008    25.7050    1519.61    1519.59 0.0000e+00
       5694 102.353706     42.000     41.762    18.6285    18.6288   4.750127   4.750216     1.5833     1.6575   -0.00642   -0.00561     1.8250   101.2356    108.866    106.307         39    35.8045    35.8050    25.7328    25.7332    1519.22    1519.22 0.0000e+00
       5747 102.353729     43.000     42.756    18.5087    18.5073   4.736997   4.736985     1.5572     1.6312   -0.00992   -0.01094     1.7845   101.2984    105.865    103.362         37    35.7971    35.7982    25.7574    25.7586    1518.88    1518.88 0.0000e+00
       5782 102.353752     44.000     43.750    18.3409    18.3343   4.718423   4.718108     1.5305     1.6048   -0.01267   -0.01233     1.7557   101.3646    102.755    100.042         35    35.7852    35.7882    25.7905    25.7945    1518.40    1518.39 0.0000e+00
       5824 102.353767     45.000     44.744    18.0960    18.0590   4.692573   4.689877     1.4900     1.5623   -0.01599   -0.01626     1.7233   101.4340     98.540     95.428         49    35.7783    35.7876    25.8465    25.8628    1517.70    1517.60 0.0000e+00
       5875 102.353790     46.000     45.739    17.8306    17.8139   4.663379   4.661929     1.4433     1.5131   -0.02472   -0.02369     1.6441   101.6208     94.893     92.121         47    35.7602    35.7624    25.8983    25.9041    1516.92    1516.88 0.0000e+00
       5914 102.353813     47.000     46.733    17.7077    17.7038   4.649560   4.649037     1.4220     1.4909   -0.02438   -0.02273     1.5559   101.8234     93.692     91.254         35    35.7488    35.7478    25.9198    25.9199    1516.57    1516.55 0.0000e+00
       5951 102.353828     48.000     47.727    17.6453    17.6415   4.642910   4.642731     1.4094     1.4787   -0.01674   -0.01616     1.5512   101.8871     92.831     90.708         44    35.7460    35.7477    25.9329    25.9352    1516.40    1516.39 0.0000e+00
       6004 102.353859     49.000     48.721    17.5103    17.4934   4.628265   4.626842     1.3935     1.4624   -0.00828   -0.00843     1.5409   101.8950     91.329     89.109         56    35.7379    35.7405    25.9597    25.9658    1516.01    1515.96 0.0000e+00
       6054 102.353882     50.000     49.715    17.3507    17.3436   4.610393   4.609728     1.3780     1.4462   -0.00743   -0.00714     1.4496   101.9951     90.170     87.952         42    35.7234    35.7239    25.9874    25.9894    1515.53    1515.51 0.0000e+00
       6106 102.353905     51.000     50.710    17.2965    17.2925   4.604563   4.604186     1.3684     1.4357   -0.00732   -0.00674     1.4043   102.0501     89.457     87.339         50    35.7202    35.7205    25.9981    25.9992    1515.39    1515.37 0.0000e+00
       6166 102.353935     52.000     51.704    17.2063    17.2030   4.594685   4.594164     1.3579     1.4255   -0.00425   -0.00386     1.4118   102.0725     88.407     86.263         34    35.7136    35.7120    26.0148    26.0144    1515.13    1515.11 0.0000e+00
       6193 102.353943     53.000     52.698    17.1331    17.1299   4.586597   4.586049     1.3518     1.4184   -0.00366   -0.00425     1.4200   101.9992     87.875     85.507         28    35.7076    35.7056    26.0278    26.0270    1514.92    1514.91 0.0000e+00
       6243 102.353973     54.000     53.692    17.0265    17.0273   4.575232   4.575215     1.3405     1.4060   -0.00555   -0.00487     1.3267   102.1144     86.493     84.147         44    35.7024    35.7015    26.0494    26.0485    1514.61    1514.61 0.0000e+00
       6287 102.353996     55.000     54.686    16.7914    16.7874   4.548866   4.548332     1.3240     1.3899   -0.00523   -0.00426     1.3238   102.2420     84.731     82.229         26    35.6797    35.6785    26.0879    26.0879    1513.90    1513.88 0.0000e+00
       6310 102.354004     56.000     55.680    16.6755    16.6739   4.536457   4.536090     1.3151     1.3800   -0.00579   -0.00633     1.2372   102.2558     84.336     81.857         24    35.6733    35.6715    26.1104    26.1094    1513.56    1513.55 0.0000e+00
       6347 102.354019     57.000     56.675    16.6691    16.6660   4.535941   4.535471     1.3081     1.3724   -0.00945   -0.00947     1.1476   102.3049     84.145     81.903         43    35.6741    35.6727    26.1126    26.1122    1513.55    1513.54 0.0000e+00
       6421 102.354057     58.000     57.669    16.6450    16.6430   4.533390   4.533101     1.3022     1.3657   -0.00350   -0.00321     1.1034   102.3971     83.809     81.613         68    35.6726    35.6719    26.1172    26.1171    1513.50    1513.49 0.0000e+00
       6487 102.354088     59.000     58.663    16.6238    16.6223   4.531163   4.530857     1.2987     1.3623   -0.00177   -0.00140     1.1040   102.4338     83.449     81.406         50    35.6715    35.6701    26.1213    26.1207    1513.45    1513.44 0.0000e+00
       6524 102.354103     60.000     59.657    16.5374    16.5311   4.521422   4.520703     1.2952     1.3591   -0.00109   -0.00118     1.1297   102.4501     83.038     80.930         33    35.6622    35.6615    26.1345    26.1355    1513.19    1513.17 0.0000e+00
       6558 102.354126     61.000     60.651    16.4156    16.4137   4.508351   4.507982     1.2907     1.3547   -0.00132   -0.00163     1.1117   102.4699     82.749     80.602         38    35.6549    35.6534    26.1575    26.1568    1512.83    1512.82 0.0000e+00
       6594 102.354141     62.000     61.645    16.3678    16.3667   4.503101   4.502787     1.2868     1.3502   -0.00270   -0.00287     1.0985   102.5212     82.534     80.250         31    35.6508    35.6490    26.1655    26.1644    1512.70    1512.69 0.0000e+00
       6626 102.354156     63.000     62.639    16.3358    16.3324   4.499664   4.499163     1.2846     1.3471   -0.00308   -0.00298     1.1008   102.5473     82.403     80.164         39    35.6485    35.6471    26.1713    26.1709    1512.61    1512.60 0.0000e+00
