data/CTD/fr24/fr24005.cnv
* Sea-Bird SBE 9 Data File:
* FileName = C:\SEASOFT\PIRATA-FR24\data\fr24005.hex
* Software Version Seasave V 7.23.1
* Temperature SN = 2042
* Conductivity SN = 1548
* Number of Bytes Per Scan = 35
* Number of Voltage Words = 2
* Number of Scans Averaged by the Deck Unit = 1
* NMEA Latitude = 09 29.95 S
* NMEA Longitude = 008 14.88 W
* NMEA UTC (Time) = Apr 21 2014 14:40:28
** Cruise: PIRATA-FR24
** Ship: LE SUROIT
** Station: 5
** Bottom Depth: 3970
** Operator: ca/bn
** Comments:
# nquan = 24                                
# nvalues = 4039                        
# units = specified
# name 0 = scan: Scan Count
# name 1 = timeJ: Julian Days
# name 2 = prDM: Pressure, Digiquartz [db]
# name 3 = depSM: Depth [salt water, m]
# name 4 = t090C: Temperature [ITS-90, deg C]
# name 5 = t190C: Temperature, 2 [ITS-90, deg C]
# name 6 = c0S/m: Conductivity [S/m]
# name 7 = c1S/m: Conductivity, 2 [S/m]
# name 8 = sbeox0V: Oxygen raw, SBE 43 [V]
# name 9 = sbeox1V: Oxygen raw, SBE 43, 2 [V]
# name 10 = sbeox1dOV/dT: Oxygen, SBE 43, 2 [dov/dt]
# name 11 = sbeox0dOV/dT: Oxygen, SBE 43 [dov/dt]
# name 12 = flECO-AFL: Fluorescence, WET Labs ECO-AFL/FL [mg/m^3]
# name 13 = CStarTr0: Beam Transmission, WET Labs C-Star [%]
# name 14 = sbeox0Mm/Kg: Oxygen, SBE 43 [umol/kg], WS = 2
# name 15 = sbeox1Mm/Kg: Oxygen, SBE 43, 2 [umol/kg], WS = 2
# name 16 = nbin: number of scans per bin
# name 17 = sal00: Salinity, Practical [PSU]
# name 18 = sal11: Salinity, Practical, 2 [PSU]
# name 19 = sigma-é00: Density [sigma-theta, kg/m^3]
# name 20 = sigma-é11: Density, 2 [sigma-theta, kg/m^3]
# name 21 = svCM: Sound Velocity [Chen-Millero, m/s]
# name 22 = svCM1: Sound Velocity, 2 [Chen-Millero, m/s]
# name 23 = flag: flag
# span 0 =         91,     144746       
# span 1 = 111.611465, 111.681229       
# span 2 =      1.000,   2021.000       
# span 3 =      0.994,   1999.947       
# span 4 =     3.4056,    27.5117       
# span 5 =     3.4037,    27.5119       
# span 6 =   3.284166,   5.795191       
# span 7 =   3.283839,   5.795248       
# span 8 =     1.0411,     2.8358       
# span 9 =     1.1082,     2.9606       
# span 10 =   -0.05303,    0.04697      
# span 11 =   -0.05166,    0.04322      
# span 12 =     0.5112,     2.0786      
# span 13 =    91.5277,   103.4123      
# span 14 =     69.712,    224.353      
# span 15 =     68.773,    220.874      
# span 16 =         13,         66      
# span 17 =    34.5021,    36.5892      
# span 18 =    34.5017,    36.5895      
# span 19 =    23.7505,    27.8099      
# span 20 =    23.7507,    27.8086      
# span 21 =    1481.58,    1542.51      
# span 22 =    1481.58,    1542.51      
# span 23 = 0.0000e+00, 0.0000e+00      
# interval = decibars: 1                
# start_time = Apr 21 2014 14:40:27 [System UTC, first data scan.]
# bad_flag = -9.990e-29
*END*
[from data line 2959]
      89784 111.654724   1080.000   1071.129     4.1594     4.1601   3.287659   3.287630     1.4581     1.5293   -0.00086   -0.00050     0.5234   103.3497    153.781    151.292         19    34.6454    34.6444    27.4962    27.4953    1484.61    1484.61 0.0000e+00
      89808 111.654732   1079.000   1070.139     4.1596     4.1604   3.287618   3.287597     1.4576     1.5289   -0.00063   -0.00075     0.5232   103.3471    153.528    151.347         29    34.6453    34.6442    27.4961    27.4951    1484.59    1484.60 0.0000e+00
      89841 111.654747   1078.000   1069.150     4.1598     4.1606   3.287572   3.287556     1.4568     1.5279   -0.00059   -0.00029     0.5236   103.3505    153.328    151.088         34    34.6450    34.6440    27.4959    27.4949    1484.58    1484.58 0.0000e+00
      89873 111.654762   1077.000   1068.161     4.1606     4.1615   3.287565   3.287554     1.4556     1.5273   -0.00049   -0.00057     0.5223   103.3495    153.124    150.820         32    34.6446    34.6435    27.4954    27.4945    1484.56    1484.57 0.0000e+00
      89905 111.654778   1076.000   1067.172     4.1617     4.1625   3.287574   3.287555     1.4548     1.5264   -0.00048   -0.00064     0.5207   103.3568    153.037    150.952         31    34.6440    34.6430    27.4948    27.4939    1484.55    1484.55 0.0000e+00
      89934 111.654793   1075.000   1066.182     4.1621     4.1630   3.287546   3.287533     1.4545     1.5258   -0.00076   -0.00078     0.5207   103.3561    153.001    150.545         28    34.6438    34.6427    27.4946    27.4937    1484.54    1484.54 0.0000e+00
      89963 111.654808   1074.000   1065.193     4.1623     4.1632   3.287510   3.287492     1.4536     1.5248   -0.00051   -0.00067     0.5200   103.3561    152.752    150.429         28    34.6436    34.6426    27.4944    27.4935    1484.52    1484.52 0.0000e+00
      89989 111.654823   1073.000   1064.204     4.1625     4.1633   3.287468   3.287457     1.4533     1.5242   -0.00039   -0.00030     0.5257   103.3561    152.861    150.456         24    34.6435    34.6425    27.4943    27.4935    1484.50    1484.51 0.0000e+00
      90011 111.654831   1072.000   1063.214     4.1626     4.1634   3.287428   3.287412     1.4531     1.5240   -0.00090   -0.00053     0.5232   103.3506    152.787    150.491         20    34.6434    34.6424    27.4942    27.4933    1484.49    1484.49 0.0000e+00
      90030 111.654839   1071.000   1062.225     4.1627     4.1634   3.287383   3.287363     1.4527     1.5237   -0.00071   -0.00072     0.5221   103.3463    152.671    150.237         19    34.6433    34.6423    27.4941    27.4932    1484.47    1484.47 0.0000e+00
      90050 111.654846   1070.000   1061.236     4.1627     4.1636   3.287332   3.287318     1.4526     1.5230   -0.00053   -0.00033     0.5215   103.3533    152.633    150.231         21    34.6432    34.6421    27.4940    27.4931    1484.45    1484.46 0.0000e+00
      90075 111.654861   1069.000   1060.247     4.1639     4.1645   3.287303   3.287287     1.4522     1.5228   -0.00036   -0.00023     0.5208   103.3531    152.537    150.175         32    34.6421    34.6412    27.4930    27.4923    1484.44    1484.44 0.0000e+00
      90115 111.654884   1068.000   1059.257     4.1658     4.1664   3.287261   3.287244     1.4512     1.5222   -0.00049   -0.00033     0.5260   103.3536    152.196    150.138         43    34.6401    34.6393    27.4912    27.4905    1484.43    1484.43 0.0000e+00
      90149 111.654900   1067.000   1058.268     4.1662     4.1670   3.287214   3.287201     1.4504     1.5219   -0.00036   -0.00031     0.5232   103.3563    152.028    149.847         24    34.6396    34.6387    27.4908    27.4899    1484.41    1484.42 0.0000e+00
      90169 111.654907   1066.000   1057.279     4.1663     4.1672   3.287172   3.287152     1.4496     1.5212   -0.00040   -0.00072     0.5221   103.3561    151.986    149.775         18    34.6395    34.6384    27.4907    27.4897    1484.40    1484.40 0.0000e+00
      90186 111.654915   1065.000   1056.290     4.1666     4.1673   3.287136   3.287118     1.4496     1.5209   -0.00027   -0.00081     0.5251   103.3561    152.162    149.906         17    34.6394    34.6384    27.4905    27.4897    1484.38    1484.38 0.0000e+00
      90205 111.654922   1064.000   1055.300     4.1667     4.1675   3.287085   3.287067     1.4496     1.5209   -0.00026   -0.00049     0.5224   103.3514    151.961    149.801         21    34.6391    34.6381    27.4903    27.4894    1484.37    1484.37 0.0000e+00
      90234 111.654938   1063.000   1054.311     4.1663     4.1671   3.287028   3.287007     1.4487     1.5204   -0.00048   -0.00052     0.5217   103.3490    151.790    149.722         41    34.6393    34.6382    27.4905    27.4896    1484.35    1484.35 0.0000e+00
      90273 111.654961   1062.000   1053.322     4.1671     4.1681   3.286987   3.286976     1.4484     1.5199   -0.00026   -0.00025     0.5245   103.3516    151.892    149.690         28    34.6385    34.6374    27.4898    27.4888    1484.33    1484.34 0.0000e+00
      90295 111.654968   1061.000   1052.332     4.1679     4.1686   3.286959   3.286935     1.4484     1.5198   -0.00033   -0.00064     0.5206   103.3502    151.886    149.653         20    34.6379    34.6368    27.4892    27.4883    1484.32    1484.32 0.0000e+00
      90314 111.654976   1060.000   1051.343     4.1679     4.1686   3.286916   3.286884     1.4484     1.5198   -0.00026   -0.00028     0.5211   103.3489    151.865    149.734         19    34.6379    34.6368    27.4891    27.4882    1484.30    1484.30 0.0000e+00
      90337 111.654991   1059.000   1050.354     4.1682     4.1689   3.286868   3.286844     1.4484     1.5196   -0.00023   -0.00014     0.5196   103.3412    151.755    149.524         29    34.6375    34.6365    27.4888    27.4879    1484.29    1484.29 0.0000e+00
      90380 111.655006   1058.000   1049.364     4.1684     4.1693   3.286813   3.286798     1.4478     1.5190   -0.00009   -0.00014     0.5260   103.3520    151.613    149.455         48    34.6372    34.6361    27.4885    27.4876    1484.27    1484.27 0.0000e+00
      90411 111.655022   1057.000   1048.375     4.1687     4.1695   3.286788   3.286772     1.4473     1.5191   -0.00033   -0.00020     0.5206   103.3543    151.534    149.469         20    34.6371    34.6361    27.4884    27.4875    1484.26    1484.26 0.0000e+00
      90430 111.655037   1056.000   1047.386     4.1687     4.1694   3.286748   3.286722     1.4475     1.5186   -0.00047   -0.00002     0.5210   103.3560    151.621    149.358         18    34.6371    34.6360    27.4884    27.4875    1484.24    1484.24 0.0000e+00
      90448 111.655045   1055.000   1046.396     4.1691     4.1701   3.286711   3.286697     1.4472     1.5187   -0.00013   -0.00015     0.5219   103.3447    151.479    149.337         21    34.6367    34.6355    27.4881    27.4870    1484.22    1484.23 0.0000e+00
      90472 111.655052   1054.000   1045.407     4.1728     4.1739   3.286747   3.286736     1.4471     1.5183   -0.00007   -0.00037     0.5263   103.3479    151.503    149.249         26    34.6338    34.6326    27.4853    27.4843    1484.22    1484.22 0.0000e+00
      90498 111.655067   1053.000   1044.417     4.1741     4.1750   3.286699   3.286676     1.4470     1.5180   -0.00022   -0.00002     0.5246   103.3452    151.221    148.900         23    34.6324    34.6311    27.4841    27.4830    1484.21    1484.21 0.0000e+00
      90519 111.655075   1052.000   1043.428     4.1748     4.1758   3.286653   3.286633     1.4461     1.5174   -0.00021   -0.00021     0.5190   103.3446    150.989    148.679         21    34.6316    34.6304    27.4833    27.4823    1484.19    1484.19 0.0000e+00
      90544 111.655090   1051.000   1042.439     4.1758     4.1764   3.286589   3.286568     1.4456     1.5165   -0.00025   -0.00009     0.5235   103.3326    150.874    148.543         33    34.6304    34.6295    27.4823    27.4815    1484.18    1484.18 0.0000e+00
      90596 111.655113   1050.000   1041.449     4.1782     4.1784   3.286585   3.286567     1.4439     1.5155   -0.00088   -0.00070     0.5262   103.3528    150.594    148.559         41    34.6283    34.6278    27.4804    27.4800    1484.17    1484.17 0.0000e+00
      90624 111.655128   1049.000   1040.460     4.1786     4.1797   3.286582   3.286574     1.4434     1.5146   -0.00062   -0.00085     0.5271   103.3481    150.646    148.368         21    34.6283    34.6271    27.4804    27.4793    1484.15    1484.16 0.0000e+00
      90644 111.655136   1048.000   1039.471     4.1801     4.1810   3.286600   3.286587     1.4431     1.5145   -0.00029   -0.00066     0.5239   103.3424    150.565    148.213         20    34.6274    34.6263    27.4795    27.4785    1484.14    1484.14 0.0000e+00
      90666 111.655144   1047.000   1038.481     4.1810     4.1818   3.286611   3.286593     1.4427     1.5134   -0.00040   -0.00072     0.5251   103.3420    150.383    147.708         22    34.6272    34.6261    27.4792    27.4782    1484.13    1484.13 0.0000e+00
      90688 111.655159   1046.000   1037.492     4.1815     4.1824   3.286582   3.286569     1.4422     1.5126   -0.00064   -0.00043     0.5243   103.3451    150.303    148.012         22    34.6268    34.6258    27.4788    27.4779    1484.11    1484.12 0.0000e+00
      90710 111.655167   1045.000   1036.503     4.1819     4.1827   3.286533   3.286515     1.4417     1.5124   -0.00053   -0.00030     0.5200   103.3442    150.095    147.890         23    34.6264    34.6253    27.4784    27.4775    1484.10    1484.10 0.0000e+00
      90739 111.655182   1044.000   1035.513     4.1822     4.1829   3.286499   3.286477     1.4406     1.5117   -0.00094   -0.00051     0.5224   103.3438    149.832    147.858         38    34.6261    34.6251    27.4782    27.4773    1484.08    1484.08 0.0000e+00
      90776 111.655197   1043.000   1034.524     4.1829     4.1836   3.286434   3.286424     1.4397     1.5113   -0.00042   -0.00065     0.5257   103.3517    150.010    147.874         28    34.6251    34.6242    27.4773    27.4765    1484.07    1484.07 0.0000e+00
      90797 111.655212   1042.000   1033.534     4.1836     4.1846   3.286420   3.286413     1.4397     1.5113   -0.00048   -0.00079     0.5288   103.3424    150.029    147.789         19    34.6248    34.6236    27.4769    27.4759    1484.05    1484.06 0.0000e+00
      90815 111.655220   1041.000   1032.545     4.1849     4.1858   3.286357   3.286331     1.4397     1.5106   -0.00029   -0.00092     0.5173   103.3418    150.005    147.364         18    34.6231    34.6219    27.4754    27.4744    1484.04    1484.04 0.0000e+00
      90835 111.655228   1040.000   1031.555     4.1868     4.1879   3.286333   3.286319     1.4397     1.5102   -0.00031   -0.00042     0.5236   103.3413    150.548    147.642         23    34.6214    34.6201    27.4739    27.4728    1484.03    1484.03 0.0000e+00
      90867 111.655243   1039.000   1030.566     4.1883     4.1890   3.286276   3.286263     1.4383     1.5098   -0.00033   -0.00001     0.5252   103.3495    149.379    147.342         38    34.6197    34.6188    27.4724    27.4716    1484.02    1484.02 0.0000e+00
      90903 111.655258   1038.000   1029.577     4.1888     4.1898   3.286201   3.286185     1.4375     1.5092   -0.00037   -0.00062     0.5227   103.3474    149.403    147.312         35    34.6187    34.6175    27.4715    27.4704    1484.00    1484.00 0.0000e+00
      90940 111.655281   1037.000   1028.587     4.1904     4.1910   3.286086   3.286083     1.4372     1.5086   -0.00054   -0.00065     0.5254   103.3474    149.368    147.278         39    34.6163    34.6156    27.4694    27.4688    1483.99    1483.99 0.0000e+00
      90975 111.655296   1036.000   1027.598     4.1910     4.1917   3.285977   3.285960     1.4366     1.5083   -0.00036   -0.00036     0.5208   103.3374    149.280    147.347         27    34.6149    34.6139    27.4682    27.4674    1483.97    1483.97 0.0000e+00
      90996 111.655304   1035.000   1026.608     4.1912     4.1921   3.285885   3.285866     1.4366     1.5085   -0.00027   -0.00015     0.5221   103.3343    149.458    147.423         19    34.6141    34.6129    27.4676    27.4666    1483.95    1483.96 0.0000e+00
      91014 111.655312   1034.000   1025.619     4.1915     4.1923   3.285851   3.285823     1.4370     1.5084   -0.00031   -0.00030     0.5288   103.3393    149.560    147.345         17    34.6138    34.6127    27.4673    27.4664    1483.94    1483.94 0.0000e+00
      91032 111.655327   1033.000   1024.629     4.1916     4.1924   3.285752   3.285744     1.4372     1.5085   -0.00023   -0.00040     0.5209   103.3387    149.512    147.334         20    34.6130    34.6121    27.4667    27.4659    1483.92    1483.92 0.0000e+00
      91056 111.655334   1032.000   1023.640     4.1916     4.1924   3.285690   3.285675     1.4372     1.5083    0.00008 2.7427e-07     0.5244   103.3448    149.443    147.319         30    34.6129    34.6119    27.4665    27.4657    1483.90    1483.91 0.0000e+00
      91096 111.655357   1031.000   1022.650     4.1914     4.1924   3.285624   3.285603     1.4376     1.5089    0.00002    0.00031     0.5232   103.3472    149.556    147.557         41    34.6128    34.6115    27.4665    27.4654    1483.89    1483.89 0.0000e+00
      91126 111.655373   1030.000   1021.661     4.1913     4.1922   3.285579   3.285560     1.4376     1.5090    0.00000    0.00005     0.5237   103.3445    149.539    147.529         23    34.6128    34.6117    27.4665    27.4656    1483.87    1483.87 0.0000e+00
      91148 111.655380   1029.000   1020.672     4.1913     4.1920   3.285491   3.285471     1.4383     1.5096    0.00023    0.00021     0.5224   103.3526    149.734    147.492         24    34.6124    34.6114    27.4662    27.4653    1483.85    1483.85 0.0000e+00
      91174 111.655388   1028.000   1019.682     4.1914     4.1922   3.285320   3.285299     1.4385     1.5094    0.00031    0.00021     0.5227   103.3483    149.545    147.508         28    34.6107    34.6096    27.4648    27.4639    1483.84    1483.84 0.0000e+00
      91203 111.655403   1027.000   1018.693     4.1916     4.1924   3.285239   3.285217     1.4385     1.5099    0.00026    0.00035     0.5230   103.3486    149.512    147.704         30    34.6101    34.6090    27.4643    27.4633    1483.82    1483.82 0.0000e+00
      91234 111.655418   1026.000   1017.703     4.1915     4.1923   3.285187   3.285158     1.4385     1.5103    0.00005    0.00014     0.5236   103.3458    149.506    147.743         30    34.6101    34.6089    27.4643    27.4632    1483.80    1483.80 0.0000e+00
      91263 111.655434   1025.000   1016.714     4.1917     4.1925   3.285138   3.285123     1.4387     1.5112    0.00047    0.00010     0.5240   103.3440    149.762    147.943         28    34.6098    34.6088    27.4641    27.4632    1483.79    1483.79 0.0000e+00
      91291 111.655449   1024.000   1015.724     4.1920     4.1928   3.285099   3.285082     1.4395     1.5112    0.00026    0.00008     0.5223   103.3436    149.814    147.692         31    34.6095    34.6085    27.4637    27.4628    1483.77    1483.77 0.0000e+00
      91330 111.655464   1023.000   1014.735     4.1923     4.1931   3.285027   3.285021     1.4397     1.5117    0.00058    0.00036     0.5247   103.3538    149.638    147.720         42    34.6088    34.6079    27.4632    27.4624    1483.75    1483.76 0.0000e+00
      91365 111.655487   1022.000   1013.745     4.1925     4.1933   3.284984   3.284968     1.4398     1.5118    0.00014    0.00039     0.5298   103.3493    149.766    147.754         31    34.6086    34.6076    27.4630    27.4621    1483.74    1483.74 0.0000e+00
