data/CTD/fr24/fr24002.cnv
* Sea-Bird SBE 9 Data File:
* FileName = C:\SEASOFT\PIRATA-FR24\data\fr24002.hex
* Software Version Seasave V 7.23.1
* Temperature SN = 2042
* Conductivity SN = 1548
* Number of Bytes Per Scan = 35
* Number of Voltage Words = 2
* Number of Scans Averaged by the Deck Unit = 1
* NMEA Latitude = 00 00.15 N
* NMEA Longitude = 022 57.82 W
* NMEA UTC (Time) = Apr 14 2014 19:35:32
** Cruise: PIRATA-FR24
** Ship: LE SUROIT
** Station: 2
** Bottom Depth: 3914
** Operator: ET/YP
** Comments:
# nquan = 24                                
# nvalues = 4039                        
# units = specified
# name 0 = scan: Scan Count
# name 1 = timeJ: Julian Days
# name 2 = prDM: Pressure, Digiquartz [db]
# name 3 = depSM: Depth [salt water, m]
# name 4 = t090C: Temperature [ITS-90, deg C]
# name 5 = t190C: Temperature, 2 [ITS-90, deg C]
# name 6 = c0S/m: Conductivity [S/m]
# name 7 = c1S/m: Conductivity, 2 [S/m]
# name 8 = sbeox0V: Oxygen raw, SBE 43 [V]
# name 9 = sbeox1V: Oxygen raw, SBE 43, 2 [V]
# name 10 = sbeox1dOV/dT: Oxygen, SBE 43, 2 [dov/dt]
# name 11 = sbeox0dOV/dT: Oxygen, SBE 43 [dov/dt]
# name 12 = flECO-AFL: Fluorescence, WET Labs ECO-AFL/FL [mg/m^3]
# name 13 = CStarTr0: Beam Transmission, WET Labs C-Star [%]
# name 14 = sbeox0Mm/Kg: Oxygen, SBE 43 [umol/kg], WS = 2
# name 15 = sbeox1Mm/Kg: Oxygen, SBE 43, 2 [umol/kg], WS = 2
# name 16 = nbin: number of scans per bin
# name 17 = sal00: Salinity, Practical [PSU]
# name 18 = sal11: Salinity, Practical, 2 [PSU]
# name 19 = sigma-é00: Density [sigma-theta, kg/m^3]
# name 20 = sigma-é11: Density, 2 [sigma-theta, kg/m^3]
# name 21 = svCM: Sound Velocity [Chen-Millero, m/s]
# name 22 = svCM1: Sound Velocity, 2 [Chen-Millero, m/s]
# name 23 = flag: flag
# span 0 =       1046,     151804       
# span 1 = 104.816833, 104.889542       
# span 2 =      2.000,   2021.000       
# span 3 =      1.989,   2000.234       
# span 4 =     3.5128,    29.1231       
# span 5 =     3.5132,    29.1227       
# span 6 =   3.296161,   5.836462       
# span 7 =   3.296106,   5.837329       
# span 8 =     1.1847,     2.8033       
# span 9 =     1.2636,     2.9346       
# span 10 =   -0.03087,    0.02624      
# span 11 =   -0.03064,    0.02126      
# span 12 =     0.5124,     2.0266      
# span 13 =    89.7197,   103.1943      
# span 14 =     83.993,    236.897      
# span 15 =     83.932,    235.513      
# span 16 =         14,         70      
# span 17 =    34.4885,    36.5930      
# span 18 =    34.4879,    36.5954      
# span 19 =    22.5100,    27.8244      
# span 20 =    22.5150,    27.8232      
# span 21 =    1481.78,    1544.48      
# span 22 =    1481.77,    1544.48      
# span 23 = 0.0000e+00, 0.0000e+00      
# interval = decibars: 1                
# start_time = Apr 14 2014 19:35:31 [System UTC, first data scan.]
# bad_flag = -9.990e-29
*END*
[from data line 2778]
      79445 104.854645   1262.000   1251.271     4.5805     4.5802   3.351834   3.351795     1.6232     1.7072   -0.00199   -0.00196     0.5131   103.1622    182.502    181.092         34    34.8645    34.8644    27.6272    27.6272    1489.66    1489.66 0.0000e+00
      79477 104.854660   1261.000   1250.283     4.5810     4.5819   3.351405   3.351504     1.6204     1.7045   -0.00206   -0.00179     0.5131   103.1622    181.756    180.475         28    34.8596    34.8597    27.6233    27.6233    1489.64    1489.64 0.0000e+00
      79501 104.854668   1260.000   1249.294     4.5756     4.5766   3.350391   3.350436     1.6178     1.7019   -0.00202   -0.00169     0.5131   103.1622    181.213    179.767         21    34.8539    34.8534    27.6194    27.6188    1489.59    1489.59 0.0000e+00
      79522 104.854683   1259.000   1248.306     4.5714     4.5722   3.349772   3.349767     1.6153     1.6993   -0.00211   -0.00195     0.5131   103.1622    180.681    179.064         21    34.8515    34.8507    27.6179    27.6171    1489.55    1489.56 0.0000e+00
      79542 104.854691   1258.000   1247.317     4.5659     4.5670   3.348927   3.348984     1.6127     1.6963   -0.00220   -0.00234     0.5131   103.1622    180.180    178.576         20    34.8480    34.8476    27.6157    27.6152    1489.51    1489.51 0.0000e+00
      79564 104.854698   1257.000   1246.329     4.5611     4.5625   3.348279   3.348351     1.6098     1.6936   -0.00263   -0.00265     0.5131   103.1622    179.688    178.121         23    34.8460    34.8454    27.6146    27.6140    1489.47    1489.48 0.0000e+00
      79587 104.854713   1256.000   1245.340     4.5574     4.5584   3.347821   3.347829     1.6071     1.6904   -0.00303   -0.00286     0.5131   103.1622    179.496    177.983         22    34.8450    34.8441    27.6142    27.6134    1489.44    1489.44 0.0000e+00
      79608 104.854721   1255.000   1244.352     4.5552     4.5559   3.347461   3.347464     1.6050     1.6886   -0.00332   -0.00306     0.5131   103.1622    179.238    177.841         21    34.8437    34.8429    27.6134    27.6127    1489.41    1489.41 0.0000e+00
      79630 104.854729   1254.000   1243.363     4.5547     4.5554   3.347273   3.347282     1.6029     1.6861   -0.00327   -0.00320     0.5131   103.1622    178.945    177.528         23    34.8425    34.8419    27.6125    27.6119    1489.39    1489.39 0.0000e+00
      79654 104.854744   1253.000   1242.375     4.5544     4.5551   3.347086   3.347098     1.6012     1.6846   -0.00285   -0.00267     0.5131   103.1622    178.754    177.727         24    34.8411    34.8405    27.6114    27.6109    1489.37    1489.37 0.0000e+00
      79678 104.854759   1252.000   1241.386     4.5544     4.5551   3.346944   3.346943     1.5990     1.6828   -0.00235   -0.00230     0.5131   103.1622    178.292    177.218         24    34.8399    34.8392    27.6105    27.6098    1489.35    1489.35 0.0000e+00
      79701 104.854767   1251.000   1240.397     4.5542     4.5549   3.346831   3.346823     1.5974     1.6811   -0.00225   -0.00215     0.5131   103.1622    178.211    177.032         23    34.8394    34.8385    27.6100    27.6092    1489.33    1489.34 0.0000e+00
      79723 104.854774   1250.000   1239.409     4.5540     4.5546   3.346725   3.346717     1.5960     1.6800   -0.00148   -0.00183     0.5131   103.1523    178.080    177.072         22    34.8388    34.8380    27.6096    27.6089    1489.32    1489.32 0.0000e+00
      79745 104.854790   1249.000   1238.420     4.5539     4.5545   3.346650   3.346642     1.5949     1.6788   -0.00172   -0.00205     0.5131   103.1584    177.935    176.902         23    34.8385    34.8378    27.6094    27.6087    1489.30    1489.30 0.0000e+00
      79769 104.854797   1248.000   1237.432     4.5538     4.5544   3.346560   3.346553     1.5938     1.6778   -0.00170   -0.00163     0.5131   103.1522    177.769    176.860         24    34.8381    34.8374    27.6090    27.6084    1489.28    1489.28 0.0000e+00
      79795 104.854813   1247.000   1236.443     4.5537     4.5542   3.346486   3.346473     1.5927     1.6768   -0.00126   -0.00130     0.5131   103.1453    177.604    176.705         27    34.8378    34.8371    27.6088    27.6082    1489.26    1489.26 0.0000e+00
      79822 104.854828   1246.000   1235.454     4.5535     4.5541   3.346353   3.346348     1.5917     1.6761   -0.00107   -0.00116     0.5131   103.1511    177.478    176.609         27    34.8369    34.8363    27.6081    27.6075    1489.24    1489.25 0.0000e+00
      79849 104.854836   1245.000   1234.466     4.5536     4.5543   3.346246   3.346232     1.5909     1.6750   -0.00095   -0.00105     0.5131   103.1512    177.429    176.409         26    34.8361    34.8353    27.6075    27.6067    1489.23    1489.23 0.0000e+00
      79873 104.854851   1244.000   1233.477     4.5536     4.5542   3.346185   3.346169     1.5904     1.6740   -0.00078   -0.00095     0.5131   103.1522    177.221    176.249         22    34.8359    34.8351    27.6072    27.6065    1489.21    1489.21 0.0000e+00
      79893 104.854858   1243.000   1232.489     4.5537     4.5543   3.346119   3.346101     1.5894     1.6739   -0.00081   -0.00081     0.5131   103.1519    176.932    176.502         18    34.8356    34.8347    27.6070    27.6062    1489.19    1489.20 0.0000e+00
      79911 104.854866   1242.000   1231.500     4.5535     4.5542   3.346031   3.346010     1.5888     1.6735   -0.00077   -0.00070     0.5131   103.1608    176.897    176.117         18    34.8351    34.8343    27.6067    27.6059    1489.18    1489.18 0.0000e+00
      79928 104.854874   1241.000   1230.511     4.5535     4.5542   3.345950   3.345934     1.5882     1.6727   -0.00087   -0.00053     0.5131   103.1509    176.960    176.034         17    34.8348    34.8339    27.6064    27.6056    1489.16    1489.16 0.0000e+00
      79946 104.854881   1240.000   1229.523     4.5537     4.5543   3.345817   3.345809     1.5882     1.6725   -0.00072   -0.00085     0.5131   103.1534    176.996    175.923         20    34.8335    34.8328    27.6053    27.6047    1489.14    1489.14 0.0000e+00
      79970 104.854897   1239.000   1228.534     4.5551     4.5555   3.345711   3.345690     1.5875     1.6714   -0.00049   -0.00097     0.5131   103.1472    176.573    175.630         27    34.8313    34.8306    27.6034    27.6028    1489.13    1489.13 0.0000e+00
      79997 104.854912   1238.000   1227.545     4.5582     4.5585   3.345632   3.345618     1.5862     1.6705   -0.00069   -0.00050     0.5131   103.1388    176.071    175.320         27    34.8276    34.8272    27.6001    27.5998    1489.12    1489.12 0.0000e+00
      80023 104.854919   1237.000   1226.557     4.5608     4.5614   3.345493   3.345481     1.5843     1.6688   -0.00084   -0.00041     0.5131   103.1447    175.462    174.317         24    34.8238    34.8231    27.5968    27.5962    1489.11    1489.11 0.0000e+00
      80047 104.854935   1236.000   1225.568     4.5643     4.5643   3.345164   3.345188     1.5819     1.6662   -0.00086   -0.00101     0.5131   103.1413    174.727    173.624         25    34.8168    34.8171    27.5909    27.5911    1489.10    1489.10 0.0000e+00
      80073 104.854942   1235.000   1224.579     4.5655     4.5657   3.345013   3.345025     1.5787     1.6629   -0.00127   -0.00156     0.5131   103.1480    173.999    172.486         28    34.8143    34.8143    27.5887    27.5887    1489.08    1489.08 0.0000e+00
      80102 104.854958   1234.000   1223.591     4.5656     4.5661   3.344919   3.344918     1.5750     1.6589   -0.00234   -0.00222     0.5131   103.1548    173.469    172.141         29    34.8137    34.8131    27.5882    27.5877    1489.06    1489.07 0.0000e+00
      80128 104.854973   1233.000   1222.602     4.5656     4.5662   3.344727   3.344728     1.5719     1.6557   -0.00295   -0.00293     0.5131   103.1368    172.743    171.781         23    34.8119    34.8113    27.5868    27.5862    1489.05    1489.05 0.0000e+00
      80149 104.854980   1232.000   1221.614     4.5663     4.5668   3.344604   3.344619     1.5689     1.6535   -0.00360   -0.00313     0.5131   103.1480    172.472    171.386         19    34.8102    34.8099    27.5854    27.5851    1489.03    1489.03 0.0000e+00
      80168 104.854996   1231.000   1220.625     4.5671     4.5676   3.344520   3.344519     1.5672     1.6511   -0.00306   -0.00280     0.5131   103.1477    172.436    171.096         19    34.8090    34.8084    27.5843    27.5838    1489.02    1489.02 0.0000e+00
      80188 104.855003   1230.000   1219.636     4.5678     4.5685   3.344431   3.344422     1.5657     1.6496   -0.00279   -0.00300     0.5131   103.1452    172.126    170.990         20    34.8077    34.8068    27.5832    27.5824    1489.00    1489.00 0.0000e+00
      80208 104.855011   1229.000   1218.647     4.5682     4.5689   3.344355   3.344343     1.5637     1.6474   -0.00266   -0.00318     0.5131   103.1585    171.782    170.508         21    34.8069    34.8060    27.5825    27.5817    1488.98    1488.99 0.0000e+00
      80229 104.855019   1228.000   1217.659     4.5689     4.5695   3.344312   3.344300     1.5620     1.6454   -0.00278   -0.00237     0.5131   103.1504    171.654    170.595         21    34.8062    34.8053    27.5818    27.5811    1488.97    1488.97 0.0000e+00
      80251 104.855034   1227.000   1216.670     4.5689     4.5696   3.344260   3.344242     1.5606     1.6442   -0.00230   -0.00205     0.5131   103.1410    171.411    170.296         22    34.8060    34.8051    27.5817    27.5809    1488.95    1488.95 0.0000e+00
      80272 104.855042   1226.000   1215.681     4.5689     4.5697   3.344059   3.344104     1.5590     1.6422   -0.00240   -0.00220     0.5131   103.1417    171.176    169.971         21    34.8042    34.8038    27.5802    27.5799    1488.93    1488.94 0.0000e+00
      80293 104.855049   1225.000   1214.693     4.5653     4.5663   3.343215   3.343275     1.5578     1.6408   -0.00199   -0.00184     0.5131   103.1473    170.956    169.893         22    34.7987    34.7982    27.5762    27.5758    1488.89    1488.90 0.0000e+00
      80316 104.855064   1224.000   1213.704     4.5646     4.5653   3.342973   3.342983     1.5561     1.6396   -0.00169   -0.00167     0.5131   103.1490    170.477    169.686         23    34.7971    34.7965    27.5750    27.5745    1488.87    1488.88 0.0000e+00
      80342 104.855072   1223.000   1212.715     4.5644     4.5651   3.342862   3.342862     1.5539     1.6372   -0.00187   -0.00159     0.5131   103.1498    170.178    168.978         29    34.7964    34.7958    27.5745    27.5739    1488.86    1488.86 0.0000e+00
      80371 104.855087   1222.000   1211.727     4.5640     4.5647   3.342722   3.342716     1.5518     1.6353   -0.00152   -0.00174     0.5131   103.1474    169.963    168.960         28    34.7957    34.7950    27.5740    27.5733    1488.84    1488.84 0.0000e+00
      80398 104.855103   1221.000   1210.738     4.5632     4.5640   3.342493   3.342500     1.5504     1.6332   -0.00190   -0.00196     0.5131   103.1501    169.679    168.686         25    34.7944    34.7937    27.5730    27.5724    1488.81    1488.82 0.0000e+00
      80422 104.855118   1220.000   1209.749     4.5631     4.5639   3.342422   3.342416     1.5487     1.6324   -0.00188   -0.00170     0.5131   103.1492    169.577    168.850         22    34.7942    34.7933    27.5729    27.5721    1488.80    1488.80 0.0000e+00
      80443 104.855125   1219.000   1208.760     4.5630     4.5637   3.342272   3.342303     1.5481     1.6313   -0.00155   -0.00147     0.5131   103.1526    169.473    168.537         21    34.7930    34.7926    27.5719    27.5715    1488.78    1488.78 0.0000e+00
      80463 104.855133   1218.000   1207.772     4.5629     4.5636   3.342018   3.342042     1.5471     1.6307   -0.00168   -0.00148     0.5131   103.1404    169.255    168.440         19    34.7907    34.7903    27.5701    27.5697    1488.76    1488.76 0.0000e+00
      80483 104.855141   1217.000   1206.783     4.5628     4.5634   3.341904   3.341909     1.5462     1.6295   -0.00092   -0.00136     0.5131   103.1437    169.100    168.211         21    34.7900    34.7894    27.5695    27.5690    1488.74    1488.74 0.0000e+00
      80504 104.855156   1216.000   1205.794     4.5627     4.5634   3.341784   3.341778     1.5453     1.6288   -0.00109   -0.00097     0.5131   103.1455    168.918    168.316         22    34.7892    34.7884    27.5689    27.5682    1488.72    1488.72 0.0000e+00
      80526 104.855164   1215.000   1204.805     4.5626     4.5633   3.341677   3.341665     1.5442     1.6283   -0.00105   -0.00118     0.5131   103.1505    168.760    168.077         21    34.7885    34.7877    27.5683    27.5676    1488.70    1488.71 0.0000e+00
      80547 104.855171   1214.000   1203.817     4.5625     4.5632   3.341449   3.341459     1.5435     1.6270   -0.00108   -0.00104     0.5131   103.1521    168.610    167.422         21    34.7864    34.7859    27.5667    27.5662    1488.68    1488.69 0.0000e+00
      80568 104.855186   1213.000   1202.828     4.5624     4.5632   3.341277   3.341287     1.5425     1.6257   -0.00088   -0.00105     0.5131   103.1468    168.385    167.573         22    34.7850    34.7844    27.5656    27.5650    1488.67    1488.67 0.0000e+00
      80591 104.855194   1212.000   1201.839     4.5624     4.5631   3.341105   3.341094     1.5414     1.6250   -0.00077   -0.00106     0.5131   103.1441    168.184    167.324         24    34.7835    34.7827    27.5644    27.5637    1488.65    1488.65 0.0000e+00
      80616 104.855209   1211.000   1200.850     4.5624     4.5630   3.341005   3.341002     1.5402     1.6234   -0.00153   -0.00103     0.5131   103.1468    167.856    167.015         25    34.7829    34.7823    27.5639    27.5633    1488.63    1488.63 0.0000e+00
      80641 104.855217   1210.000   1199.862     4.5623     4.5629   3.340919   3.340917     1.5388     1.6225   -0.00098   -0.00109     0.5131   103.1475    167.837    167.016         25    34.7826    34.7818    27.5636    27.5629    1488.61    1488.61 0.0000e+00
      80665 104.855232   1209.000   1198.873     4.5622     4.5629   3.340804   3.340815     1.5382     1.6214   -0.00124   -0.00113     0.5131   103.1472    167.709    166.885         24    34.7817    34.7812    27.5629    27.5624    1488.59    1488.60 0.0000e+00
      80690 104.855240   1208.000   1197.884     4.5623     4.5628   3.340674   3.340688     1.5375     1.6209   -0.00120   -0.00135     0.5131   103.1483    167.701    166.997         24    34.7807    34.7803    27.5621    27.5618    1488.58    1488.58 0.0000e+00
      80713 104.855255   1207.000   1196.895     4.5621     4.5629   3.340562   3.340567     1.5370     1.6203   -0.00093   -0.00081     0.5131   103.1450    167.596    166.671         22    34.7800    34.7793    27.5616    27.5609    1488.56    1488.56 0.0000e+00
      80734 104.855263   1206.000   1195.906     4.5621     4.5628   3.340482   3.340486     1.5365     1.6193   -0.00091   -0.00082     0.5131   103.1557    167.436    166.389         21    34.7796    34.7789    27.5612    27.5606    1488.54    1488.54 0.0000e+00
      80754 104.855278   1205.000   1194.918     4.5620     4.5627   3.340395   3.340389     1.5357     1.6189   -0.00056   -0.00062     0.5131   103.1467    167.180    166.634         21    34.7792    34.7784    27.5609    27.5602    1488.52    1488.53 0.0000e+00
      80777 104.855286   1204.000   1193.929     4.5621     4.5627   3.340226   3.340230     1.5350     1.6183   -0.00065   -0.00053     0.5131   103.1510    167.085    166.478         25    34.7776    34.7770    27.5596    27.5591    1488.51    1488.51 0.0000e+00
