data/CTD/fr24/fr24004.cnv
* Sea-Bird SBE 9 Data File:
* FileName = C:\SEASOFT\PIRATA-FR24\data\fr24004.hex
* Software Version Seasave V 7.23.1
* Temperature SN = 2042
* Conductivity SN = 1548
* Number of Bytes Per Scan = 35
* Number of Voltage Words = 2
* Number of Scans Averaged by the Deck Unit = 1
* NMEA Latitude = 09 54.68 S
* NMEA Longitude = 009 58.94 W
* NMEA UTC (Time) = Apr 19 2014 20:39:12
** Cruise: PIRATA-FR24
** Ship: LE SUROIT
** Station: 4
** Bottom Depth: 3500
** Operator: LF/ND
** Comments:
# nquan = 24                                
# nvalues = 4035                        
# units = specified
# name 0 = scan: Scan Count
# name 1 = timeJ: Julian Days
# name 2 = prDM: Pressure, Digiquartz [db]
# name 3 = depSM: Depth [salt water, m]
# name 4 = t090C: Temperature [ITS-90, deg C]
# name 5 = t190C: Temperature, 2 [ITS-90, deg C]
# name 6 = c0S/m: Conductivity [S/m]
# name 7 = c1S/m: Conductivity, 2 [S/m]
# name 8 = sbeox0V: Oxygen raw, SBE 43 [V]
# name 9 = sbeox1V: Oxygen raw, SBE 43, 2 [V]
# name 10 = sbeox1dOV/dT: Oxygen, SBE 43, 2 [dov/dt]
# name 11 = sbeox0dOV/dT: Oxygen, SBE 43 [dov/dt]
# name 12 = flECO-AFL: Fluorescence, WET Labs ECO-AFL/FL [mg/m^3]
# name 13 = CStarTr0: Beam Transmission, WET Labs C-Star [%]
# name 14 = sbeox0Mm/Kg: Oxygen, SBE 43 [umol/kg], WS = 2
# name 15 = sbeox1Mm/Kg: Oxygen, SBE 43, 2 [umol/kg], WS = 2
# name 16 = nbin: number of scans per bin
# name 17 = sal00: Salinity, Practical [PSU]
# name 18 = sal11: Salinity, Practical, 2 [PSU]
# name 19 = sigma-é00: Density [sigma-theta, kg/m^3]
# name 20 = sigma-é11: Density, 2 [sigma-theta, kg/m^3]
# name 21 = svCM: Sound Velocity [Chen-Millero, m/s]
# name 22 = svCM1: Sound Velocity, 2 [Chen-Millero, m/s]
# name 23 = flag: flag
# span 0 =          5,     110929       
# span 1 = 109.860542, 109.914040       
# span 2 =      2.000,   2021.000       
# span 3 =      1.989,   1999.922       
# span 4 =     3.4806,    27.2835       
# span 5 =     3.4809,    27.2844       
# span 6 =   3.281789,   5.768299       
# span 7 =   3.281791,   5.768376       
# span 8 =     1.0462,     2.8411       
# span 9 =     1.1141,     2.9671       
# span 10 =   -0.06655,    0.05208      
# span 11 =   -0.06249,    0.04269      
# span 12 =     0.5107,     2.2403      
# span 13 =    93.9726,   103.4014      
# span 14 =     66.943,    222.099      
# span 15 =     66.120,    218.899      
# span 16 =          9,         61      
# span 17 =    34.5019,    36.5763      
# span 18 =    34.5014,    36.5798      
# span 19 =    23.8047,    27.8040      
# span 20 =    23.8077,    27.8029      
# span 21 =    1482.45,    1542.28      
# span 22 =    1482.47,    1542.27      
# span 23 = 0.0000e+00, 0.0000e+00      
# interval = decibars: 1                
# start_time = Apr 19 2014 20:39:11 [System UTC, first data scan.]
# bad_flag = -9.990e-29
*END*
[from data line 2838]
      73123 109.895805   1198.000   1187.811     4.1028     4.1032   3.293868   3.293758     1.5312     1.6049   -0.00100   -0.00067     0.5131   103.3561    168.589    166.273         20    34.7184    34.7168    27.5613    27.5599    1486.43    1486.43 0.0000e+00
      73142 109.895813   1197.000   1186.822     4.1023     4.1029   3.293653   3.293555     1.5308     1.6047   -0.00075   -0.00075     0.5131   103.3561    168.419    165.933         19    34.7169    34.7151    27.5601    27.5586    1486.41    1486.41 0.0000e+00
      73163 109.895828   1196.000   1185.833     4.1019     4.1025   3.293307   3.293303     1.5300     1.6033   -0.00061   -0.00059     0.5131   103.3561    167.992    165.562         24    34.7138    34.7131    27.5576    27.5570    1486.38    1486.39 0.0000e+00
      73198 109.895844   1195.000   1184.845     4.1018     4.1027   3.293272   3.293316     1.5284     1.6019   -0.00072   -0.00053     0.5131   103.3609    167.881    165.564         45    34.7140    34.7135    27.5578    27.5573    1486.37    1486.37 0.0000e+00
      73233 109.895859   1194.000   1183.856     4.1021     4.1025   3.293217   3.293136     1.5270     1.6012   -0.00130   -0.00124     0.5131   103.3665    167.712    165.654         22    34.7136    34.7121    27.5574    27.5562    1486.35    1486.35 0.0000e+00
      73250 109.895866   1193.000   1182.867     4.1017     4.1022   3.293052   3.292962     1.5269     1.6006   -0.00079   -0.00129     0.5131   103.3580    167.887    165.417         15    34.7125    34.7109    27.5566    27.5553    1486.33    1486.33 0.0000e+00
      73264 109.895874   1192.000   1181.879     4.1012     4.1020   3.292865   3.292828     1.5268     1.6002   -0.00089   -0.00076     0.5131   103.3582    167.788    165.625         13    34.7113    34.7101    27.5557    27.5546    1486.31    1486.31 0.0000e+00
      73276 109.895882   1191.000   1180.890     4.1011     4.1020   3.292790   3.292757     1.5266     1.6005   -0.00081   -0.00070     0.5131   103.3600    167.630    165.605         12    34.7110    34.7097    27.5555    27.5543    1486.29    1486.30 0.0000e+00
      73289 109.895889   1190.000   1179.901     4.1010     4.1020   3.292706   3.292695     1.5263     1.6002   -0.00063   -0.00084     0.5131   103.3610    167.529    165.409         13    34.7107    34.7095    27.5552    27.5542    1486.28    1486.28 0.0000e+00
      73303 109.895897   1189.000   1178.912     4.1010     4.1017   3.292645   3.292620     1.5258     1.6000   -0.00044   -0.00073     0.5131   103.3563    167.327    165.092         15    34.7105    34.7095    27.5550    27.5542    1486.26    1486.26 0.0000e+00
      73324 109.895905   1188.000   1177.924     4.1010     4.1016   3.292653   3.292599     1.5250     1.5990   -0.00044   -0.00030     0.5131   103.3561    164.901    165.025         29    34.7110    34.7098    27.5555    27.5544    1486.24    1486.24 0.0000e+00
      73375 109.895927   1187.000   1176.935     4.1008     4.1013   3.292542   3.292466     1.5231     1.5980   -0.00068   -0.00081     0.5131   103.3561    167.450    164.971         32    34.7105    34.7090    27.5551    27.5538    1486.23    1486.23 0.0000e+00
      73395 109.895935   1186.000   1175.946     4.1007     4.1011   3.292464   3.292363     1.5233     1.5975   -0.00075   -0.00079     0.5131   103.3561    167.234    165.160         19    34.7102    34.7086    27.5548    27.5535    1486.21    1486.21 0.0000e+00
      73412 109.895950   1185.000   1174.958     4.0995     4.1001   3.292093   3.292045     1.5233     1.5980   -0.00052   -0.00037     0.5131   103.3561    167.220    165.178         15    34.7076    34.7064    27.5529    27.5518    1486.18    1486.18 0.0000e+00
      73427 109.895950   1184.000   1173.969     4.0987     4.0993   3.291933   3.291887     1.5233     1.5974   -0.00044   -0.00065     0.5131   103.3561    167.161    164.721         16    34.7070    34.7058    27.5524    27.5515    1486.16    1486.16 0.0000e+00
      73443 109.895958   1183.000   1172.980     4.0984     4.0989   3.291845   3.291789     1.5233     1.5973   -0.00058   -0.00083     0.5131   103.3561    166.918    164.407         16    34.7068    34.7056    27.5523    27.5513    1486.14    1486.15 0.0000e+00
      73461 109.895973   1182.000   1171.991     4.0979     4.0988   3.291726   3.291745     1.5223     1.5959   -0.00018   -0.00031     0.5131   103.3561    166.649    164.317         19    34.7064    34.7057    27.5521    27.5514    1486.13    1486.13 0.0000e+00
      73481 109.895981   1181.000   1171.003     4.0985     4.0988   3.291780   3.291702     1.5221     1.5958   -0.00002   -0.00001     0.5131   103.3561    166.785    164.688         22    34.7069    34.7057    27.5523    27.5514    1486.11    1486.11 0.0000e+00
      73505 109.895988   1180.000   1170.014     4.0981     4.0986   3.291621   3.291631     1.5217     1.5957   -0.00079   -0.00036     0.5131   103.3561    166.697    164.520         26    34.7060    34.7055    27.5517    27.5513    1486.09    1486.09 0.0000e+00
      73539 109.896011   1179.000   1169.025     4.0977     4.0980   3.291466   3.291387     1.5213     1.5948   -0.00057   -0.00053     0.5131   103.3561    166.621    164.264         42    34.7050    34.7039    27.5510    27.5500    1486.07    1486.07 0.0000e+00
      73578 109.896027   1178.000   1168.036     4.0972     4.0976   3.291297   3.291224     1.5208     1.5944   -0.00035   -0.00033     0.5131   103.3561    166.541    164.293         31    34.7041    34.7028    27.5502    27.5492    1486.05    1486.05 0.0000e+00
      73603 109.896042   1177.000   1167.048     4.0972     4.0978   3.291210   3.291163     1.5205     1.5935   -0.00066   -0.00035     0.5131   103.3561    166.338    163.882         21    34.7036    34.7024    27.5498    27.5488    1486.04    1486.04 0.0000e+00
      73622 109.896049   1176.000   1166.059     4.0970     4.0978   3.291021   3.291056     1.5199     1.5933   -0.00039   -0.00025     0.5131   103.3561    166.187    164.040         17    34.7021    34.7016    27.5486    27.5482    1486.02    1486.02 0.0000e+00
      73637 109.896057   1175.000   1165.070     4.0970     4.0979   3.290920   3.290876     1.5196     1.5929   -0.00025   -0.00021     0.5131   103.3561    166.039    163.943         15    34.7014    34.6999    27.5481    27.5468    1486.00    1486.00 0.0000e+00
      73652 109.896065   1174.000   1164.081     4.0971     4.0979   3.290875   3.290776     1.5190     1.5926   -0.00037   -0.00031     0.5131   103.3561    165.831    163.784         14    34.7013    34.6992    27.5480    27.5462    1485.98    1485.98 0.0000e+00
      73666 109.896072   1173.000   1163.093     4.0971     4.0980   3.290810   3.290714     1.5184     1.5926   -0.00072   -0.00039     0.5131   103.3561    165.947    163.751         14    34.7010    34.6990    27.5478    27.5460    1485.97    1485.97 0.0000e+00
      73679 109.896072   1172.000   1162.104     4.0970     4.0980   3.290744   3.290647     1.5184     1.5919   -0.00064   -0.00062     0.5131   103.3561    166.114    163.594         14    34.7008    34.6986    27.5476    27.5458    1485.95    1485.95 0.0000e+00
      73693 109.896080   1171.000   1161.115     4.0970     4.0979   3.290703   3.290577     1.5184     1.5917   -0.00039   -0.00059     0.5131   103.3568    166.101    163.654         15    34.7009    34.6984    27.5476    27.5456    1485.93    1485.93 0.0000e+00
      73710 109.896088   1170.000   1160.126     4.0971     4.0978   3.290576   3.290553     1.5184     1.5915   -0.00044   -0.00064     0.5131   103.3611    166.081    163.500         18    34.6997    34.6987    27.5467    27.5458    1485.91    1485.92 0.0000e+00
      73745 109.896103   1169.000   1159.137     4.0972     4.0978   3.290523   3.290497     1.5179     1.5907   -0.00055   -0.00052     0.5131   103.3612    165.859    163.373         33    34.6995    34.6985    27.5465    27.5457    1485.90    1485.90 0.0000e+00
      73806 109.896141   1168.000   1158.148     4.0984     4.0995   3.290436   3.290422     1.5166     1.5899   -0.00065   -0.00068     0.5131   103.3618    165.512    163.604         22    34.6977    34.6964    27.5449    27.5438    1485.88    1485.89 0.0000e+00
      73822 109.896141   1167.000   1157.160     4.0991     4.1001   3.290432   3.290428     1.5159     1.5904   -0.00034   -0.00079     0.5131   103.3560    165.359    163.533         13    34.6974    34.6964    27.5446    27.5437    1485.87    1485.87 0.0000e+00
      73834 109.896149   1166.000   1156.171     4.1002     4.1011   3.290427   3.290412     1.5159     1.5899   -0.00024   -0.00047     0.5131   103.3561    165.476    163.266         12    34.6967    34.6956    27.5439    27.5430    1485.86    1485.86 0.0000e+00
      73846 109.896156   1165.000   1155.182     4.1008     4.1018   3.290403   3.290397     1.5159     1.5897   -0.00005   -0.00033     0.5131   103.3561    165.536    163.206         12    34.6964    34.6952    27.5436    27.5426    1485.84    1485.84 0.0000e+00
      73858 109.896164   1164.000   1154.193     4.1014     4.1030   3.290404   3.290418     1.5159     1.5897   -0.00024   -0.00034     0.5131   103.3561    165.466    163.187         13    34.6962    34.6947    27.5434    27.5420    1485.83    1485.83 0.0000e+00
      73872 109.896172   1163.000   1153.204     4.1017     4.1022   3.290350   3.290285     1.5158     1.5891    0.00004   -0.00044     0.5131   103.3561    165.287    162.981         16    34.6958    34.6944    27.5430    27.5419    1485.81    1485.81 0.0000e+00
      73895 109.896179   1162.000   1152.216     4.1012     4.1021   3.290256   3.290214     1.5150     1.5886   -0.00018   -0.00038     0.5131   103.3561    165.057    162.877         32    34.6956    34.6943    27.5429    27.5418    1485.79    1485.79 0.0000e+00
      73964 109.896210   1161.000   1151.227     4.1055     4.1069   3.289995   3.289940     1.5140     1.5877   -0.00059   -0.00070     0.5131   103.3561    164.741    162.566         27    34.6886    34.6865    27.5369    27.5351    1485.79    1485.79 0.0000e+00
      73984 109.896225   1160.000   1150.238     4.1051     4.1069   3.289981   3.289910     1.5134     1.5866   -0.00032   -0.00027     0.5131   103.3561    164.531    162.036         15    34.6894    34.6867    27.5376    27.5352    1485.77    1485.77 0.0000e+00
      73996 109.896225   1159.000   1149.249     4.1074     4.1083   3.289852   3.289821     1.5124     1.5862   -0.00020   -0.00005     0.5131   103.3561    164.331    162.015         11    34.6859    34.6847    27.5346    27.5335    1485.76    1485.76 0.0000e+00
      74007 109.896233   1158.000   1148.260     4.1082     4.1087   3.289836   3.289809     1.5122     1.5854   -0.00039   -0.00005     0.5131   103.3561    164.286    161.787         10    34.6855    34.6846    27.5341    27.5334    1485.74    1485.74 0.0000e+00
      74016 109.896240   1157.000   1147.271     4.1105     4.1111   3.289871   3.289848     1.5118     1.5855   -0.00035   -0.00040     0.5131   103.3561    164.227    161.858          9    34.6840    34.6831    27.5327    27.5319    1485.73    1485.73 0.0000e+00
      74025 109.896240   1156.000   1146.282     4.1129     4.1135   3.289877   3.289864     1.5118     1.5844   -0.00048   -0.00072     0.5131   103.3561    164.059    161.664          9    34.6820    34.6812    27.5308    27.5301    1485.72    1485.73 0.0000e+00
      74034 109.896248   1155.000   1145.293     4.1141     4.1144   3.289861   3.289837     1.5110     1.5844   -0.00078   -0.00086     0.5131   103.3561    163.778    161.516         10    34.6810    34.6805    27.5299    27.5295    1485.71    1485.71 0.0000e+00
      74045 109.896255   1154.000   1144.305     4.1144     4.1151   3.289813   3.289801     1.5101     1.5837   -0.00093   -0.00100     0.5131   103.3561    163.483    161.363         11    34.6807    34.6798    27.5296    27.5288    1485.70    1485.70 0.0000e+00
      74058 109.896255   1153.000   1143.316     4.1132     4.1124   3.289768   3.289710     1.5092     1.5829   -0.00128   -0.00101     0.5131   103.3561    163.462    161.112         15    34.6820    34.6820    27.5308    27.5309    1485.68    1485.67 0.0000e+00
      74100 109.896278   1152.000   1142.327     4.1126     4.1149   3.289690   3.289698     1.5074     1.5808   -0.00109   -0.00106     0.5131   103.3561    163.401    160.983         23    34.6821    34.6798    27.5309    27.5288    1485.66    1485.66 0.0000e+00
      74176 109.896317   1151.000   1141.338     4.1156     4.1167   3.289628   3.289593     1.5046     1.5780   -0.00100   -0.00108     0.5131   103.3561    163.092    160.994         11    34.6787    34.6772    27.5279    27.5266    1485.65    1485.65 0.0000e+00
      74187 109.896324   1150.000   1140.349     4.1162     4.1170   3.289536   3.289510     1.5048     1.5781   -0.00127   -0.00106     0.5131   103.3561    162.966    161.001         11    34.6775    34.6764    27.5269    27.5259    1485.63    1485.63 0.0000e+00
      74198 109.896324   1149.000   1139.360     4.1161     4.1169   3.289451   3.289448     1.5038     1.5779   -0.00119   -0.00131     0.5131   103.3561    162.780    160.735         11    34.6771    34.6763    27.5266    27.5258    1485.62    1485.62 0.0000e+00
      74209 109.896332   1148.000   1138.371     4.1161     4.1169   3.289379   3.289364     1.5036     1.5774   -0.00093   -0.00107     0.5131   103.3561    162.822    160.608         12    34.6768    34.6758    27.5263    27.5254    1485.60    1485.60 0.0000e+00
      74222 109.896339   1147.000   1137.382     4.1160     4.1166   3.289352   3.289335     1.5036     1.5772   -0.00049   -0.00066     0.5131   103.3561    163.012    160.635         14    34.6771    34.6762    27.5266    27.5258    1485.58    1485.58 0.0000e+00
      74240 109.896347   1146.000   1136.394     4.1159     4.1166   3.289290   3.289234     1.5036     1.5767   -0.00031   -0.00031     0.5131   103.3561    162.576    160.665         22    34.6770    34.6756    27.5265    27.5253    1485.56    1485.57 0.0000e+00
      74277 109.896362   1145.000   1135.405     4.1157     4.1162   3.289206   3.289164     1.5024     1.5764   -0.00051   -0.00045     0.5131   103.3561    162.743    160.628         49    34.6767    34.6757    27.5263    27.5254    1485.55    1485.55 0.0000e+00
      74320 109.896385   1144.000   1134.416     4.1151     4.1157   3.289080   3.289044     1.5023     1.5756   -0.00023   -0.00047     0.5131   103.3561    162.775    160.460         22    34.6763    34.6753    27.5260    27.5251    1485.53    1485.53 0.0000e+00
      74336 109.896393   1143.000   1133.427     4.1151     4.1157   3.289043   3.289006     1.5023     1.5756   -0.00027   -0.00086     0.5131   103.3561    162.751    160.686         14    34.6764    34.6753    27.5260    27.5251    1485.51    1485.51 0.0000e+00
      74348 109.896400   1142.000   1132.438     4.1149     4.1158   3.288974   3.288961     1.5023     1.5759   -0.00021   -0.00056     0.5131   103.3561    162.730    160.721         11    34.6763    34.6752    27.5260    27.5250    1485.49    1485.50 0.0000e+00
      74359 109.896400   1141.000   1131.449     4.1149     4.1158   3.288943   3.288935     1.5023     1.5757   -0.00041   -0.00009     0.5131   103.3561    162.710    160.678         11    34.6764    34.6754    27.5261    27.5252    1485.48    1485.48 0.0000e+00
      74370 109.896408   1140.000   1130.460     4.1149     4.1157   3.288864   3.288856     1.5023     1.5757   -0.00037   -0.00005     0.5131   103.3561    162.686    160.590         11    34.6760    34.6750    27.5257    27.5249    1485.46    1485.46 0.0000e+00
      74382 109.896416   1139.000   1129.471     4.1148     4.1157   3.288835   3.288821     1.5023     1.5757   -0.00045   -0.00003     0.5131   103.3561    162.667    160.585         13    34.6763    34.6752    27.5259    27.5250    1485.44    1485.44 0.0000e+00
