data/CTD/fr24/fr24001.cnv
* Sea-Bird SBE 9 Data File:
* FileName = C:\SEASOFT\PIRATA-FR24\data\fr24001.hex
* Software Version Seasave V 7.23.1
* Temperature SN = 2042
* Conductivity SN = 1548
* Number of Bytes Per Scan = 35
* Number of Voltage Words = 2
* Number of Scans Averaged by the Deck Unit = 1
* NMEA Latitude = 06 59.99 N
* NMEA Longitude = 020 19.01 W
* NMEA UTC (Time) = Apr 12 2014 08:25:24
** Cruise: PIRATA-FR24
** Ship: LE SUROIT
** Station: 1
** Bottom Depth: 3754
** Operator: LF/ND
** Comments:
# nquan = 24                                
# nvalues = 2072                        
# units = specified
# name 0 = scan: Scan Count
# name 1 = timeJ: Julian Days
# name 2 = prDM: Pressure, Digiquartz [db]
# name 3 = depSM: Depth [salt water, m]
# name 4 = t090C: Temperature [ITS-90, deg C]
# name 5 = t190C: Temperature, 2 [ITS-90, deg C]
# name 6 = c0S/m: Conductivity [S/m]
# name 7 = c1S/m: Conductivity, 2 [S/m]
# name 8 = sbeox0V: Oxygen raw, SBE 43 [V]
# name 9 = sbeox1V: Oxygen raw, SBE 43, 2 [V]
# name 10 = sbeox1dOV/dT: Oxygen, SBE 43, 2 [dov/dt]
# name 11 = sbeox0dOV/dT: Oxygen, SBE 43 [dov/dt]
# name 12 = flECO-AFL: Fluorescence, WET Labs ECO-AFL/FL [mg/m^3]
# name 13 = CStarTr0: Beam Transmission, WET Labs C-Star [%]
# name 14 = sbeox0Mm/Kg: Oxygen, SBE 43 [umol/kg], WS = 2
# name 15 = sbeox1Mm/Kg: Oxygen, SBE 43, 2 [umol/kg], WS = 2
# name 16 = nbin: number of scans per bin
# name 17 = sal00: Salinity, Practical [PSU]
# name 18 = sal11: Salinity, Practical, 2 [PSU]
# name 19 = sigma-é00: Density [sigma-theta, kg/m^3]
# name 20 = sigma-é11: Density, 2 [sigma-theta, kg/m^3]
# name 21 = svCM: Sound Velocity [Chen-Millero, m/s]
# name 22 = svCM1: Sound Velocity, 2 [Chen-Millero, m/s]
# name 23 = flag: flag
# span 0 =       1635,      96657       
# span 1 = 102.351746, 102.397575       
# span 2 =      1.000,   1038.000       
# span 3 =      0.994,   1029.644       
# span 4 =     4.9975,    25.9412       
# span 5 =     4.9982,    25.9417       
# span 6 =   3.367544,   5.513721       
# span 7 =   3.367516,   5.513821       
# span 8 =     0.8821,     2.7437       
# span 9 =     0.9515,     2.8731       
# span 10 =   -0.05400,    0.09953      
# span 11 =   -0.05482,    0.08530      
# span 12 =     0.5131,     4.2817      
# span 13 =    91.6255,   103.1623      
# span 14 =     45.360,    209.921      
# span 15 =     45.444,    211.213      
# span 16 =          1,         90      
# span 17 =    34.6354,    35.8161      
# span 18 =    34.6348,    35.8179      
# span 19 =    23.6448,    27.4690      
# span 20 =    23.6448,    27.4684      
# span 21 =    1486.18,    1537.83      
# span 22 =    1486.18,    1537.83      
# span 23 = 0.0000e+00, 0.0000e+00      
# interval = decibars: 1                
# start_time = Apr 12 2014 08:25:23 [System UTC, first data scan.]
# bad_flag = -9.990e-29
*END*
[from data line 1087]
      62445 102.381073    985.000    977.194     5.0872     5.0876   3.371930   3.371895     1.3170     1.3921   -0.00025   -0.00045     0.5556   103.1540    125.555    124.366         23    34.7075    34.7067    27.4429    27.4422    1486.93    1486.93 0.0000e+00
      62469 102.381088    984.000    976.204     5.0921     5.0919   3.372269   3.372200     1.3170     1.3919   -0.00046   -0.00064     0.5564   103.1446    125.450    124.545         24    34.7068    34.7063    27.4418    27.4413    1486.93    1486.93 0.0000e+00
      62492 102.381096    983.000    975.214     5.1059     5.1054   3.373287   3.373191     1.3161     1.3916   -0.00058   -0.00023     0.5490   103.1396    124.987    124.106         22    34.7048    34.7042    27.4386    27.4381    1486.97    1486.97 0.0000e+00
      62515 102.381111    982.000    974.224     5.1121     5.1124   3.373710   3.373687     1.3152     1.3904   -0.00073   -0.00019     0.5601   103.1368    124.780    123.640         24    34.7038    34.7032    27.4370    27.4365    1486.98    1486.98 0.0000e+00
      62540 102.381119    981.000    973.235     5.1193     5.1189   3.374234   3.374155     1.3140     1.3889   -0.00027   -0.00035     0.5561   103.1345    124.402    123.365         27    34.7029    34.7024    27.4355    27.4351    1486.99    1486.99 0.0000e+00
      62568 102.381134    980.000    972.245     5.1227     5.1230   3.374447   3.374432     1.3121     1.3874   -0.00095   -0.00104     0.5616   103.1474    124.084    122.893         30    34.7023    34.7018    27.4346    27.4341    1486.99    1486.99 0.0000e+00
      62597 102.381149    979.000    971.255     5.1249     5.1254   3.374598   3.374584     1.3105     1.3853   -0.00129   -0.00121     0.5603   103.1314    123.920    122.657         28    34.7022    34.7015    27.4342    27.4337    1486.98    1486.98 0.0000e+00
      62629 102.381165    978.000    970.265     5.1263     5.1269   3.374665   3.374649     1.3091     1.3839   -0.00150   -0.00147     0.5598   103.1345    123.623    122.708         34    34.7020    34.7013    27.4339    27.4333    1486.97    1486.97 0.0000e+00
      62661 102.381180    977.000    969.276     5.1279     5.1283   3.374741   3.374725     1.3074     1.3825   -0.00159   -0.00124     0.5500   103.1345    123.505    122.530         29    34.7018    34.7012    27.4336    27.4331    1486.96    1486.96 0.0000e+00
      62686 102.381187    976.000    968.286     5.1301     5.1306   3.374882   3.374864     1.3070     1.3820   -0.00103   -0.00106     0.5574   103.1345    123.422    122.529         21    34.7016    34.7009    27.4332    27.4326    1486.95    1486.95 0.0000e+00
      62706 102.381203    975.000    967.296     5.1314     5.1320   3.374917   3.374913     1.3059     1.3812   -0.00095   -0.00131     0.5579   103.1330    123.209    122.182         20    34.7011    34.7005    27.4326    27.4321    1486.94    1486.94 0.0000e+00
      62727 102.381210    974.000    966.306     5.1327     5.1332   3.374949   3.374943     1.3054     1.3804   -0.00097   -0.00099     0.5595   103.1286    123.162    122.165         23    34.7007    34.7001    27.4321    27.4316    1486.92    1486.93 0.0000e+00
      62751 102.381226    973.000    965.316     5.1330     5.1335   3.374916   3.374902     1.3048     1.3797   -0.00060   -0.00072     0.5572   103.1145    123.198    122.202         25    34.7005    34.6998    27.4319    27.4313    1486.91    1486.91 0.0000e+00
      62775 102.381233    972.000    964.327     5.1335     5.1341   3.374887   3.374868     1.3046     1.3796   -0.00098   -0.00089     0.5589   103.1366    123.276    122.351         22    34.7002    34.6993    27.4316    27.4308    1486.89    1486.90 0.0000e+00
      62795 102.381241    971.000    963.337     5.1357     5.1362   3.374996   3.374979     1.3046     1.3792   -0.00081   -0.00072     0.5580   103.1342    123.016    122.172         20    34.6996    34.6989    27.4309    27.4302    1486.89    1486.89 0.0000e+00
      62817 102.381256    970.000    962.347     5.1402     5.1406   3.375224   3.375217     1.3036     1.3790   -0.00057   -0.00044     0.5530   103.1355    122.858    122.036         26    34.6981    34.6976    27.4292    27.4287    1486.89    1486.89 0.0000e+00
      62854 102.381271    969.000    961.357     5.1414     5.1373   3.375268   3.374951     1.3033     1.3783   -0.00020   -0.00028     0.5596   103.1242    122.829    122.031         42    34.6978    34.6984    27.4287    27.4297    1486.87    1486.86 0.0000e+00
      62886 102.381287    968.000    960.367     5.1441     5.1447   3.375430   3.375400     1.3022     1.3781   -0.00051   -0.00076     0.5541   103.1364    122.589    121.749         21    34.6974    34.6964    27.4281    27.4273    1486.87    1486.87 0.0000e+00
      62905 102.381294    967.000    959.378     5.1558     5.1559   3.376352   3.376284     1.3021     1.3770   -0.00032   -0.00013     0.5574   103.1360    122.487    121.463         20    34.6964    34.6955    27.4259    27.4252    1486.90    1486.90 0.0000e+00
      62925 102.381310    966.000    958.388     5.1643     5.1646   3.377065   3.377023     1.3012     1.3769   -0.00028   -0.00048     0.5495   103.1346    122.076    121.357         22    34.6963    34.6956    27.4249    27.4243    1486.91    1486.91 0.0000e+00
      62952 102.381317    965.000    957.398     5.1656     5.1662   3.376979   3.377011     1.2997     1.3751   -0.00055   -0.00063     0.5613   103.1345    121.768    120.699         31    34.6945    34.6942    27.4232    27.4230    1486.90    1486.90 0.0000e+00
      62982 102.381332    964.000    956.408     5.1643     5.1649   3.376734   3.376754     1.2979     1.3734   -0.00072   -0.00082     0.5564   103.1345    121.556    120.540         28    34.6935    34.6931    27.4227    27.4223    1486.88    1486.88 0.0000e+00
      63009 102.381348    963.000    955.418     5.1652     5.1656   3.376721   3.376698     1.2972     1.3720   -0.00137   -0.00127     0.5576   103.1345    121.605    120.554         27    34.6930    34.6922    27.4221    27.4215    1486.86    1486.86 0.0000e+00
      63034 102.381355    962.000    954.428     5.1678     5.1682   3.376921   3.376913     1.2963     1.3713   -0.00136   -0.00143     0.5596   103.1345    121.417    120.569         23    34.6931    34.6925    27.4219    27.4214    1486.86    1486.86 0.0000e+00
      63058 102.381371    961.000    953.439     5.1743     5.1744   3.377531   3.377483     1.2958     1.3708   -0.00130   -0.00098     0.5578   103.1345    121.317    120.224         26    34.6938    34.6931    27.4217    27.4212    1486.87    1486.87 0.0000e+00
      63088 102.381386    960.000    952.449     5.1810     5.1811   3.378160   3.378105     1.2947     1.3693   -0.00073   -0.00071     0.5556   103.1345    120.981    120.010         33    34.6946    34.6939    27.4215    27.4210    1486.88    1486.88 0.0000e+00
      63119 102.381401    959.000    951.459     5.1838     5.1841   3.378376   3.378344     1.2931     1.3682   -0.00076   -0.00062     0.5564   103.1345    120.578    119.793         26    34.6947    34.6940    27.4212    27.4206    1486.88    1486.88 0.0000e+00
      63141 102.381409    958.000    950.469     5.1840     5.1847   3.378264   3.378279     1.2923     1.3673   -0.00116   -0.00076     0.5506   103.1345    120.624    119.628         20    34.6937    34.6931    27.4204    27.4199    1486.86    1486.86 0.0000e+00
      63160 102.381416    957.000    949.479     5.1787     5.1791   3.377611   3.377582     1.2912     1.3666   -0.00085   -0.00100     0.5594   103.1345    120.473    119.564         20    34.6922    34.6914    27.4198    27.4192    1486.82    1486.82 0.0000e+00
      63181 102.381432    956.000    948.489     5.1767     5.1772   3.377331   3.377313 -9.990e-29     1.3658   -0.00089   -0.00136     0.5593   103.1345 -9.990e-29    119.716         22    34.6915    34.6908    27.4195    27.4189    1486.79    1486.79 0.0000e+00
      63204 102.381439    955.000    947.499     5.1765     5.1769   3.377229   3.377228 -9.990e-29     1.3659   -0.00097   -0.00095     0.5530   103.1345 -9.990e-29    119.950         24    34.6911    34.6906    27.4192    27.4188    1486.78    1486.78 0.0000e+00
      63229 102.381454    954.000    946.509     5.1766     5.1771   3.377174   3.377176 -9.990e-29     1.3662   -0.00092   -0.00070     0.5700   103.1345 -9.990e-29    120.095         26    34.6908    34.6903    27.4190    27.4185    1486.76    1486.76 0.0000e+00
      63259 102.381470    953.000    945.520     5.1761     5.1764   3.377090   3.377066 -9.990e-29     1.3662   -0.00023   -0.00012     0.5596   103.1345 -9.990e-29    120.021         35    34.6908    34.6902    27.4190    27.4185    1486.74    1486.74 0.0000e+00
      63295 102.381485    952.000    944.530     5.1746     5.1751   3.376863   3.376853 -9.990e-29     1.3666    0.00022   -0.00004     0.5615   103.1364 -9.990e-29    120.123         32    34.6903    34.6896    27.4188    27.4182    1486.72    1486.72 0.0000e+00
      63322 102.381500    951.000    943.540     5.1711     5.1719   3.376407   3.376437 -9.990e-29     1.3669    0.00015    0.00004     0.5576   103.1380 -9.990e-29    120.039         24    34.6892    34.6887    27.4183    27.4178    1486.68    1486.69 0.0000e+00
      63344 102.381508    950.000    942.550     5.1630     5.1633   3.375460   3.375437     1.2924     1.3668    0.00018   -0.00002     0.5502   103.1325    121.381    120.441         20    34.6871    34.6865    27.4176    27.4171    1486.63    1486.63 0.0000e+00
      63364 102.381516    949.000    941.560     5.1643     5.1648   3.375524   3.375490     1.2926     1.3679    0.00028    0.00006     0.5594   103.1294    121.385    120.952         20    34.6871    34.6861    27.4174    27.4166    1486.62    1486.62 0.0000e+00
      63384 102.381531    948.000    940.570     5.1785     5.1789   3.376823   3.376774     1.2936     1.3694    0.00011    0.00017     0.5613   103.1315    121.228    120.729         22    34.6878    34.6868    27.4163    27.4155    1486.66    1486.66 0.0000e+00
      63409 102.381538    947.000    939.580     5.1995     5.1995   3.378829   3.378757     1.2933     1.3690    0.00042    0.00063     0.5562   103.1165    120.530    119.731         28    34.6896    34.6888    27.4152    27.4146    1486.73    1486.73 0.0000e+00
      63440 102.381554    946.000    938.590     5.2021     5.2035   3.378908   3.379029     1.2915     1.3670    0.00129    0.00104     0.5624   103.1180    120.038    118.935         32    34.6884    34.6883    27.4140    27.4138    1486.73    1486.73 0.0000e+00
      63470 102.381569    945.000    937.600     5.1966     5.1974   3.378240   3.378258     1.2901     1.3651   -0.00017   -0.00026     0.5605   103.1287    120.048    118.959         27    34.6869    34.6862    27.4134    27.4128    1486.69    1486.69 0.0000e+00
      63494 102.381577    944.000    936.610     5.1995     5.1996   3.378462   3.378411     1.2894     1.3643   -0.00143   -0.00141     0.5603   103.1231    119.851    119.098         22    34.6869    34.6862    27.4131    27.4125    1486.68    1486.68 0.0000e+00
      63517 102.381592    943.000    935.620     5.2027     5.2031   3.378686   3.378665     1.2883     1.3638   -0.00168   -0.00127     0.5575   103.1344    119.593    118.983         25    34.6866    34.6860    27.4125    27.4119    1486.68    1486.68 0.0000e+00
      63546 102.381607    942.000    934.630     5.2083     5.2079   3.379174   3.379083     1.2875     1.3630   -0.00104   -0.00080     0.5613   103.1345    119.653    118.689         33    34.6870    34.6863    27.4121    27.4117    1486.68    1486.68 0.0000e+00
      63576 102.381622    941.000    933.640     5.2172     5.2173   3.380015   3.379942     1.2864     1.3618   -0.00054   -0.00117     0.5552   103.1345    119.290    118.470         25    34.6879    34.6870    27.4118    27.4110    1486.70    1486.70 0.0000e+00
      63597 102.381630    940.000    932.651     5.2254     5.2259   3.380737   3.380722     1.2857     1.3608   -0.00068   -0.00085     0.5676   103.1345    119.135    118.108         19    34.6883    34.6875    27.4111    27.4105    1486.72    1486.72 0.0000e+00
      63616 102.381638    939.000    931.661     5.2313     5.2318   3.381255   3.381238     1.2851     1.3600   -0.00087   -0.00042     0.5672   103.1287    118.953    118.074         19    34.6886    34.6878    27.4107    27.4100    1486.73    1486.73 0.0000e+00
      63638 102.381653    938.000    930.671     5.2359     5.2363   3.381621   3.381611     1.2839     1.3592   -0.00087   -0.00082     0.5571   103.1260    118.724    117.768         26    34.6885    34.6880    27.4101    27.4096    1486.73    1486.73 0.0000e+00
      63671 102.381668    937.000    929.681     5.2385     5.2385   3.381838   3.381785     1.2825     1.3573   -0.00109   -0.00098     0.5569   103.1271    118.472    117.553         37    34.6888    34.6882    27.4100    27.4095    1486.73    1486.72 0.0000e+00
      63701 102.381683    936.000    928.691     5.2400     5.2408   3.381919   3.381925     1.2813     1.3563   -0.00098   -0.00103     0.5580   103.1336    118.308    117.417         22    34.6887    34.6879    27.4097    27.4090    1486.72    1486.72 0.0000e+00
      63720 102.381691    935.000    927.701     5.2414     5.2419   3.382025   3.382005     1.2804     1.3552   -0.00139   -0.00105     0.5560   103.1345    118.250    117.268         19    34.6889    34.6882    27.4097    27.4091    1486.70    1486.71 0.0000e+00
      63739 102.381699    934.000    926.711     5.2432     5.2436   3.382126   3.382110     1.2801     1.3551   -0.00110   -0.00118     0.5543   103.1345    118.329    117.441         19    34.6888    34.6881    27.4093    27.4088    1486.69    1486.70 0.0000e+00
      63765 102.381714    933.000    925.721     5.2464     5.2438   3.382382   3.382084     1.2795     1.3543   -0.00095   -0.00096     0.5556   103.1345    117.984    117.204         39    34.6889    34.6882    27.4091    27.4088    1486.69    1486.68 0.0000e+00
      63811 102.381729    932.000    924.731     5.2509     5.2460   3.382714   3.382225     1.2777     1.3529   -0.00060   -0.00043     0.5575   103.1286    117.830    117.183         37    34.6885    34.6880    27.4082    27.4084    1486.69    1486.67 0.0000e+00
      63834 102.381744    931.000    923.741     5.2547     5.2550   3.382991   3.382951     1.2777     1.3531   -0.00068   -0.00087     0.5559   103.1191    117.940    117.070         20    34.6883    34.6875    27.4076    27.4070    1486.69    1486.69 0.0000e+00
      63853 102.381752    930.000    922.751     5.2592     5.2600   3.383167   3.383172     1.2774     1.3521   -0.00076   -0.00109     0.5589   103.1271    117.771    116.508         18    34.6862    34.6854    27.4054    27.4047    1486.69    1486.69 0.0000e+00
      63873 102.381760    929.000    921.761     5.2518     5.2524   3.382149   3.382153 -9.990e-29     1.3513   -0.00047   -0.00072     0.5553   103.1266 -9.990e-29    116.566         21    34.6826    34.6821    27.4034    27.4029    1486.64    1486.64 0.0000e+00
      63895 102.381775    928.000    920.771     5.2463     5.2470   3.381483   3.381495 -9.990e-29     1.3506   -0.00020   -0.00017     0.5539   103.1292 -9.990e-29    116.804         25    34.6811    34.6806    27.4029    27.4024    1486.60    1486.60 0.0000e+00
      63924 102.381790    927.000    919.781     5.2431     5.2437   3.381030   3.381043 -9.990e-29     1.3508   -0.00107   -0.00080     0.5569   103.1306 -9.990e-29    117.110         30    34.6798    34.6793    27.4022    27.4017    1486.57    1486.57 0.0000e+00
      63951 102.381798    926.000    918.791     5.2475     5.2478   3.381361   3.381326 -9.990e-29     1.3513   -0.00066   -0.00038     0.5576   103.1290 -9.990e-29    117.211         25    34.6796    34.6789    27.4015    27.4009    1486.57    1486.57 0.0000e+00
