data/CTD/fr24/fr24003.cnv
* Sea-Bird SBE 9 Data File:
* FileName = C:\SEASOFT\PIRATA-FR24\data\fr24003.hex
* Software Version Seasave V 7.23.1
* Temperature SN = 2042
* Conductivity SN = 1548
* Number of Bytes Per Scan = 35
* Number of Voltage Words = 2
* Number of Scans Averaged by the Deck Unit = 1
* NMEA Latitude = 03 26.36 S
* NMEA Longitude = 018 31.34 W
* NMEA UTC (Time) = Apr 16 2014 07:12:27
** Cruise: PIRATA-FR24
** Ship: LE SUROIT
** Station: 3
** Bottom Depth: 4578
** Operator: ET/YP
** Comments:
# nquan = 24                                
# nvalues = 8513                        
# units = specified
# name 0 = scan: Scan Count
# name 1 = timeJ: Julian Days
# name 2 = prDM: Pressure, Digiquartz [db]
# name 3 = depSM: Depth [salt water, m]
# name 4 = t090C: Temperature [ITS-90, deg C]
# name 5 = t190C: Temperature, 2 [ITS-90, deg C]
# name 6 = c0S/m: Conductivity [S/m]
# name 7 = c1S/m: Conductivity, 2 [S/m]
# name 8 = sbeox0V: Oxygen raw, SBE 43 [V]
# name 9 = sbeox1V: Oxygen raw, SBE 43, 2 [V]
# name 10 = sbeox1dOV/dT: Oxygen, SBE 43, 2 [dov/dt]
# name 11 = sbeox0dOV/dT: Oxygen, SBE 43 [dov/dt]
# name 12 = flECO-AFL: Fluorescence, WET Labs ECO-AFL/FL [mg/m^3]
# name 13 = CStarTr0: Beam Transmission, WET Labs C-Star [%]
# name 14 = sbeox0Mm/Kg: Oxygen, SBE 43 [umol/kg], WS = 2
# name 15 = sbeox1Mm/Kg: Oxygen, SBE 43, 2 [umol/kg], WS = 2
# name 16 = nbin: number of scans per bin
# name 17 = sal00: Salinity, Practical [PSU]
# name 18 = sal11: Salinity, Practical, 2 [PSU]
# name 19 = sigma-é00: Density [sigma-theta, kg/m^3]
# name 20 = sigma-é11: Density, 2 [sigma-theta, kg/m^3]
# name 21 = svCM: Sound Velocity [Chen-Millero, m/s]
# name 22 = svCM1: Sound Velocity, 2 [Chen-Millero, m/s]
# name 23 = flag: flag
# span 0 =       1531,     324522       
# span 1 = 106.301041, 106.456802       
# span 2 =      2.000,   4258.000       
# span 3 =      1.989,   4192.542       
# span 4 =     1.3425,    28.7902       
# span 5 =     1.3425,    28.7905       
# span 6 =   3.173591,   5.861740       
# span 7 =   3.173405,   5.861920       
# span 8 =     0.9747,     2.7949       
# span 9 =     1.0435,     2.9309       
# span 10 =   -0.11428,    0.05563      
# span 11 =   -0.10382,    0.05420      
# span 12 =     0.5121,     2.2839      
# span 13 =    87.0481,   103.2678      
# span 14 =     58.508,    242.835      
# span 15 =     57.907,    240.922      
# span 16 =          6,         71      
# span 17 =    34.4844,    36.1126      
# span 18 =    34.4839,    36.1213      
# span 19 =    22.9290,    27.8897      
# span 20 =    22.9303,    27.8879      
# span 21 =    1481.35,    1544.72      
# span 22 =    1481.35,    1544.71      
# span 23 = 0.0000e+00, 0.0000e+00      
# interval = decibars: 1                
# start_time = Apr 16 2014 07:12:26 [System UTC, first data scan.]
# bad_flag = -9.990e-29
*END*
[from data line 6642]
     260127 106.425751   1872.000   1853.378     3.6379     3.6385   3.301481   3.301420     1.7699     1.8557   -0.00001   -0.00008     0.5437   103.1798    230.963    229.420         19    34.9662    34.9647    27.8114    27.8102    1496.05    1496.05 0.0000e+00
     260145 106.425758   1871.000   1852.393     3.6370     3.6386   3.301370   3.301390     1.7702     1.8556    0.00013   -0.00004     0.5437   103.1822    231.011    229.527         18    34.9662    34.9648    27.8115    27.8102    1496.03    1496.04 0.0000e+00
     260164 106.425766   1870.000   1851.407     3.6375     3.6385   3.301372   3.301351     1.7702     1.8560    0.00002   -0.00001     0.5437   103.1859    230.889    229.420         20    34.9662    34.9649    27.8115    27.8103    1496.02    1496.02 0.0000e+00
     260188 106.425774   1869.000   1850.421     3.6381     3.6382   3.301375   3.301281     1.7702     1.8559    0.00009    0.00002     0.5437   103.1838    230.817    229.170         28    34.9661    34.9649    27.8113    27.8103    1496.00    1496.00 0.0000e+00
     260218 106.425789   1868.000   1849.436     3.6379     3.6384   3.301323   3.301269     1.7702     1.8556    0.00017    0.00022     0.5437   103.1848    230.789    229.370         29    34.9662    34.9650    27.8114    27.8104    1495.99    1495.99 0.0000e+00
     260243 106.425804   1867.000   1848.450     3.6379     3.6384   3.301286   3.301218     1.7703     1.8562 6.8251e-07    0.00004     0.5437   103.1765    230.787    229.511         24    34.9662    34.9648    27.8114    27.8103    1495.97    1495.97 0.0000e+00
     260267 106.425812   1866.000   1847.464     3.6380     3.6386   3.301251   3.301190     1.7703     1.8563   -0.00020    0.00002     0.5437   103.1806    230.812    229.293         23    34.9661    34.9648    27.8114    27.8103    1495.95    1495.95 0.0000e+00
     260290 106.425827   1865.000   1846.478     3.6382     3.6386   3.301240   3.301155     1.7705     1.8561    0.00022   -0.00002     0.5437   103.1876    230.782    229.602         23    34.9663    34.9649    27.8115    27.8103    1495.94    1495.94 0.0000e+00
     260312 106.425835   1864.000   1845.493     3.6390     3.6389   3.301262   3.301137     1.7704     1.8569    0.00029    0.00006     0.5437   103.1867    230.782    229.813         20    34.9662    34.9648    27.8113    27.8102    1495.92    1495.92 0.0000e+00
     260330 106.425842   1863.000   1844.507     3.6396     3.6409   3.301287   3.301287     1.7705     1.8573    0.00007    0.00002     0.5437   103.1752    230.777    229.461         17    34.9664    34.9650    27.8114    27.8101    1495.91    1495.91 0.0000e+00
     260347 106.425850   1862.000   1843.521     3.6403     3.6439   3.301314   3.301542     1.7708     1.8569    0.00007    0.00015     0.5437   103.1867    230.730    229.456         16    34.9664    34.9653    27.8113    27.8101    1495.90    1495.91 0.0000e+00
     260363 106.425858   1861.000   1842.535     3.6425     3.6476   3.301497   3.301839     1.7707     1.8576    0.00044    0.00004     0.5437   103.1899    230.680    229.654         17    34.9668    34.9654    27.8114    27.8098    1495.89    1495.91 0.0000e+00
     260381 106.425873   1860.000   1841.550     3.6460     3.6499   3.301771   3.302020     1.7707     1.8577    0.00065    0.00012     0.5437   103.1799    230.758    229.506         19    34.9668    34.9656    27.8111    27.8097    1495.89    1495.90 0.0000e+00
     260403 106.425880   1859.000   1840.564     3.6491     3.6483   3.301966   3.301819     1.7711     1.8578    0.00018    0.00010     0.5437   103.1821    230.751    229.307         26    34.9663    34.9654    27.8104    27.8097    1495.88    1495.88 0.0000e+00
     260432 106.425896   1858.000   1839.578     3.6474     3.6513   3.301794   3.302019     1.7713     1.8580    0.00031    0.00011     0.5437   103.1781    230.725    229.587         32    34.9666    34.9651    27.8107    27.8091    1495.86    1495.87 0.0000e+00
     260465 106.425911   1857.000   1838.592     3.6492     3.6533   3.301943   3.302219     1.7717     1.8587    0.00010    0.00029     0.5437   103.1624    231.037    229.820         31    34.9669    34.9659    27.8108    27.8096    1495.85    1495.87 0.0000e+00
     260492 106.425926   1856.000   1837.607     3.6558     3.6593   3.302530   3.302736     1.7725     1.8592    0.00016    0.00016     0.5437   103.1641    230.948    229.518         23    34.9674    34.9661    27.8105    27.8092    1495.86    1495.88 0.0000e+00
     260512 106.425934   1855.000   1836.621     3.6650     3.6666   3.303339   3.303370     1.7726     1.8593    0.00050    0.00014     0.5437   103.1901    230.703    229.514         19    34.9677    34.9663    27.8099    27.8086    1495.88    1495.89 0.0000e+00
     260530 106.425941   1854.000   1835.635     3.6686     3.6700   3.303645   3.303638     1.7726     1.8594    0.00056    0.00056     0.5437   103.1899    230.629    229.601         18    34.9680    34.9665    27.8097    27.8084    1495.88    1495.89 0.0000e+00
     260549 106.425949   1853.000   1834.649     3.6700     3.6717   3.303724   3.303759     1.7726     1.8597    0.00053    0.00069     0.5437   103.1899    230.796    229.502         20    34.9680    34.9665    27.8096    27.8083    1495.87    1495.88 0.0000e+00
     260571 106.425964   1852.000   1833.663     3.6706     3.6716   3.303735   3.303722     1.7732     1.8599    0.00003    0.00018     0.5437   103.1899    230.978    229.600         23    34.9679    34.9667    27.8095    27.8084    1495.86    1495.86 0.0000e+00
     260594 106.425972   1851.000   1832.678     3.6714     3.6713   3.303774   3.303658     1.7736     1.8603    0.00037    0.00001     0.5437   103.1899    230.961    229.575         22    34.9680    34.9667    27.8094    27.8085    1495.85    1495.84 0.0000e+00
     260615 106.425980   1850.000   1831.692     3.6707     3.6718   3.303648   3.303647     1.7739     1.8605    0.00027    0.00023     0.5437   103.1899    231.147    229.502         20    34.9678    34.9666    27.8093    27.8083    1495.82    1495.83 0.0000e+00
     260635 106.425995   1849.000   1830.706     3.6710     3.6724   3.303634   3.303652     1.7749     1.8608    0.00027    0.00052     0.5437   103.1899    231.279    229.632         20    34.9677    34.9665    27.8092    27.8081    1495.81    1495.81 0.0000e+00
     260654 106.426003   1848.000   1829.720     3.6722     3.6735   3.303729   3.303725     1.7751     1.8609    0.00037    0.00049     0.5437   103.1899    230.994    229.853         19    34.9681    34.9667    27.8094    27.8082    1495.80    1495.80 0.0000e+00
     260673 106.426010   1847.000   1828.734     3.6728     3.6739   3.303739   3.303713     1.7751     1.8617    0.00016    0.00048     0.5437   103.1899    231.090    229.873         19    34.9680    34.9666    27.8093    27.8081    1495.78    1495.79 0.0000e+00
     260692 106.426018   1846.000   1827.749     3.6729     3.6737   3.303704   3.303670     1.7757     1.8617    0.00019    0.00077     0.5437   103.1899    231.086    229.475         20    34.9680    34.9668    27.8093    27.8082    1495.77    1495.77 0.0000e+00
     260713 106.426033   1845.000   1826.763     3.6725     3.6736   3.303617   3.303616     1.7756     1.8617    0.00048    0.00048     0.5437   103.1833    231.008    229.572         22    34.9678    34.9667    27.8092    27.8082    1495.75    1495.75 0.0000e+00
     260738 106.426041   1844.000   1825.777     3.6731     3.6731   3.303624   3.303516     1.7761     1.8619    0.00054    0.00031     0.5437   103.1801    231.104    229.689         28    34.9678    34.9666    27.8091    27.8081    1495.73    1495.73 0.0000e+00
     260768 106.426056   1843.000   1824.791     3.6726     3.6733   3.303531   3.303498     1.7762     1.8623    0.00002    0.00024     0.5437   103.1844    230.950    229.450         28    34.9677    34.9666    27.8090    27.8081    1495.72    1495.72 0.0000e+00
     260793 106.426071   1842.000   1823.805     3.6727     3.6734   3.303514   3.303481     1.7762     1.8622    0.00025    0.00029     0.5437   103.1888    230.898    229.669         24    34.9679    34.9667    27.8092    27.8082    1495.70    1495.70 0.0000e+00
     260816 106.426079   1841.000   1822.820     3.6729     3.6739   3.303485   3.303481     1.7762     1.8626    0.00028    0.00021     0.5437   103.1899    230.865    229.603         24    34.9678    34.9667    27.8090    27.8081    1495.68    1495.69 0.0000e+00
     260843 106.426094   1840.000   1821.834     3.6735     3.6735   3.303488   3.303382     1.7764     1.8628   -0.00002    0.00002     0.5437   103.1899    231.227    229.540         29    34.9677    34.9665    27.8089    27.8079    1495.67    1495.67 0.0000e+00
     260871 106.426109   1839.000   1820.848     3.6730     3.6738   3.303399   3.303381     1.7775     1.8629    0.00030    0.00010     0.5437   103.1899    231.202    229.577         26    34.9676    34.9666    27.8089    27.8080    1495.65    1495.65 0.0000e+00
     260895 106.426117   1838.000   1819.862     3.6738     3.6744   3.303454   3.303381     1.7774     1.8629    0.00019    0.00042     0.5437   103.1898    230.989    229.650         21    34.9679    34.9665    27.8090    27.8078    1495.64    1495.64 0.0000e+00
     260913 106.426125   1837.000   1818.876     3.6735     3.6747   3.303380   3.303375     1.7774     1.8634    0.00016    0.00032     0.5437   103.1827    230.965    229.942         16    34.9678    34.9665    27.8090    27.8078    1495.62    1495.62 0.0000e+00
     260928 106.426132   1836.000   1817.890     3.6737     3.6747   3.303346   3.303329     1.7774     1.8637   -0.00001    0.00033     0.5437   103.1633    230.933    229.824         15    34.9677    34.9665    27.8089    27.8078    1495.60    1495.61 0.0000e+00
     260942 106.426140   1835.000   1816.904     3.6738     3.6748   3.303300   3.303246     1.7774     1.8639    0.00015    0.00044     0.5437   103.1865    230.945    229.840         14    34.9676    34.9659    27.8087    27.8073    1495.59    1495.59 0.0000e+00
     260956 106.426147   1834.000   1815.918     3.6738     3.6747   3.303288   3.303250     1.7774     1.8642    0.00030    0.00011     0.5437   103.1879    230.959    229.601         14    34.9679    34.9666    27.8090    27.8078    1495.57    1495.57 0.0000e+00
     260970 106.426155   1833.000   1814.933     3.6738     3.6750   3.303234   3.303238     1.7777     1.8640    0.00021   -0.00001     0.5437   103.1899    230.931    229.391         14    34.9678    34.9665    27.8089    27.8077    1495.55    1495.56 0.0000e+00
     260986 106.426163   1832.000   1813.947     3.6744     3.6759   3.303239   3.303270     1.7774     1.8640    0.00053   -0.00001     0.5437   103.1869    230.948    229.519         18    34.9677    34.9665    27.8087    27.8076    1495.54    1495.54 0.0000e+00
     261008 106.426170   1831.000   1812.961     3.6744     3.6753   3.303212   3.303192     1.7781     1.8642    0.00040    0.00003     0.5437   103.1859    231.198    229.505         27    34.9679    34.9667    27.8089    27.8078    1495.52    1495.52 0.0000e+00
     261045 106.426193   1830.000   1811.975     3.6747     3.6759   3.303194   3.303193     1.7785     1.8643    0.00004    0.00015     0.5437   103.1795    231.052    229.452         45    34.9678    34.9665    27.8087    27.8076    1495.51    1495.51 0.0000e+00
     261087 106.426208   1829.000   1810.989     3.6772     3.6793   3.303386   3.303467     1.7786     1.8643    0.00007    0.00046     0.5437   103.1848    230.918    229.575         38    34.9679    34.9667    27.8086    27.8074    1495.50    1495.51 0.0000e+00
     261119 106.426224   1828.000   1810.003     3.6781     3.6795   3.303428   3.303447     1.7786     1.8645    0.00004    0.00011     0.5437   103.1857    230.882    229.419         26    34.9680    34.9667    27.8085    27.8074    1495.49    1495.49 0.0000e+00
     261141 106.426239   1827.000   1809.017     3.6790     3.6802   3.303490   3.303470     1.7786     1.8650    0.00010   -0.00002     0.5437   103.1573    230.862    229.747         19    34.9682    34.9667    27.8086    27.8073    1495.48    1495.48 0.0000e+00
     261159 106.426247   1826.000   1808.031     3.6804     3.6813   3.303551   3.303527     1.7786     1.8650    0.00032    0.00004     0.5437   103.1906    230.904    229.545         17    34.9680    34.9667    27.8083    27.8072    1495.46    1495.47 0.0000e+00
     261175 106.426254   1825.000   1807.046     3.6806     3.6814   3.303542   3.303505     1.7787     1.8652    0.00005 8.8324e-07     0.5437   103.1801    231.036    229.834         15    34.9681    34.9668    27.8084    27.8073    1495.45    1495.45 0.0000e+00
     261190 106.426262   1824.000   1806.060     3.6807     3.6817   3.303508   3.303489     1.7790     1.8655    0.00003   -0.00001     0.5437   103.1807    231.220    230.196         15    34.9681    34.9668    27.8084    27.8072    1495.43    1495.43 0.0000e+00
     261205 106.426270   1823.000   1805.074     3.6811     3.6821   3.303504   3.303495     1.7796     1.8664    0.00038   -0.00001     0.5437   103.1884    231.241    230.028         15    34.9681    34.9669    27.8083    27.8073    1495.42    1495.42 0.0000e+00
     261221 106.426277   1822.000   1804.088     3.6811     3.6824   3.303467   3.303477     1.7798     1.8666    0.00029    0.00007     0.5437   103.1899    231.016    229.651         17    34.9681    34.9668    27.8084    27.8072    1495.40    1495.40 0.0000e+00
     261239 106.426285   1821.000   1803.102     3.6822     3.6826   3.303535   3.303461     1.7799     1.8664    0.00026    0.00023     0.5437   103.1899    230.964    229.807         20    34.9683    34.9670    27.8083    27.8073    1495.39    1495.39 0.0000e+00
     261262 106.426292   1820.000   1802.116     3.6815     3.6819   3.303415   3.303349     1.7799     1.8671    0.00088    0.00060     0.5437   103.1899    230.939    229.944         26    34.9680    34.9668    27.8082    27.8072    1495.37    1495.37 0.0000e+00
     261290 106.426308   1819.000   1801.130     3.6819     3.6830   3.303395   3.303414     1.7802     1.8672    0.00021    0.00028     0.5437   103.1899    231.085    229.568         30    34.9679    34.9670    27.8081    27.8072    1495.35    1495.36 0.0000e+00
     261320 106.426323   1818.000   1800.144     3.6826     3.6835   3.303435   3.303418     1.7805     1.8671    0.00029    0.00011     0.5437   103.1899    230.986    229.532         31    34.9681    34.9669    27.8081    27.8071    1495.34    1495.34 0.0000e+00
     261358 106.426338   1817.000   1799.158     3.6841     3.6841   3.303539   3.303433     1.7808     1.8672    0.00017    0.00027     0.5437   103.1899    231.047    229.513         46    34.9682    34.9670    27.8081    27.8071    1495.33    1495.33 0.0000e+00
     261402 106.426361   1816.000   1798.172     3.6843     3.6856   3.303517   3.303549     1.7810     1.8674    0.00004    0.00010     0.5437   103.1899    230.919    229.700         36    34.9683    34.9672    27.8081    27.8071    1495.31    1495.32 0.0000e+00
     261433 106.426376   1815.000   1797.186     3.6856     3.6882   3.303628   3.303745     1.7809     1.8677   -0.00010    0.00016     0.5437   103.1899    231.077    229.770         27    34.9686    34.9673    27.8082    27.8069    1495.30    1495.31 0.0000e+00
     261457 106.426392   1814.000   1796.200     3.6961     3.6984   3.304596   3.304645     1.7819     1.8681    0.00022    0.00007     0.5437   103.1899    231.398    229.960         22    34.9695    34.9677    27.8079    27.8062    1495.33    1495.34 0.0000e+00
