data/CTD/fr24/fr24005.cnv
* Sea-Bird SBE 9 Data File:
* FileName = C:\SEASOFT\PIRATA-FR24\data\fr24005.hex
* Software Version Seasave V 7.23.1
* Temperature SN = 2042
* Conductivity SN = 1548
* Number of Bytes Per Scan = 35
* Number of Voltage Words = 2
* Number of Scans Averaged by the Deck Unit = 1
* NMEA Latitude = 09 29.95 S
* NMEA Longitude = 008 14.88 W
* NMEA UTC (Time) = Apr 21 2014 14:40:28
** Cruise: PIRATA-FR24
** Ship: LE SUROIT
** Station: 5
** Bottom Depth: 3970
** Operator: ca/bn
** Comments:
# nquan = 24                                
# nvalues = 4039                        
# units = specified
# name 0 = scan: Scan Count
# name 1 = timeJ: Julian Days
# name 2 = prDM: Pressure, Digiquartz [db]
# name 3 = depSM: Depth [salt water, m]
# name 4 = t090C: Temperature [ITS-90, deg C]
# name 5 = t190C: Temperature, 2 [ITS-90, deg C]
# name 6 = c0S/m: Conductivity [S/m]
# name 7 = c1S/m: Conductivity, 2 [S/m]
# name 8 = sbeox0V: Oxygen raw, SBE 43 [V]
# name 9 = sbeox1V: Oxygen raw, SBE 43, 2 [V]
# name 10 = sbeox1dOV/dT: Oxygen, SBE 43, 2 [dov/dt]
# name 11 = sbeox0dOV/dT: Oxygen, SBE 43 [dov/dt]
# name 12 = flECO-AFL: Fluorescence, WET Labs ECO-AFL/FL [mg/m^3]
# name 13 = CStarTr0: Beam Transmission, WET Labs C-Star [%]
# name 14 = sbeox0Mm/Kg: Oxygen, SBE 43 [umol/kg], WS = 2
# name 15 = sbeox1Mm/Kg: Oxygen, SBE 43, 2 [umol/kg], WS = 2
# name 16 = nbin: number of scans per bin
# name 17 = sal00: Salinity, Practical [PSU]
# name 18 = sal11: Salinity, Practical, 2 [PSU]
# name 19 = sigma-é00: Density [sigma-theta, kg/m^3]
# name 20 = sigma-é11: Density, 2 [sigma-theta, kg/m^3]
# name 21 = svCM: Sound Velocity [Chen-Millero, m/s]
# name 22 = svCM1: Sound Velocity, 2 [Chen-Millero, m/s]
# name 23 = flag: flag
# span 0 =         91,     144746       
# span 1 = 111.611465, 111.681229       
# span 2 =      1.000,   2021.000       
# span 3 =      0.994,   1999.947       
# span 4 =     3.4056,    27.5117       
# span 5 =     3.4037,    27.5119       
# span 6 =   3.284166,   5.795191       
# span 7 =   3.283839,   5.795248       
# span 8 =     1.0411,     2.8358       
# span 9 =     1.1082,     2.9606       
# span 10 =   -0.05303,    0.04697      
# span 11 =   -0.05166,    0.04322      
# span 12 =     0.5112,     2.0786      
# span 13 =    91.5277,   103.4123      
# span 14 =     69.712,    224.353      
# span 15 =     68.773,    220.874      
# span 16 =         13,         66      
# span 17 =    34.5021,    36.5892      
# span 18 =    34.5017,    36.5895      
# span 19 =    23.7505,    27.8099      
# span 20 =    23.7507,    27.8086      
# span 21 =    1481.58,    1542.51      
# span 22 =    1481.58,    1542.51      
# span 23 = 0.0000e+00, 0.0000e+00      
# interval = decibars: 1                
# start_time = Apr 21 2014 14:40:27 [System UTC, first data scan.]
# bad_flag = -9.990e-29
*END*
[from data line 2174]
      68810 111.644608   1865.000   1846.248     3.5809     3.5812   3.293709   3.293591     1.7181     1.7908    0.00027    0.00042     0.5404   103.4047    221.368    218.225         22    34.9376    34.9360    27.7941    27.7928    1495.66    1495.66 0.0000e+00
      68831 111.644615   1864.000   1845.262     3.5811     3.5818   3.293674   3.293607     1.7181     1.7913    0.00054    0.00006     0.5417   103.4090    221.384    217.855         21    34.9375    34.9360    27.7940    27.7928    1495.64    1495.64 0.0000e+00
      68853 111.644630   1863.000   1844.277     3.5811     3.5818   3.293622   3.293558     1.7182     1.7910   -0.00004    0.00004     0.5459   103.4006    221.617    217.621         22    34.9373    34.9358    27.7939    27.7926    1495.63    1495.63 0.0000e+00
      68877 111.644638   1862.000   1843.291     3.5810     3.5817   3.293592   3.293515     1.7187     1.7912    0.00039    0.00029     0.5459   103.4066    221.498    218.066         29    34.9376    34.9359    27.7941    27.7927    1495.61    1495.61 0.0000e+00
      68910 111.644653   1861.000   1842.306     3.5808     3.5815   3.293510   3.293451     1.7190     1.7915   -0.00010    0.00001     0.5396   103.4056    221.538    217.920         32    34.9373    34.9359    27.7939    27.7927    1495.59    1495.59 0.0000e+00
      68936 111.644669   1860.000   1841.320     3.5803     3.5811   3.293405   3.293336     1.7189     1.7917    0.00017    0.00012     0.5463   103.4040    221.424    217.818         23    34.9371    34.9354    27.7937    27.7923    1495.57    1495.57 0.0000e+00
      68960 111.644676   1859.000   1840.334     3.5798     3.5806   3.293318   3.293255     1.7192     1.7915    0.00034    0.00024     0.5366   103.4100    221.491    217.583         25    34.9370    34.9355    27.7937    27.7925    1495.55    1495.55 0.0000e+00
      68987 111.644691   1858.000   1839.349     3.5794     3.5801   3.293224   3.293153     1.7191     1.7914    0.00013    0.00012     0.5368   103.4059    221.272    217.675         28    34.9369    34.9353    27.7936    27.7923    1495.53    1495.54 0.0000e+00
      69014 111.644707   1857.000   1838.363     3.5795     3.5805   3.293178   3.293116     1.7188     1.7915   -0.00009    0.00015     0.5408   103.4061    221.092    217.822         25    34.9366    34.9349    27.7934    27.7920    1495.52    1495.52 0.0000e+00
      69038 111.644714   1856.000   1837.377     3.5795     3.5803   3.293118   3.293051     1.7186     1.7913   -0.00015    0.00004     0.5356   103.4070    221.024    217.370         25    34.9364    34.9349    27.7932    27.7919    1495.50    1495.50 0.0000e+00
      69064 111.644730   1855.000   1836.392     3.5792     3.5799   3.293028   3.292956     1.7182     1.7913    0.00002   -0.00022     0.5435   103.4006    221.000    217.558         27    34.9362    34.9346    27.7931    27.7918    1495.48    1495.48 0.0000e+00
      69090 111.644745   1854.000   1835.406     3.5796     3.5802   3.293015   3.292951     1.7181     1.7912    0.00009   -0.00030     0.5355   103.4113    221.069    217.502         25    34.9361    34.9347    27.7930    27.7918    1495.47    1495.47 0.0000e+00
      69115 111.644753   1853.000   1834.420     3.5820     3.5829   3.293199   3.293140     1.7181     1.7909   -0.00033   -0.00019     0.5412   103.4115    221.025    217.143         25    34.9362    34.9346    27.7928    27.7914    1495.46    1495.46 0.0000e+00
      69141 111.644768   1852.000   1833.435     3.5837     3.5844   3.293304   3.293236     1.7181     1.7906    0.00002   -0.00021     0.5385   103.4115    220.987    217.365         27    34.9362    34.9346    27.7926    27.7913    1495.45    1495.45 0.0000e+00
      69167 111.644783   1851.000   1832.449     3.5851     3.5859   3.293372   3.293327     1.7181     1.7908   -0.00015   -0.00006     0.5401   103.4115    220.868    217.420         25    34.9360    34.9346    27.7923    27.7911    1495.44    1495.44 0.0000e+00
      69190 111.644791   1850.000   1831.464     3.5866     3.5872   3.293505   3.293421     1.7178     1.7909   -0.00039    0.00000     0.5420   103.4115    220.527    217.368         21    34.9365    34.9349    27.7925    27.7912    1495.43    1495.43 0.0000e+00
      69212 111.644798   1849.000   1830.478     3.5869     3.5873   3.293486   3.293384     1.7173     1.7905   -0.00002    0.00000     0.5329   103.4091    220.640    216.938         23    34.9364    34.9348    27.7924    27.7911    1495.42    1495.41 0.0000e+00
      69238 111.644814   1848.000   1829.492     3.5863     3.5868   3.293326   3.293252     1.7174     1.7903    0.00006   -0.00015     0.5346   103.4032    220.575    217.040         32    34.9357    34.9342    27.7919    27.7907    1495.39    1495.40 0.0000e+00
      69274 111.644829   1847.000   1828.506     3.5849     3.5857   3.293141   3.293076     1.7169     1.7902   -0.00018   -0.00038     0.5366   103.4084    220.490    216.940         34    34.9353    34.9337    27.7918    27.7904    1495.37    1495.37 0.0000e+00
      69300 111.644844   1846.000   1827.521     3.5845     3.5853   3.293030   3.292983     1.7167     1.7898   -0.00031   -0.00004     0.5304   103.4058    220.368    216.933         21    34.9350    34.9335    27.7915    27.7903    1495.35    1495.35 0.0000e+00
      69321 111.644852   1845.000   1826.535     3.5836     3.5846   3.292894   3.292856     1.7162     1.7899   -0.00006   -0.00039     0.5400   103.4114    220.146    216.842         21    34.9347    34.9333    27.7914    27.7902    1495.33    1495.33 0.0000e+00
      69345 111.644867   1844.000   1825.549     3.5837     3.5844   3.292836   3.292781     1.7160     1.7890   -0.00026   -0.00018     0.5435   103.4115    220.188    216.252         29    34.9345    34.9330    27.7912    27.7900    1495.32    1495.32 0.0000e+00
      69385 111.644882   1843.000   1824.564     3.5836     3.5844   3.292791   3.292732     1.7157     1.7885   -0.00020   -0.00040     0.5364   103.4115    220.249    216.595         44    34.9346    34.9331    27.7913    27.7900    1495.30    1495.30 0.0000e+00
      69416 111.644897   1842.000   1823.578     3.5836     3.5845   3.292722   3.292652     1.7157     1.7882   -0.00090   -0.00026     0.5357   103.4115    220.250    216.395         22    34.9343    34.9325    27.7910    27.7895    1495.28    1495.28 0.0000e+00
      69435 111.644905   1841.000   1822.592     3.5837     3.5844   3.292734   3.292654     1.7157     1.7879   -0.00012   -0.00022     0.5252   103.4115    219.956    216.334         17    34.9347    34.9330    27.7913    27.7899    1495.27    1495.27 0.0000e+00
      69452 111.644920   1840.000   1821.607     3.5840     3.5848   3.292696   3.292619     1.7151     1.7879   -0.00010   -0.00000     0.5513   103.4115    219.927    216.584         16    34.9344    34.9327    27.7911    27.7896    1495.25    1495.25 0.0000e+00
      69468 111.644928   1839.000   1820.621     3.5843     3.5851   3.292677   3.292616     1.7145     1.7878   -0.00040    0.00000     0.5373   103.4115    219.719    216.436         17    34.9344    34.9329    27.7910    27.7897    1495.23    1495.23 0.0000e+00
      69487 111.644936   1838.000   1819.635     3.5846     3.5854   3.292663   3.292596     1.7145     1.7876   -0.00031   -0.00007     0.5366   103.4115    219.894    216.282         21    34.9344    34.9328    27.7910    27.7896    1495.22    1495.22 0.0000e+00
      69515 111.644951   1837.000   1818.649     3.5843     3.5849   3.292588   3.292524     1.7145     1.7877   -0.00018   -0.00048     0.5305   103.4115    219.873    216.279         30    34.9343    34.9328    27.7909    27.7897    1495.20    1495.20 0.0000e+00
      69587 111.644981   1836.000   1817.664     3.5849     3.5859   3.292596   3.292535     1.7145     1.7873   -0.00015    0.00005     0.5408   103.4115    219.843    216.288         30    34.9343    34.9324    27.7908    27.7893    1495.19    1495.19 0.0000e+00
      69605 111.644989   1835.000   1816.678     3.5849     3.5856   3.292567   3.292489     1.7145     1.7875   -0.00032   -0.00003     0.5353   103.4115    219.815    216.307         19    34.9344    34.9327    27.7909    27.7895    1495.17    1495.17 0.0000e+00
      69623 111.644997   1834.000   1815.692     3.5847     3.5853   3.292495   3.292413     1.7145     1.7872    0.00023   -0.00003     0.5294   103.4115    219.789    216.313         17    34.9342    34.9326    27.7908    27.7895    1495.15    1495.15 0.0000e+00
      69640 111.645004   1833.000   1814.706     3.5844     3.5852   3.292434   3.292357     1.7145     1.7876    0.00000   -0.00001     0.5340   103.4115    219.761    216.297         18    34.9343    34.9326    27.7909    27.7894    1495.13    1495.13 0.0000e+00
      69661 111.645020   1832.000   1813.721     3.5842     3.5850   3.292378   3.292323     1.7145     1.7872    0.00002    0.00004     0.5305   103.4115    219.734    216.011         23    34.9343    34.9328    27.7909    27.7896    1495.12    1495.12 0.0000e+00
      69689 111.645027   1831.000   1812.735     3.5841     3.5849   3.292313   3.292252     1.7145     1.7872    0.00002   -0.00006     0.5400   103.4109    219.708    216.082         34    34.9342    34.9326    27.7908    27.7895    1495.10    1495.10 0.0000e+00
      69722 111.645050   1830.000   1811.749     3.5839     3.5847   3.292253   3.292196     1.7145     1.7873   -0.00009    0.00006     0.5377   103.4091    219.681    216.302         28    34.9341    34.9326    27.7907    27.7895    1495.08    1495.08 0.0000e+00
      69746 111.645058   1829.000   1810.763     3.5840     3.5849   3.292229   3.292170     1.7145     1.7872   -0.00016    0.00004     0.5291   103.4028    219.652    216.063         23    34.9342    34.9326    27.7908    27.7894    1495.06    1495.07 0.0000e+00
      69769 111.645065   1828.000   1809.777     3.5841     3.5848   3.292185   3.292117     1.7145     1.7873   -0.00006    0.00000     0.5395   103.4061    219.624    216.152         23    34.9340    34.9325    27.7906    27.7894    1495.05    1495.05 0.0000e+00
      69796 111.645081   1827.000   1808.792     3.5841     3.5849   3.292164   3.292093     1.7145     1.7873    0.00014    0.00000     0.5423   103.4071    219.596    216.205         34    34.9343    34.9326    27.7908    27.7894    1495.03    1495.03 0.0000e+00
      69835 111.645103   1826.000   1807.806     3.5841     3.5848   3.292114   3.292048     1.7145     1.7877   -0.00000    0.00005     0.5349   103.4116    219.568    216.112         39    34.9342    34.9327    27.7908    27.7895    1495.01    1495.02 0.0000e+00
      69871 111.645119   1825.000   1806.820     3.5844     3.5851   3.292086   3.292024     1.7145     1.7877    0.00018    0.00003     0.5407   103.4115    219.539    216.203         32    34.9340    34.9325    27.7906    27.7893    1495.00    1495.00 0.0000e+00
      69898 111.645134   1824.000   1805.834     3.5846     3.5853   3.292069   3.292013     1.7145     1.7880    0.00008   -0.00009     0.5301   103.4115    219.510    216.235         23    34.9341    34.9327    27.7906    27.7894    1494.98    1494.98 0.0000e+00
      69917 111.645142   1823.000   1804.849     3.5853     3.5858   3.292103   3.292015     1.7145     1.7880   -0.00006   -0.00003     0.5359   103.4115    219.477    216.109         17    34.9342    34.9326    27.7906    27.7893    1494.97    1494.97 0.0000e+00
      69933 111.645149   1822.000   1803.863     3.5859     3.5865   3.292101   3.292027     1.7145     1.7878    0.00013    0.00000     0.5240   103.4115    217.643    216.256         16    34.9341    34.9326    27.7905    27.7892    1494.96    1494.96 0.0000e+00
      69950 111.645157   1821.000   1802.877     3.5866     3.5873   3.292105   3.292041     1.7150     1.7884    0.00017    0.00003     0.5426   103.4115    219.738    216.076         19    34.9338    34.9323    27.7902    27.7889    1494.94    1494.94 0.0000e+00
      69975 111.645172   1820.000   1801.891     3.5871     3.5877   3.292115   3.292036     1.7153     1.7881    0.00012    0.00019     0.5392   103.4115    219.651    215.981         35    34.9339    34.9324    27.7902    27.7889    1494.93    1494.93 0.0000e+00
      70023 111.645195   1819.000   1800.905     3.5883     3.5885   3.292193   3.292073     1.7157     1.7882    0.00005    0.00026     0.5324   103.4115    219.644    215.923         46    34.9340    34.9324    27.7901    27.7889    1494.92    1494.91 0.0000e+00
      70055 111.645210   1818.000   1799.920     3.5890     3.5898   3.292184   3.292118     1.7157     1.7879    0.00007   -0.00002     0.5353   103.4115    219.590    215.860         26    34.9337    34.9321    27.7898    27.7884    1494.90    1494.90 0.0000e+00
      70079 111.645218   1817.000   1798.934     3.5891     3.5896   3.292176   3.292083     1.7158     1.7881   -0.00008    0.00031     0.5283   103.4115    219.531    216.005         22    34.9340    34.9324    27.7901    27.7887    1494.88    1494.88 0.0000e+00
      70099 111.645226   1816.000   1797.948     3.5893     3.5900   3.292149   3.292062     1.7158     1.7880   -0.00005   -0.00001     0.5286   103.4115    219.489    215.740         19    34.9339    34.9322    27.7899    27.7885    1494.87    1494.87 0.0000e+00
      70117 111.645241   1815.000   1796.962     3.5897     3.5903   3.292136   3.292049     1.7158     1.7881   -0.00012   -0.00012     0.5372   103.4115    219.458    215.765         16    34.9339    34.9322    27.7898    27.7884    1494.85    1494.85 0.0000e+00
      70134 111.645248   1814.000   1795.976     3.5901     3.5909   3.292149   3.292053     1.7158     1.7878    0.00011    0.00006     0.5286   103.4115    219.427    215.815         20    34.9341    34.9321    27.7900    27.7883    1494.84    1494.84 0.0000e+00
      70164 111.645264   1813.000   1794.990     3.5920     3.5921   3.292266   3.292140     1.7158     1.7881    0.00005    0.00014     0.5391   103.4115    219.389    215.756         31    34.9339    34.9323    27.7896    27.7884    1494.83    1494.83 0.0000e+00
      70220 111.645287   1812.000   1794.005     3.5968     3.5979   3.292659   3.292595     1.7158     1.7880   -0.00006   -0.00003     0.5369   103.4115    219.326    215.691         28    34.9340    34.9321    27.7892    27.7876    1494.83    1494.84 0.0000e+00
      70238 111.645294   1811.000   1793.019     3.6005     3.6004   3.292940   3.292791     1.7158     1.7880   -0.00030   -0.00008     0.5306   103.4115    219.282    215.903         17    34.9340    34.9323    27.7888    27.7875    1494.83    1494.83 0.0000e+00
      70255 111.645302   1810.000   1792.033     3.6012     3.6013   3.292947   3.292834     1.7158     1.7883    0.00009   -0.00027     0.5347   103.4115    219.250    215.879         16    34.9338    34.9323    27.7886    27.7874    1494.82    1494.82 0.0000e+00
      70271 111.645309   1809.000   1791.047     3.6013     3.6020   3.292922   3.292856     1.7158     1.7885    0.00019   -0.00004     0.5391   103.4115    219.221    215.682         18    34.9338    34.9323    27.7886    27.7873    1494.80    1494.80 0.0000e+00
      70291 111.645325   1808.000   1790.061     3.6022     3.6029   3.292968   3.292886     1.7158     1.7885    0.00024    0.00016     0.5449   103.4115    219.187    215.812         24    34.9339    34.9322    27.7886    27.7872    1494.79    1494.79 0.0000e+00
      70335 111.645340   1807.000   1789.075     3.6041     3.6047   3.293085   3.292998     1.7158     1.7886    0.00011    0.00003     0.5403   103.4115    219.149    215.759         45    34.9338    34.9322    27.7883    27.7870    1494.78    1494.78 0.0000e+00
