data/CTD/fr24/fr24005.cnv
* Sea-Bird SBE 9 Data File:
* FileName = C:\SEASOFT\PIRATA-FR24\data\fr24005.hex
* Software Version Seasave V 7.23.1
* Temperature SN = 2042
* Conductivity SN = 1548
* Number of Bytes Per Scan = 35
* Number of Voltage Words = 2
* Number of Scans Averaged by the Deck Unit = 1
* NMEA Latitude = 09 29.95 S
* NMEA Longitude = 008 14.88 W
* NMEA UTC (Time) = Apr 21 2014 14:40:28
** Cruise: PIRATA-FR24
** Ship: LE SUROIT
** Station: 5
** Bottom Depth: 3970
** Operator: ca/bn
** Comments:
# nquan = 24                                
# nvalues = 4039                        
# units = specified
# name 0 = scan: Scan Count
# name 1 = timeJ: Julian Days
# name 2 = prDM: Pressure, Digiquartz [db]
# name 3 = depSM: Depth [salt water, m]
# name 4 = t090C: Temperature [ITS-90, deg C]
# name 5 = t190C: Temperature, 2 [ITS-90, deg C]
# name 6 = c0S/m: Conductivity [S/m]
# name 7 = c1S/m: Conductivity, 2 [S/m]
# name 8 = sbeox0V: Oxygen raw, SBE 43 [V]
# name 9 = sbeox1V: Oxygen raw, SBE 43, 2 [V]
# name 10 = sbeox1dOV/dT: Oxygen, SBE 43, 2 [dov/dt]
# name 11 = sbeox0dOV/dT: Oxygen, SBE 43 [dov/dt]
# name 12 = flECO-AFL: Fluorescence, WET Labs ECO-AFL/FL [mg/m^3]
# name 13 = CStarTr0: Beam Transmission, WET Labs C-Star [%]
# name 14 = sbeox0Mm/Kg: Oxygen, SBE 43 [umol/kg], WS = 2
# name 15 = sbeox1Mm/Kg: Oxygen, SBE 43, 2 [umol/kg], WS = 2
# name 16 = nbin: number of scans per bin
# name 17 = sal00: Salinity, Practical [PSU]
# name 18 = sal11: Salinity, Practical, 2 [PSU]
# name 19 = sigma-é00: Density [sigma-theta, kg/m^3]
# name 20 = sigma-é11: Density, 2 [sigma-theta, kg/m^3]
# name 21 = svCM: Sound Velocity [Chen-Millero, m/s]
# name 22 = svCM1: Sound Velocity, 2 [Chen-Millero, m/s]
# name 23 = flag: flag
# span 0 =         91,     144746       
# span 1 = 111.611465, 111.681229       
# span 2 =      1.000,   2021.000       
# span 3 =      0.994,   1999.947       
# span 4 =     3.4056,    27.5117       
# span 5 =     3.4037,    27.5119       
# span 6 =   3.284166,   5.795191       
# span 7 =   3.283839,   5.795248       
# span 8 =     1.0411,     2.8358       
# span 9 =     1.1082,     2.9606       
# span 10 =   -0.05303,    0.04697      
# span 11 =   -0.05166,    0.04322      
# span 12 =     0.5112,     2.0786      
# span 13 =    91.5277,   103.4123      
# span 14 =     69.712,    224.353      
# span 15 =     68.773,    220.874      
# span 16 =         13,         66      
# span 17 =    34.5021,    36.5892      
# span 18 =    34.5017,    36.5895      
# span 19 =    23.7505,    27.8099      
# span 20 =    23.7507,    27.8086      
# span 21 =    1481.58,    1542.51      
# span 22 =    1481.58,    1542.51      
# span 23 = 0.0000e+00, 0.0000e+00      
# interval = decibars: 1                
# start_time = Apr 21 2014 14:40:27 [System UTC, first data scan.]
# bad_flag = -9.990e-29
*END*
[from data line 3261]
     102771 111.660988    778.000    772.166     4.7224     4.7230   3.312790   3.312798     1.3449     1.4153    0.00130    0.00117     0.5437   103.3007    128.688    127.110         21    34.5055    34.5049    27.3217    27.3212    1481.76    1481.76 0.0000e+00
     102802 111.661003    777.000    771.175     4.7224     4.7232   3.312738   3.312750     1.3465     1.4168    0.00149    0.00162     0.5437   103.3007    128.680    127.218         43    34.5055    34.5047    27.3217    27.3210    1481.74    1481.74 0.0000e+00
     102843 111.661018    776.000    770.185     4.7236     4.7251   3.312806   3.312855     1.3479     1.4186    0.00142    0.00155     0.5437   103.3007    128.846    127.220         29    34.5055    34.5044    27.3216    27.3206    1481.73    1481.73 0.0000e+00
     102865 111.661034    775.000    769.194     4.7273     4.7285   3.313071   3.313112     1.3489     1.4192    0.00125    0.00103     0.5437   103.3007    128.800    127.320         19    34.5052    34.5045    27.3210    27.3202    1481.73    1481.73 0.0000e+00
     102883 111.661041    774.000    768.203     4.7339     4.7339   3.313633   3.313571     1.3489     1.4197    0.00123    0.00082     0.5437   103.3007    128.610    127.345         19    34.5054    34.5046    27.3204    27.3197    1481.74    1481.74 0.0000e+00
     102905 111.661049    773.000    767.213     4.7496     4.7509   3.314936   3.314981     1.3489     1.4204    0.00080    0.00079     0.5437   103.3007    128.530    127.005         27    34.5048    34.5040    27.3181    27.3173    1481.78    1481.79 0.0000e+00
     102937 111.661064    772.000    766.222     4.7537     4.7544   3.315248   3.315234     1.3489     1.4199    0.00085    0.00065     0.5437   103.3007    128.499    126.737         33    34.5046    34.5038    27.3175    27.3168    1481.78    1481.79 0.0000e+00
     102965 111.661079    771.000    765.231     4.7567     4.7576   3.315465   3.315477     1.3489     1.4198    0.00056    0.00006     0.5437   103.3007    128.472    126.649         22    34.5045    34.5037    27.3171    27.3164    1481.78    1481.78 0.0000e+00
     102986 111.661087    770.000    764.241     4.7577     4.7585   3.315497   3.315503     1.3489     1.4195   -0.00023   -0.00005     0.5437   103.3007    128.453    126.622         22    34.5044    34.5037    27.3169    27.3162    1481.77    1481.77 0.0000e+00
     103012 111.661102    769.000    763.250     4.7588     4.7594   3.315558   3.315555     1.3489     1.4191   -0.00022   -0.00003     0.5398   103.3086    128.432    126.450         31    34.5045    34.5038    27.3168    27.3162    1481.76    1481.76 0.0000e+00
     103047 111.661118    768.000    762.259     4.7605     4.7610   3.315666   3.315638     1.3488     1.4185   -0.00026   -0.00003     0.5376   103.3040    128.343    126.396         31    34.5045    34.5036    27.3166    27.3159    1481.75    1481.75 0.0000e+00
     103069 111.661125    767.000    761.268     4.7613     4.7621   3.315700   3.315697     1.3483     1.4183   -0.00035   -0.00005     0.5307   103.3169    128.243    126.428         19    34.5046    34.5037    27.3166    27.3158    1481.73    1481.73 0.0000e+00
     103086 111.661140    766.000    760.278     4.7630     4.7634   3.315802   3.315767     1.3486     1.4181   -0.00044   -0.00012     0.5361   103.3055    128.297    126.540         16    34.5045    34.5037    27.3163    27.3157    1481.72    1481.72 0.0000e+00
     103104 111.661148    765.000    759.287     4.7640     4.7644   3.315821   3.315812     1.3482     1.4186   -0.00040   -0.00029     0.5372   103.3151    128.150    126.520         19    34.5042    34.5037    27.3160    27.3155    1481.71    1481.71 0.0000e+00
     103126 111.661156    764.000    758.296     4.7667     4.7674   3.316016   3.316027     1.3482     1.4182   -0.00023   -0.00010     0.5356   103.3053    128.123    126.216         29    34.5042    34.5035    27.3156    27.3150    1481.70    1481.71 0.0000e+00
     103166 111.661179    763.000    757.306     4.7700     4.7708   3.316283   3.316254     1.3476     1.4178    0.00007   -0.00011     0.5393   103.3117    128.037    126.313         42    34.5043    34.5031    27.3154    27.3143    1481.70    1481.70 0.0000e+00
     103196 111.661194    762.000    756.315     4.7704     4.7712   3.316243   3.316258     1.3476     1.4176   -0.00045   -0.00016     0.5382   103.3134    128.081    126.117         22    34.5040    34.5033    27.3151    27.3144    1481.69    1481.69 0.0000e+00
     103216 111.661201    761.000    755.324     4.7713     4.7719   3.316298   3.316285     1.3476     1.4174   -0.00024   -0.00014     0.5436   103.3071    128.062    126.219         19    34.5042    34.5034    27.3151    27.3144    1481.67    1481.68 0.0000e+00
     103236 111.661209    760.000    754.333     4.7729     4.7736   3.316403   3.316393     1.3476     1.4175    0.00005   -0.00010     0.5437   103.3115    127.827    126.166         23    34.5043    34.5034    27.3150    27.3142    1481.66    1481.67 0.0000e+00
     103270 111.661224    759.000    753.343     4.7740     4.7749   3.316445   3.316450     1.3465     1.4174   -0.00020   -0.00021     0.5437   103.3141    127.698    126.173         45    34.5041    34.5033    27.3147    27.3139    1481.65    1481.65 0.0000e+00
     103310 111.661247    758.000    752.352     4.7804     4.7821   3.316983   3.317055     1.3464     1.4174    0.00004   -0.00046     0.5437   103.3101    127.794    126.143         27    34.5042    34.5033    27.3141    27.3132    1481.66    1481.67 0.0000e+00
     103331 111.661255    757.000    751.361     4.7875     4.7881   3.317538   3.317529     1.3464     1.4173    0.00003   -0.00026     0.5437   103.3134    127.745    126.100         19    34.5039    34.5031    27.3130    27.3123    1481.67    1481.68 0.0000e+00
     103349 111.661263    756.000    750.370     4.7880     4.7884   3.317542   3.317522     1.3464     1.4173   -0.00008   -0.00012     0.5437   103.3139    127.726    125.811         19    34.5038    34.5032    27.3129    27.3124    1481.66    1481.66 0.0000e+00
     103368 111.661270    755.000    749.380     4.7900     4.7907   3.317674   3.317679     1.3464     1.4165   -0.00013   -0.00029     0.5437   103.3067    127.672    125.708         19    34.5038    34.5031    27.3126    27.3120    1481.65    1481.65 0.0000e+00
     103389 111.661285    754.000    748.389     4.7942     4.7951   3.318019   3.318018     1.3461     1.4168   -0.00006   -0.00002     0.5437   103.3031    127.381    125.827         23    34.5039    34.5030    27.3123    27.3114    1481.65    1481.65 0.0000e+00
     103412 111.661293    753.000    747.398     4.7963     4.7971   3.318145   3.318153     1.3453     1.4160   -0.00027   -0.00000     0.5437   103.3046    127.309    125.505         24    34.5037    34.5030    27.3119    27.3112    1481.64    1481.65 0.0000e+00
     103437 111.661308    752.000    746.407     4.7976     4.7984   3.318221   3.318226     1.3452     1.4156   -0.00039   -0.00008     0.5437   103.3089    127.407    125.441         26    34.5038    34.5030    27.3118    27.3110    1481.63    1481.64 0.0000e+00
     103465 111.661316    751.000    745.417     4.7989     4.7997   3.318288   3.318302     1.3452     1.4148   -0.00033   -0.00068     0.5437   103.3081    127.412    125.348         30    34.5037    34.5031    27.3115    27.3109    1481.62    1481.62 0.0000e+00
     103493 111.661331    750.000    744.426     4.7998     4.8006   3.318311   3.318318     1.3452     1.4146   -0.00050   -0.00026     0.5421   103.3084    127.392    125.567         24    34.5036    34.5028    27.3113    27.3106    1481.61    1481.61 0.0000e+00
     103515 111.661346    749.000    743.435     4.8004     4.8011   3.318318   3.318314     1.3452     1.4148   -0.00064   -0.00005     0.5350   103.3074    127.375    125.724         21    34.5036    34.5028    27.3112    27.3105    1481.59    1481.60 0.0000e+00
     103539 111.661354    748.000    742.444     4.8014     4.8024   3.318380   3.318392     1.3452     1.4151   -0.00041   -0.00005     0.5362   103.3068    127.345    125.537         30    34.5037    34.5029    27.3112    27.3105    1481.58    1481.58 0.0000e+00
     103587 111.661377    747.000    741.453     4.8094     4.8082   3.319027   3.318857     1.3451     1.4147    0.00026   -0.00001     0.5329   103.3075    127.242    125.408         48    34.5035    34.5027    27.3102    27.3097    1481.60    1481.59 0.0000e+00
     103619 111.661392    746.000    740.463     4.8121     4.8134   3.319247   3.319290     1.3446     1.4145   -0.00022    0.00015     0.5373   103.3006    126.920    125.384         19    34.5037    34.5029    27.3100    27.3093    1481.59    1481.60 0.0000e+00
     103635 111.661400    745.000    739.472     4.8170     4.8165   3.319628   3.319526     1.3440     1.4146   -0.00012   -0.00008     0.5377   103.3007    126.890    125.317         15    34.5036    34.5029    27.3093    27.3089    1481.60    1481.59 0.0000e+00
     103650 111.661407    744.000    738.481     4.8203     4.8200   3.319874   3.319781     1.3439     1.4144   -0.00011   -0.00002     0.5377   103.3007    126.952    125.080         15    34.5035    34.5028    27.3089    27.3084    1481.59    1481.59 0.0000e+00
     103666 111.661415    743.000    737.490     4.8284     4.8291   3.320562   3.320546     1.3438     1.4139   -0.00016   -0.00017     0.5389   103.3007    126.797    124.787         18    34.5036    34.5027    27.3081    27.3073    1481.61    1481.61 0.0000e+00
     103687 111.661423    742.000    736.499     4.8363     4.8371   3.321204   3.321211     1.3432     1.4131   -0.00008   -0.00063     0.5386   103.3007    126.601    124.663         26    34.5034    34.5026    27.3070    27.3063    1481.63    1481.63 0.0000e+00
     103718 111.661438    741.000    735.509     4.8390     4.8398   3.321399   3.321408     1.3423     1.4123   -0.00042   -0.00030     0.5438   103.3046    126.305    124.647         32    34.5033    34.5026    27.3067    27.3060    1481.62    1481.62 0.0000e+00
     103746 111.661453    740.000    734.518     4.8412     4.8422   3.321550   3.321573     1.3411     1.4118   -0.00083   -0.00057     0.5437   103.3085    126.163    124.592         24    34.5033    34.5026    27.3064    27.3057    1481.61    1481.62 0.0000e+00
     103769 111.661469    739.000    733.527     4.8451     4.8461   3.321867   3.321883     1.3405     1.4116   -0.00069   -0.00061     0.5437   103.3091    126.106    124.445         23    34.5035    34.5026    27.3061    27.3053    1481.61    1481.62 0.0000e+00
     103794 111.661476    738.000    732.536     4.8515     4.8523   3.322377   3.322382     1.3400     1.4104   -0.00047   -0.00099     0.5437   103.3084    125.994    124.166         29    34.5033    34.5025    27.3052    27.3045    1481.62    1481.62 0.0000e+00
     103828 111.661491    737.000    731.545     4.8533     4.8540   3.322490   3.322482     1.3391     1.4100   -0.00043   -0.00068     0.5437   103.3073    125.837    124.170         37    34.5032    34.5024    27.3049    27.3042    1481.61    1481.61 0.0000e+00
     103861 111.661514    736.000    730.554     4.8541     4.8550   3.322523   3.322534     1.3384     1.4090   -0.00088   -0.00053     0.5437   103.3115    125.782    123.883         26    34.5033    34.5025    27.3049    27.3042    1481.60    1481.60 0.0000e+00
     103884 111.661522    735.000    729.563     4.8582     4.8596   3.322838   3.322919     1.3381     1.4083   -0.00038   -0.00067     0.5437   103.3066    125.852    123.931         21    34.5032    34.5027    27.3043    27.3038    1481.60    1481.60 0.0000e+00
     103903 111.661530    734.000    728.573     4.8645     4.8660   3.323374   3.323443     1.3384     1.4082   -0.00055   -0.00050     0.5437   103.3125    125.886    124.096         19    34.5034    34.5027    27.3038    27.3030    1481.61    1481.61 0.0000e+00
     103922 111.661537    733.000    727.582     4.8838     4.8842   3.325135   3.325083     1.3382     1.4083   -0.00068   -0.00047     0.5437   103.3080    125.551    123.768         19    34.5043    34.5033    27.3023    27.3015    1481.67    1481.67 0.0000e+00
     103944 111.661552    732.000    726.591     4.9339     4.9347   3.329571   3.329570     1.3373     1.4073   -0.00064   -0.00021     0.5437   103.3048    124.653    122.828         26    34.5044    34.5035    27.2967    27.2959    1481.86    1481.86 0.0000e+00
     103976 111.661568    731.000    725.600     4.9523     4.9513   3.331162   3.331007     1.3335     1.4041   -0.00013    0.00002     0.5437   103.3095    123.702    121.748         35    34.5042    34.5036    27.2945    27.2941    1481.92    1481.91 0.0000e+00
     104004 111.661583    730.000    724.609     4.9542     4.9558   3.331283   3.331385     1.3302     1.4008   -0.00095   -0.00115     0.5437   103.3109    123.323    121.214         22    34.5043    34.5037    27.2943    27.2937    1481.91    1481.92 0.0000e+00
     104023 111.661591    729.000    723.618     4.9580     4.9581   3.331585   3.331537     1.3287     1.3987   -0.00209   -0.00262     0.5437   103.3155    123.164    120.942         17    34.5043    34.5036    27.2938    27.2933    1481.91    1481.91 0.0000e+00
     104040 111.661598    728.000    722.627     4.9600     4.9595   3.331721   3.331632     1.3271     1.3971   -0.00270   -0.00284     0.5437   103.3022    122.932    120.919         17    34.5043    34.5037    27.2936    27.2932    1481.90    1481.90 0.0000e+00
     104058 111.661606    727.000    721.637     4.9616     4.9618   3.331826   3.331774     1.3258     1.3958   -0.00265   -0.00268     0.5437   103.3094    122.798    120.721         19    34.5044    34.5036    27.2935    27.2929    1481.89    1481.89 0.0000e+00
     104083 111.661621    726.000    720.646     4.9645     4.9647   3.332035   3.331994     1.3240     1.3935   -0.00262   -0.00228     0.5437   103.3022    122.615    120.696         36    34.5042    34.5036    27.2931    27.2925    1481.89    1481.89 0.0000e+00
     104126 111.661636    725.000    719.655     4.9703     4.9713   3.332494   3.332510     1.3219     1.3922   -0.00203   -0.00182     0.5437   103.3207    122.354    120.736         39    34.5041    34.5033    27.2922    27.2915    1481.89    1481.90 0.0000e+00
     104155 111.661652    724.000    718.664     4.9718     4.9729   3.332583   3.332632     1.3205     1.3908   -0.00143   -0.00146     0.5437   103.3111    122.368    120.574         24    34.5041    34.5035    27.2921    27.2915    1481.88    1481.89 0.0000e+00
     104177 111.661659    723.000    717.673     4.9763     4.9779   3.332987   3.333070     1.3205     1.3905   -0.00065   -0.00119     0.5437   103.3255    122.483    120.730         21    34.5046    34.5039    27.2919    27.2912    1481.89    1481.89 0.0000e+00
     104198 111.661674    722.000    716.682     5.0187     5.0232   3.336889   3.337170     1.3203     1.3903   -0.00103   -0.00123     0.5437   103.3119    121.900    120.119         20    34.5063    34.5050    27.2885    27.2869    1482.04    1482.06 0.0000e+00
     104217 111.661682    721.000    715.691     5.0480     5.0482   3.339426   3.339363     1.3186     1.3888   -0.00091   -0.00086     0.5437   103.3136    121.130    119.266         20    34.5059    34.5050    27.2848    27.2840    1482.15    1482.15 0.0000e+00
     104239 111.661690    720.000    714.700     5.0583     5.0595   3.340318   3.340372     1.3164     1.3865   -0.00035   -0.00013     0.5437   103.3162    120.551    118.583         23    34.5061    34.5055    27.2837    27.2831    1482.17    1482.18 0.0000e+00
