data/CTD/fr24/fr24001.cnv
* Sea-Bird SBE 9 Data File:
* FileName = C:\SEASOFT\PIRATA-FR24\data\fr24001.hex
* Software Version Seasave V 7.23.1
* Temperature SN = 2042
* Conductivity SN = 1548
* Number of Bytes Per Scan = 35
* Number of Voltage Words = 2
* Number of Scans Averaged by the Deck Unit = 1
* NMEA Latitude = 06 59.99 N
* NMEA Longitude = 020 19.01 W
* NMEA UTC (Time) = Apr 12 2014 08:25:24
** Cruise: PIRATA-FR24
** Ship: LE SUROIT
** Station: 1
** Bottom Depth: 3754
** Operator: LF/ND
** Comments:
# nquan = 24                                
# nvalues = 2072                        
# units = specified
# name 0 = scan: Scan Count
# name 1 = timeJ: Julian Days
# name 2 = prDM: Pressure, Digiquartz [db]
# name 3 = depSM: Depth [salt water, m]
# name 4 = t090C: Temperature [ITS-90, deg C]
# name 5 = t190C: Temperature, 2 [ITS-90, deg C]
# name 6 = c0S/m: Conductivity [S/m]
# name 7 = c1S/m: Conductivity, 2 [S/m]
# name 8 = sbeox0V: Oxygen raw, SBE 43 [V]
# name 9 = sbeox1V: Oxygen raw, SBE 43, 2 [V]
# name 10 = sbeox1dOV/dT: Oxygen, SBE 43, 2 [dov/dt]
# name 11 = sbeox0dOV/dT: Oxygen, SBE 43 [dov/dt]
# name 12 = flECO-AFL: Fluorescence, WET Labs ECO-AFL/FL [mg/m^3]
# name 13 = CStarTr0: Beam Transmission, WET Labs C-Star [%]
# name 14 = sbeox0Mm/Kg: Oxygen, SBE 43 [umol/kg], WS = 2
# name 15 = sbeox1Mm/Kg: Oxygen, SBE 43, 2 [umol/kg], WS = 2
# name 16 = nbin: number of scans per bin
# name 17 = sal00: Salinity, Practical [PSU]
# name 18 = sal11: Salinity, Practical, 2 [PSU]
# name 19 = sigma-é00: Density [sigma-theta, kg/m^3]
# name 20 = sigma-é11: Density, 2 [sigma-theta, kg/m^3]
# name 21 = svCM: Sound Velocity [Chen-Millero, m/s]
# name 22 = svCM1: Sound Velocity, 2 [Chen-Millero, m/s]
# name 23 = flag: flag
# span 0 =       1635,      96657       
# span 1 = 102.351746, 102.397575       
# span 2 =      1.000,   1038.000       
# span 3 =      0.994,   1029.644       
# span 4 =     4.9975,    25.9412       
# span 5 =     4.9982,    25.9417       
# span 6 =   3.367544,   5.513721       
# span 7 =   3.367516,   5.513821       
# span 8 =     0.8821,     2.7437       
# span 9 =     0.9515,     2.8731       
# span 10 =   -0.05400,    0.09953      
# span 11 =   -0.05482,    0.08530      
# span 12 =     0.5131,     4.2817      
# span 13 =    91.6255,   103.1623      
# span 14 =     45.360,    209.921      
# span 15 =     45.444,    211.213      
# span 16 =          1,         90      
# span 17 =    34.6354,    35.8161      
# span 18 =    34.6348,    35.8179      
# span 19 =    23.6448,    27.4690      
# span 20 =    23.6448,    27.4684      
# span 21 =    1486.18,    1537.83      
# span 22 =    1486.18,    1537.83      
# span 23 = 0.0000e+00, 0.0000e+00      
# interval = decibars: 1                
# start_time = Apr 12 2014 08:25:23 [System UTC, first data scan.]
# bad_flag = -9.990e-29
*END*
[from data line 1389]
      76868 102.388031    683.000    678.077     6.5354     6.5361   3.488183   3.488207     1.1156     1.1875   -0.00032   -0.00006     0.5368   103.0902     86.171     85.607         19    34.6878    34.6875    27.2446    27.2442    1487.70    1487.70 0.0000e+00
      76890 102.388039    682.000    677.086     6.5412     6.5422   3.488663   3.488738     1.1143     1.1862   -0.00005   -0.00021     0.5386   103.0797     85.929     85.307         27    34.6879    34.6876    27.2438    27.2435    1487.70    1487.70 0.0000e+00
      76919 102.388054    681.000    676.094     6.5455     6.5461   3.489072   3.489088     1.1132     1.1850   -0.00038   -0.00075     0.5360   103.0791     85.873     85.189         28    34.6885    34.6880    27.2438    27.2433    1487.70    1487.70 0.0000e+00
      76944 102.388069    680.000    675.103     6.5513     6.5518   3.489602   3.489613     1.1127     1.1842   -0.00106   -0.00099     0.5380   103.0791     85.767     85.118         22    34.6890    34.6886    27.2434    27.2430    1487.71    1487.71 0.0000e+00
      76964 102.388077    679.000    674.112     6.5596     6.5611   3.490432   3.490534     1.1121     1.1832   -0.00114   -0.00115     0.5341   103.0791     85.643     85.090         19    34.6902    34.6899    27.2432    27.2428    1487.73    1487.73 0.0000e+00
      76984 102.388084    678.000    673.121     6.5731     6.5748   3.491755   3.491861     1.1115     1.1833   -0.00112   -0.00077     0.5288   103.0791     85.603     85.319         20    34.6918    34.6913    27.2426    27.2420    1487.77    1487.77 0.0000e+00
      77003 102.388092    677.000    672.130     6.5839     6.5847   3.492735   3.492763     1.1114     1.1834   -0.00085   -0.00052     0.5356   103.0919     85.591     85.125         18    34.6922    34.6917    27.2415    27.2411    1487.79    1487.79 0.0000e+00
      77021 102.388107    676.000    671.138     6.5863     6.5870   3.492879   3.492912     1.1110     1.1826   -0.00084   -0.00078     0.5340   103.0823     85.480     84.865         19    34.6919    34.6915    27.2410    27.2406    1487.78    1487.79 0.0000e+00
      77040 102.388115    675.000    670.147     6.5755     6.5777   3.491394   3.491626     1.1107     1.1824   -0.00039   -0.00065     0.5590   103.0903     85.527     84.910         19    34.6868    34.6872    27.2384    27.2384    1487.72    1487.73 0.0000e+00
      77062 102.388123    674.000    669.156     6.5685     6.5693   3.490538   3.490577     1.1107     1.1819   -0.00007   -0.00035     0.5577   103.0828     85.595     85.021         26    34.6849    34.6845    27.2378    27.2374    1487.67    1487.68 0.0000e+00
      77092 102.388138    673.000    668.165     6.5748     6.5757   3.491160   3.491205     1.1107     1.1824   -0.00059   -0.00042     0.5316   103.0855     85.571     85.195         34    34.6859    34.6854    27.2377    27.2372    1487.68    1487.69 0.0000e+00
      77126 102.388153    672.000    667.174     6.5828     6.5840   3.491870   3.491952     1.1107     1.1821   -0.00029   -0.00003     0.5340   103.0776     85.543     85.018         32    34.6862    34.6859    27.2369    27.2365    1487.70    1487.70 0.0000e+00
      77153 102.388168    671.000    666.182     6.5892     6.5907   3.492504   3.492609     1.1107     1.1825    0.00037 3.4067e-07     0.5358   103.0852     85.492     85.065         22    34.6872    34.6869    27.2368    27.2364    1487.71    1487.71 0.0000e+00
      77172 102.388176    670.000    665.191     6.6035     6.6048   3.493916   3.494003     1.1105     1.1818    0.00003 -3.388e-07     0.5336   103.0729     85.249     84.714         17    34.6889    34.6885    27.2362    27.2358    1487.75    1487.75 0.0000e+00
      77189 102.388184    669.000    664.200     6.6143     6.6157   3.495013   3.495097     1.1098     1.1819   -0.00030 -3.411e-07     0.5353   103.0572     85.059     84.653         17    34.6906    34.6902    27.2361    27.2356    1487.78    1487.78 0.0000e+00
      77206 102.388191    668.000    663.209     6.6357     6.6372   3.497119   3.497215     1.1094     1.1811    0.00022 -3.438e-07     0.5383   103.0530     85.071     84.373         18    34.6928    34.6924    27.2350    27.2345    1487.85    1487.85 0.0000e+00
      77226 102.388199    667.000    662.217     6.6442     6.6445   3.497894   3.497880     1.1092     1.1807   -0.00009   -0.00010     0.5363   103.0781     84.907     84.358         22    34.6933    34.6929    27.2342    27.2339    1487.86    1487.86 0.0000e+00
      77248 102.388214    666.000    661.226     6.6438     6.6441   3.497746   3.497740     1.1083     1.1797   -0.00048   -0.00071     0.5606   103.0771     84.785     84.216         22    34.6925    34.6921    27.2337    27.2333    1487.84    1487.85 0.0000e+00
      77271 102.388222    665.000    660.235     6.6402     6.6408   3.497223   3.497248     1.1079     1.1796   -0.00075   -0.00055     0.5479   103.0731     84.726     84.198         23    34.6909    34.6906    27.2328    27.2325    1487.81    1487.81 0.0000e+00
      77296 102.388237    664.000    659.244     6.6386     6.6371   3.496789   3.496537     1.1073     1.1786   -0.00068   -0.00063     0.5353   103.0771     84.903     84.461         28    34.6882    34.6869    27.2309    27.2301    1487.79    1487.78 0.0000e+00
      77325 102.388252    663.000    658.252     6.6211     6.6207   3.494545   3.494460     1.1086     1.1803   -0.00059   -0.00058     0.5307   103.0791     85.530     85.347         29    34.6815    34.6809    27.2279    27.2276    1487.69    1487.69 0.0000e+00
      77352 102.388260    662.000    657.261     6.6213     6.6223   3.494485   3.494548     1.1103     1.1825   -0.00065   -0.00053     0.5323   103.0791     85.804     85.812         26    34.6811    34.6808    27.2276    27.2273    1487.68    1487.68 0.0000e+00
      77379 102.388275    661.000    656.270     6.6252     6.6264   3.494802   3.494895     1.1123     1.1845    0.00108    0.00084     0.5328   103.0791     86.165     85.940         27    34.6812    34.6810    27.2272    27.2268    1487.68    1487.68 0.0000e+00
      77403 102.388290    660.000    655.279     6.6296     6.6313   3.495204   3.495338     1.1137     1.1860    0.00165    0.00151     0.5397   103.0833     86.071     85.987         20    34.6817    34.6814    27.2269    27.2265    1487.68    1487.68 0.0000e+00
      77420 102.388298    659.000    654.287     6.6369     6.6378   3.495858   3.495903     1.1144     1.1869    0.00207    0.00141     0.5711   103.0795     86.008     85.954         15    34.6820    34.6816    27.2262    27.2258    1487.69    1487.69 0.0000e+00
      77435 102.388306    658.000    653.296     6.6444     6.6453   3.496539   3.496581     1.1144     1.1874    0.00194    0.00184     0.5475   103.0712     86.000     85.824         14    34.6824    34.6820    27.2255    27.2251    1487.70    1487.71 0.0000e+00
      77448 102.388313    657.000    652.305     6.6486     6.6493   3.496893   3.496917     1.1149     1.1876    0.00167    0.00185     0.5279   103.0789     86.131     85.555         14    34.6826    34.6822    27.2251    27.2247    1487.70    1487.70 0.0000e+00
      77464 102.388321    656.000    651.314     6.6549     6.6555   3.497485   3.497501 -9.990e-29 -9.990e-29    0.00149    0.00146     0.5328   103.0629 -9.990e-29 -9.990e-29         17    34.6833    34.6829    27.2248    27.2244    1487.71    1487.71 0.0000e+00
      77487 102.388329    655.000    650.322     6.6595     6.6551   3.497886   3.497429 -9.990e-29 -9.990e-29    0.00112    0.00071     0.5400   103.0532 -9.990e-29 -9.990e-29         33    34.6836    34.6829    27.2244    27.2245    1487.71    1487.70 0.0000e+00
      77524 102.388344    654.000    649.331     6.6617     6.6538   3.498077   3.497280 -9.990e-29 -9.990e-29    0.00021    0.00073     0.5319   103.0568 -9.990e-29 -9.990e-29         32    34.6839    34.6831    27.2243    27.2247    1487.71    1487.67 0.0000e+00
      77554 102.388359    653.000    648.340     6.6654     6.6657   3.498384   3.498380 -9.990e-29     1.1873    0.00001    0.00007     0.5404   103.0684 -9.990e-29     85.115         35    34.6841    34.6838    27.2240    27.2237    1487.70    1487.70 0.0000e+00
      77592 102.388382    652.000    647.348     6.6669     6.6675   3.498488   3.498527 -9.990e-29     1.1867   -0.00012   -0.00014     0.5366   103.0700 -9.990e-29     85.195         34    34.6842    34.6840    27.2239    27.2236    1487.69    1487.70 0.0000e+00
      77616 102.388390    651.000    646.357     6.6698     6.6706   3.498752   3.498787 -9.990e-29     1.1865   -0.00029   -0.00046     0.5574   103.0709 -9.990e-29     85.208         19    34.6847    34.6843    27.2239    27.2234    1487.69    1487.69 0.0000e+00
      77633 102.388397    650.000    645.366     6.6757     6.6766   3.499279   3.499316 -9.990e-29     1.1865   -0.00032   -0.00067     0.5727   103.0718 -9.990e-29     85.111         15    34.6850    34.6846    27.2233    27.2228    1487.70    1487.70 0.0000e+00
      77648 102.388405    649.000    644.374     6.6789     6.6796   3.499541   3.499577     1.1143     1.1861   -0.00031   -0.00040     0.5375   103.0812     85.569     85.097         14    34.6852    34.6849    27.2230    27.2226    1487.69    1487.69 0.0000e+00
      77662 102.388412    648.000    643.383     6.6832     6.6836   3.499931   3.499936     1.1143     1.1864   -0.00034   -0.00004     0.5403   103.0808     85.523     85.102         16    34.6857    34.6853    27.2228    27.2224    1487.69    1487.69 0.0000e+00
      77679 102.388420    647.000    642.392     6.6881     6.6883   3.500371   3.500343     1.1141     1.1860   -0.00021   -0.00000     0.5367   103.0717     85.473     84.895         17    34.6861    34.6856    27.2224    27.2220    1487.70    1487.70 0.0000e+00
      77700 102.388428    646.000    641.400     6.7000     6.7009   3.501508   3.501543     1.1139     1.1855   -0.00019   -0.00001     0.5657   103.0618     85.389     84.796         27    34.6871    34.6866    27.2216    27.2211    1487.73    1487.73 0.0000e+00
      77731 102.388443    645.000    640.409     6.7127     6.7128   3.502722   3.502690     1.1134     1.1850   -0.00018   -0.00014     0.5501   103.0629     85.227     84.754         31    34.6882    34.6877    27.2207    27.2204    1487.76    1487.76 0.0000e+00
      77757 102.388458    644.000    639.418     6.7240     6.7255   3.503783   3.503887     1.1130     1.1846   -0.00053   -0.00027     0.5505   103.0631     85.214     84.686         21    34.6890    34.6886    27.2199    27.2194    1487.79    1487.80 0.0000e+00
      77776 102.388466    643.000    638.426     6.7338     6.7340   3.504739   3.504713     1.1128     1.1845   -0.00045   -0.00026     0.5441   103.0561     84.967     84.424         19    34.6902    34.6897    27.2195    27.2191    1487.81    1487.81 0.0000e+00
      77795 102.388474    642.000    637.435     6.7461     6.7481   3.505904   3.506062     1.1119     1.1836   -0.00037   -0.00044     0.5661   103.0600     84.684     84.174         20    34.6911    34.6909    27.2185    27.2181    1487.85    1487.85 0.0000e+00
      77819 102.388489    641.000    636.444     6.7599     6.7627   3.507233   3.507464     1.1109     1.1828   -0.00026   -0.00029     0.5403   103.0694     84.657     84.135         30    34.6923    34.6922    27.2176    27.2171    1487.89    1487.90 0.0000e+00
      77852 102.388504    640.000    635.452     6.7801     6.7784   3.509217   3.509000     1.1104     1.1818   -0.00080   -0.00085     0.5366   103.0665     84.503     83.746         31    34.6944    34.6937    27.2165    27.2162    1487.95    1487.94 0.0000e+00
      77879 102.388519    639.000    634.461     6.7928     6.7948   3.510392   3.510559     1.1092     1.1806   -0.00078   -0.00097     0.5327   103.0732     84.221     83.541         25    34.6951    34.6949    27.2153    27.2149    1487.98    1487.99 0.0000e+00
      77904 102.388527    638.000    633.469     6.8070     6.8096   3.511814   3.512041     1.1083     1.1792   -0.00070   -0.00036     0.5289   103.0644     83.933     83.326         24    34.6969    34.6968    27.2149    27.2144    1488.03    1488.04 0.0000e+00
      77926 102.388542    637.000    632.478     6.8231     6.8248   3.513402   3.513512     1.1068     1.1787   -0.00116   -0.00082     0.5721   103.0649     83.650     83.309         21    34.6987    34.6982    27.2140    27.2134    1488.07    1488.08 0.0000e+00
      77946 102.388550    636.000    631.487     6.8401     6.8422   3.515069   3.515220     1.1058     1.1777   -0.00106   -0.00096     0.5452   103.0422     83.532     82.943         19    34.7004    34.7000    27.2131    27.2124    1488.13    1488.13 0.0000e+00
      77965 102.388557    635.000    630.495     6.8555     6.8563   3.516574   3.516610     1.1051     1.1767   -0.00115   -0.00102     0.5291   103.0698     83.288     82.551         18    34.7019    34.7015    27.2122    27.2117    1488.17    1488.17 0.0000e+00
      77982 102.388565    634.000    629.504     6.8723     6.8729   3.518268   3.518262     1.1038     1.1753   -0.00090   -0.00137     0.5368   103.0687     82.984     82.230         17    34.7041    34.7035    27.2116    27.2110    1488.22    1488.22 0.0000e+00
      77999 102.388573    633.000    628.513     6.8929     6.8927   3.520274   3.520198     1.1027     1.1740   -0.00081   -0.00134     0.5363   103.0555     82.652     81.897         17    34.7060    34.7053    27.2103    27.2098    1488.29    1488.29 0.0000e+00
      78019 102.388588    632.000    627.521     6.9036     6.9046   3.521312   3.521389     1.1007     1.1721   -0.00123   -0.00112     0.5387   103.0621     82.295     81.501         23    34.7072    34.7069    27.2097    27.2094    1488.31    1488.32 0.0000e+00
      78046 102.388596    631.000    626.530     6.9113     6.9123   3.522019   3.522090     1.0987     1.1696   -0.00177   -0.00153     0.5373   103.0551     82.119     81.295         30    34.7077    34.7074    27.2091    27.2087    1488.33    1488.33 0.0000e+00
      78072 102.388611    630.000    625.538     6.9148     6.9164   3.522329   3.522456     1.0970     1.1681   -0.00213   -0.00204     0.5359   103.0549     81.847     81.347         24    34.7080    34.7077    27.2088    27.2084    1488.33    1488.33 0.0000e+00
      78096 102.388618    629.000    624.547     6.9280     6.9308   3.523635   3.523874     1.0951     1.1665   -0.00226   -0.00198     0.5336   103.0672     81.528     80.922         24    34.7095    34.7094    27.2082    27.2077    1488.36    1488.37 0.0000e+00
      78122 102.388634    628.000    623.555     6.9381     6.9391   3.524654   3.524724     1.0938     1.1650   -0.00174   -0.00164     0.5380   103.0715     81.447     80.815         27    34.7111    34.7109    27.2080    27.2077    1488.39    1488.39 0.0000e+00
      78148 102.388649    627.000    622.564     6.9632     6.9728   3.527334   3.528204     1.0922     1.1635   -0.00126   -0.00166     0.5367   103.0755     80.955     80.306         25    34.7158    34.7157    27.2083    27.2069    1488.47    1488.51 0.0000e+00
      78172 102.388657    626.000    621.573     6.9936     6.9907   3.530374   3.530077     1.0903     1.1614   -0.00162   -0.00162     0.5335   103.0662     80.515     79.649         23    34.7191    34.7187    27.2067    27.2068    1488.58    1488.57 0.0000e+00
      78196 102.388672    625.000    620.581     7.0018     7.0044   3.531165   3.531409     1.0877     1.1585   -0.00128   -0.00121     0.5391   103.0644     80.010     79.158         25    34.7200    34.7200    27.2063    27.2060    1488.60    1488.61 0.0000e+00
      78220 102.388680    624.000    619.590     7.0141     7.0198   3.532410   3.532930     1.0855     1.1563   -0.00180   -0.00185     0.5319   103.0597     79.766     78.977         23    34.7217    34.7218    27.2060    27.2052    1488.63    1488.65 0.0000e+00
