data/CTD/fr24/fr24004.cnv
* Sea-Bird SBE 9 Data File:
* FileName = C:\SEASOFT\PIRATA-FR24\data\fr24004.hex
* Software Version Seasave V 7.23.1
* Temperature SN = 2042
* Conductivity SN = 1548
* Number of Bytes Per Scan = 35
* Number of Voltage Words = 2
* Number of Scans Averaged by the Deck Unit = 1
* NMEA Latitude = 09 54.68 S
* NMEA Longitude = 009 58.94 W
* NMEA UTC (Time) = Apr 19 2014 20:39:12
** Cruise: PIRATA-FR24
** Ship: LE SUROIT
** Station: 4
** Bottom Depth: 3500
** Operator: LF/ND
** Comments:
# nquan = 24                                
# nvalues = 4035                        
# units = specified
# name 0 = scan: Scan Count
# name 1 = timeJ: Julian Days
# name 2 = prDM: Pressure, Digiquartz [db]
# name 3 = depSM: Depth [salt water, m]
# name 4 = t090C: Temperature [ITS-90, deg C]
# name 5 = t190C: Temperature, 2 [ITS-90, deg C]
# name 6 = c0S/m: Conductivity [S/m]
# name 7 = c1S/m: Conductivity, 2 [S/m]
# name 8 = sbeox0V: Oxygen raw, SBE 43 [V]
# name 9 = sbeox1V: Oxygen raw, SBE 43, 2 [V]
# name 10 = sbeox1dOV/dT: Oxygen, SBE 43, 2 [dov/dt]
# name 11 = sbeox0dOV/dT: Oxygen, SBE 43 [dov/dt]
# name 12 = flECO-AFL: Fluorescence, WET Labs ECO-AFL/FL [mg/m^3]
# name 13 = CStarTr0: Beam Transmission, WET Labs C-Star [%]
# name 14 = sbeox0Mm/Kg: Oxygen, SBE 43 [umol/kg], WS = 2
# name 15 = sbeox1Mm/Kg: Oxygen, SBE 43, 2 [umol/kg], WS = 2
# name 16 = nbin: number of scans per bin
# name 17 = sal00: Salinity, Practical [PSU]
# name 18 = sal11: Salinity, Practical, 2 [PSU]
# name 19 = sigma-é00: Density [sigma-theta, kg/m^3]
# name 20 = sigma-é11: Density, 2 [sigma-theta, kg/m^3]
# name 21 = svCM: Sound Velocity [Chen-Millero, m/s]
# name 22 = svCM1: Sound Velocity, 2 [Chen-Millero, m/s]
# name 23 = flag: flag
# span 0 =          5,     110929       
# span 1 = 109.860542, 109.914040       
# span 2 =      2.000,   2021.000       
# span 3 =      1.989,   1999.922       
# span 4 =     3.4806,    27.2835       
# span 5 =     3.4809,    27.2844       
# span 6 =   3.281789,   5.768299       
# span 7 =   3.281791,   5.768376       
# span 8 =     1.0462,     2.8411       
# span 9 =     1.1141,     2.9671       
# span 10 =   -0.06655,    0.05208      
# span 11 =   -0.06249,    0.04269      
# span 12 =     0.5107,     2.2403      
# span 13 =    93.9726,   103.4014      
# span 14 =     66.943,    222.099      
# span 15 =     66.120,    218.899      
# span 16 =          9,         61      
# span 17 =    34.5019,    36.5763      
# span 18 =    34.5014,    36.5798      
# span 19 =    23.8047,    27.8040      
# span 20 =    23.8077,    27.8029      
# span 21 =    1482.45,    1542.28      
# span 22 =    1482.47,    1542.27      
# span 23 = 0.0000e+00, 0.0000e+00      
# interval = decibars: 1                
# start_time = Apr 19 2014 20:39:11 [System UTC, first data scan.]
# bad_flag = -9.990e-29
*END*
[from data line 2114]
      54754 109.886948   1922.000   1902.396     3.5629     3.5636   3.294245   3.294175     1.7000     1.7751   -0.00017   -0.00018     0.5527   103.3838    219.626    216.697         16    34.9356    34.9341    27.7948    27.7935    1496.54    1496.54 0.0000e+00
      54769 109.886955   1921.000   1901.411     3.5630     3.5638   3.294197   3.294138     1.7003     1.7750   -0.00007   -0.00055     0.5578   103.3838    219.720    216.497         15    34.9354    34.9338    27.7946    27.7933    1496.52    1496.52 0.0000e+00
      54785 109.886963   1920.000   1900.426     3.5630     3.5637   3.294156   3.294089     1.6999     1.7749   -0.00023   -0.00025     0.5603   103.3838    219.596    216.489         17    34.9354    34.9339    27.7946    27.7933    1496.50    1496.50 0.0000e+00
      54804 109.886971   1919.000   1899.440     3.5629     3.5635   3.294092   3.294041     1.7001     1.7749 -6.569e-07   -0.00007     0.5551   103.3911    219.742    216.619         23    34.9353    34.9340    27.7945    27.7935    1496.49    1496.49 0.0000e+00
      54837 109.886986   1918.000   1898.455     3.5627     3.5633   3.294044   3.293996     1.7005     1.7751   -0.00005   -0.00009     0.5625   103.3913    219.943    216.628         42    34.9354    34.9341    27.7946    27.7936    1496.47    1496.47 0.0000e+00
      54876 109.887009   1917.000   1897.469     3.5626     3.5631   3.293985   3.293928     1.7011     1.7752    0.00010    0.00011     0.5560   103.3928    219.840    216.641         31    34.9352    34.9340    27.7945    27.7935    1496.45    1496.45 0.0000e+00
      54902 109.887024   1916.000   1896.484     3.5624     3.5631   3.293946   3.293877     1.7010     1.7755    0.00007    0.00032     0.5587   103.3898    219.748    216.841         23    34.9354    34.9339    27.7946    27.7933    1496.43    1496.44 0.0000e+00
      54924 109.887032   1915.000   1895.499     3.5622     3.5630   3.293881   3.293819     1.7011     1.7756    0.00014    0.00018     0.5626   103.3961    219.723    216.515         22    34.9353    34.9338    27.7946    27.7933    1496.42    1496.42 0.0000e+00
      54946 109.887039   1914.000   1894.513     3.5621     3.5628   3.293831   3.293769     1.7011     1.7759    0.00012    0.00022     0.5521   103.3886    219.696    216.710         23    34.9354    34.9339    27.7946    27.7934    1496.40    1496.40 0.0000e+00
      54968 109.887054   1913.000   1893.528     3.5620     3.5626   3.293762   3.293706     1.7011     1.7757    0.00041    0.00017     0.5606   103.3894    219.669    216.758         20    34.9351    34.9338    27.7944    27.7933    1496.38    1496.38 0.0000e+00
      54987 109.887062   1912.000   1892.543     3.5619     3.5626   3.293735   3.293673     1.7011     1.7764   -0.00002 4.5212e-07     0.5595   103.3874    219.643    216.847         18    34.9355    34.9339    27.7947    27.7934    1496.36    1496.37 0.0000e+00
      55004 109.887070   1911.000   1891.557     3.5617     3.5626   3.293669   3.293623     1.7011     1.7761    0.00002    0.00000     0.5523   103.3867    219.615    216.700         17    34.9353    34.9338    27.7945    27.7933    1496.35    1496.35 0.0000e+00
      55021 109.887077   1910.000   1890.572     3.5615     3.5620   3.293597   3.293527     1.7011     1.7767    0.00021    0.00000     0.5619   103.3839    219.589    216.812         18    34.9352    34.9338    27.7945    27.7933    1496.33    1496.33 0.0000e+00
      55044 109.887085   1909.000   1889.586     3.5614     3.5620   3.293567   3.293503     1.7011     1.7765    0.00032    0.00003     0.5601   103.3838    219.562    216.509         32    34.9354    34.9340    27.7947    27.7935    1496.31    1496.31 0.0000e+00
      55111 109.887123   1908.000   1888.601     3.5614     3.5619   3.293510   3.293441     1.7011     1.7767   -0.00012    0.00003     0.5543   103.3920    219.535    216.818         30    34.9352    34.9338    27.7945    27.7933    1496.30    1496.30 0.0000e+00
      55134 109.887131   1907.000   1887.616     3.5609     3.5614   3.293466   3.293371     1.7011     1.7770    0.00010   -0.00004     0.5605   103.3884    219.665    216.883         16    34.9356    34.9340    27.7949    27.7935    1496.28    1496.28 0.0000e+00
      55147 109.887138   1906.000   1886.630     3.5608     3.5613   3.293399   3.293329     1.7013     1.7774    0.00004   -0.00002     0.5654   103.3881    220.003    216.796         13    34.9355    34.9341    27.7948    27.7936    1496.26    1496.26 0.0000e+00
      55159 109.887146   1905.000   1885.645     3.5615     3.5617   3.293424   3.293322     1.7023     1.7770   -0.00006    0.00000     0.5570   103.3846    219.987    216.566         11    34.9355    34.9341    27.7947    27.7936    1496.25    1496.24 0.0000e+00
      55170 109.887146   1904.000   1884.659     3.5610     3.5616   3.293309   3.293244     1.7023     1.7776    0.00008    0.00000     0.5547   103.3884    219.757    216.572         12    34.9351    34.9337    27.7944    27.7933    1496.23    1496.23 0.0000e+00
      55182 109.887154   1903.000   1883.674     3.5611     3.5619   3.293283   3.293227     1.7023     1.7772    0.00032    0.00014     0.5655   103.3929    219.631    216.472         12    34.9353    34.9338    27.7945    27.7932    1496.21    1496.21 0.0000e+00
      55196 109.887161   1902.000   1882.689     3.5612     3.5617   3.293274   3.293196     1.7023     1.7771    0.00048    0.00035     0.5596   103.3857    219.601    216.556         16    34.9355    34.9340    27.7947    27.7934    1496.19    1496.19 0.0000e+00
      55238 109.887184   1901.000   1881.703     3.5614     3.5619   3.293232   3.293166     1.7024     1.7772    0.00013    0.00042     0.5593   103.3839    219.635    216.377         38    34.9352    34.9339    27.7944    27.7933    1496.18    1496.18 0.0000e+00
      55299 109.887215   1900.000   1880.718     3.5612     3.5624   3.293185   3.293170     1.7027     1.7774   -0.00007    0.00006     0.5591   103.3838    219.658    216.768         29    34.9354    34.9340    27.7946    27.7933    1496.16    1496.16 0.0000e+00
      55321 109.887222   1899.000   1879.732     3.5619     3.5632   3.293208   3.293192     1.7028     1.7776    0.00006    0.00004     0.5611   103.3838    219.644    216.662         18    34.9354    34.9339    27.7945    27.7932    1496.15    1496.15 0.0000e+00
      55337 109.887230   1898.000   1878.747     3.5648     3.5650   3.293418   3.293309     1.7027     1.7778   -0.00015    0.00002     0.5568   103.3838    219.572    216.747         15    34.9353    34.9338    27.7942    27.7930    1496.14    1496.14 0.0000e+00
      55350 109.887238   1897.000   1877.761     3.5654     3.5658   3.293426   3.293346     1.7029     1.7783    0.00001    0.00018     0.5577   103.3838    219.563    216.768         12    34.9353    34.9339    27.7941    27.7929    1496.13    1496.13 0.0000e+00
      55362 109.887245   1896.000   1876.776     3.5656     3.5660   3.293397   3.293324     1.7028     1.7781    0.00032    0.00004     0.5540   103.3838    219.606    216.678         12    34.9352    34.9339    27.7940    27.7929    1496.11    1496.11 0.0000e+00
      55374 109.887245   1895.000   1875.791     3.5656     3.5663   3.293352   3.293290     1.7030     1.7784    0.00044    0.00010     0.5538   103.3838    219.678    216.494         12    34.9352    34.9337    27.7939    27.7927    1496.09    1496.10 0.0000e+00
      55388 109.887253   1894.000   1874.805     3.5654     3.5663   3.293302   3.293261     1.7033     1.7783    0.00030    0.00005     0.5610   103.3838    219.713    216.344         15    34.9353    34.9338    27.7940    27.7928    1496.08    1496.08 0.0000e+00
      55406 109.887260   1893.000   1873.820     3.5650     3.5658   3.293240   3.293179     1.7034     1.7781    0.00030    0.00008     0.5581   103.3838    219.550    216.197         24    34.9354    34.9339    27.7942    27.7929    1496.06    1496.06 0.0000e+00
      55491 109.887306   1892.000   1872.834     3.5655     3.5665   3.293247   3.293207     1.7033     1.7784   -0.00034   -0.00007     0.5582   103.3838    219.404    216.368         25    34.9354    34.9339    27.7941    27.7928    1496.04    1496.05 0.0000e+00
      55516 109.887314   1891.000   1871.849     3.5657     3.5669   3.293222   3.293191     1.7033     1.7786   -0.00004   -0.00009     0.5545   103.3838    219.485    216.331         15    34.9354    34.9338    27.7941    27.7927    1496.03    1496.03 0.0000e+00
      55530 109.887321   1890.000   1870.863     3.5672     3.5681   3.293312   3.293270     1.7034     1.7782    0.00045    0.00017     0.5582   103.3838    219.550    216.518         14    34.9353    34.9339    27.7939    27.7926    1496.02    1496.02 0.0000e+00
      55544 109.887329   1889.000   1869.878     3.5679     3.5684   3.293313   3.293249     1.7036     1.7785    0.00062    0.00008     0.5520   103.3838    219.546    216.704         13    34.9351    34.9339    27.7936    27.7926    1496.00    1496.00 0.0000e+00
      55558 109.887337   1888.000   1868.892     3.5680     3.5686   3.293285   3.293222     1.7037     1.7792    0.00010   -0.00004     0.5534   103.3838    219.459    216.783         15    34.9352    34.9338    27.7936    27.7925    1495.99    1495.99 0.0000e+00
      55573 109.887344   1887.000   1867.907     3.5679     3.5684   3.293226   3.293178     1.7037     1.7791    0.00005   -0.00004     0.5625   103.3838    219.379    216.389         16    34.9350    34.9340    27.7935    27.7927    1495.97    1495.97 0.0000e+00
      55593 109.887352   1886.000   1866.921     3.5678     3.5681   3.293184   3.293113     1.7037     1.7791    0.00006    0.00013     0.5618   103.3838    219.351    216.525         24    34.9351    34.9340    27.7936    27.7927    1495.95    1495.95 0.0000e+00
      55624 109.887367   1885.000   1865.936     3.5677     3.5683   3.293128   3.293071     1.7037     1.7793    0.00042    0.00009     0.5624   103.3838    219.406    216.428         37    34.9351    34.9338    27.7936    27.7925    1495.94    1495.94 0.0000e+00
      55657 109.887383   1884.000   1864.950     3.5675     3.5681   3.293074   3.293021     1.7045     1.7798    0.00011    0.00007     0.5598   103.3838    219.974    216.593         27    34.9352    34.9339    27.7937    27.7926    1495.92    1495.92 0.0000e+00
      55680 109.887398   1883.000   1863.965     3.5679     3.5693   3.293080   3.293073     1.7049     1.7796    0.00013    0.00018     0.5622   103.3838    219.525    216.267         22    34.9352    34.9337    27.7937    27.7923    1495.90    1495.91 0.0000e+00
      55702 109.887405   1882.000   1862.979     3.5704     3.5716   3.293250   3.293239     1.7049     1.7796    0.00012    0.00030     0.5601   103.3877    219.458    216.282         21    34.9351    34.9337    27.7933    27.7920    1495.90    1495.90 0.0000e+00
      55725 109.887421   1881.000   1861.994     3.5724     3.5721   3.293367   3.293236     1.7049     1.7796    0.00012    0.00042     0.5605   103.3909    219.419    216.272         27    34.9349    34.9337    27.7930    27.7920    1495.89    1495.89 0.0000e+00
      55775 109.887444   1880.000   1861.008     3.5718     3.5718   3.293302   3.293193     1.7049     1.7796    0.00011    0.00012     0.5627   103.3912    219.395    216.346         37    34.9352    34.9339    27.7932    27.7922    1495.87    1495.87 0.0000e+00
      55819 109.887459   1879.000   1860.023     3.5729     3.5741   3.293370   3.293334     1.7049     1.7800   -0.00001   -0.00000     0.5550   103.3833    219.361    216.854         17    34.9354    34.9336    27.7933    27.7918    1495.86    1495.86 0.0000e+00
      55831 109.887466   1878.000   1859.037     3.5747     3.5756   3.293477   3.293449     1.7049     1.7805    0.00000    0.00000     0.5642   103.3838    219.322    216.808         13    34.9352    34.9339    27.7929    27.7918    1495.85    1495.85 0.0000e+00
      55843 109.887474   1877.000   1858.052     3.5783     3.5781   3.293735   3.293614     1.7049     1.7809    0.00001    0.00000     0.5560   103.3838    219.272    216.752         10    34.9349    34.9337    27.7923    27.7914    1495.85    1495.84 0.0000e+00
      55853 109.887482   1876.000   1857.066     3.5819     3.5810   3.294015   3.293839     1.7049     1.7807   -0.00002    0.00000     0.5565   103.3838    219.223    216.472         11    34.9350    34.9338    27.7920    27.7912    1495.84    1495.84 0.0000e+00
      55863 109.887482   1875.000   1856.080     3.5822     3.5829   3.294010   3.293943     1.7049     1.7813    0.00016    0.00000     0.5568   103.3838    219.192    216.624         10    34.9350    34.9336    27.7920    27.7908    1495.83    1495.83 0.0000e+00
      55874 109.887489   1874.000   1855.095     3.5834     3.5839   3.294088   3.293994     1.7050     1.7811    0.00026    0.00000     0.5596   103.3838    219.157    216.353         12    34.9352    34.9335    27.7920    27.7907    1495.82    1495.82 0.0000e+00
      55888 109.887497   1873.000   1854.109     3.5835     3.5818   3.294048   3.293792     1.7050     1.7811    0.00067    0.00000     0.5566   103.3838    219.128    216.344         16    34.9351    34.9338    27.7919    27.7911    1495.80    1495.79 0.0000e+00
      55928 109.887512   1872.000   1853.124     3.5811     3.5826   3.293809   3.293827     1.7050     1.7811    0.00036    0.00003     0.5566   103.3838    219.176    216.215         31    34.9353    34.9339    27.7923    27.7911    1495.77    1495.78 0.0000e+00
      55989 109.887543   1871.000   1852.138     3.5823     3.5845   3.293864   3.293952     1.7053     1.7808   -0.00014    0.00001     0.5567   103.3838    219.400    216.339         17    34.9351    34.9338    27.7921    27.7908    1495.76    1495.77 0.0000e+00
      56003 109.887550   1870.000   1851.153     3.5821     3.5838   3.293815   3.293853     1.7056     1.7809   -0.00045   -0.00009     0.5563   103.3838    219.475    216.353         14    34.9353    34.9339    27.7922    27.7910    1495.75    1495.75 0.0000e+00
      56017 109.887558   1869.000   1850.167     3.5834     3.5845   3.293888   3.293846     1.7061     1.7812   -0.00021    0.00007     0.5653   103.3838    219.415    216.207         16    34.9352    34.9336    27.7920    27.7906    1495.73    1495.74 0.0000e+00
      56035 109.887566   1868.000   1849.182     3.5852     3.5858   3.294004   3.293937     1.7062     1.7812    0.00009    0.00013     0.5530   103.3838    219.285    216.035         21    34.9352    34.9337    27.7918    27.7906    1495.72    1495.73 0.0000e+00
      56074 109.887589   1867.000   1848.196     3.5845     3.5851   3.293877   3.293831     1.7062     1.7811    0.00017    0.00040     0.5548   103.3838    219.202    216.065         43    34.9349    34.9337    27.7916    27.7906    1495.70    1495.71 0.0000e+00
      56109 109.887604   1866.000   1847.210     3.5845     3.5853   3.293865   3.293813     1.7062     1.7812   -0.00009    0.00013     0.5550   103.3838    219.161    216.270         21    34.9352    34.9338    27.7919    27.7906    1495.69    1495.69 0.0000e+00
      56127 109.887611   1865.000   1846.225     3.5851     3.5858   3.293868   3.293809     1.7062     1.7817   -0.00013    0.00007     0.5570   103.3838    219.131    216.176         16    34.9351    34.9337    27.7917    27.7905    1495.67    1495.68 0.0000e+00
      56143 109.887619   1864.000   1845.239     3.5856     3.5865   3.293870   3.293821     1.7062     1.7813   -0.00001    0.00005     0.5582   103.3838    219.178    215.725         16    34.9351    34.9336    27.7917    27.7904    1495.66    1495.66 0.0000e+00
