data/CTD/fr24/fr24003.cnv
* Sea-Bird SBE 9 Data File:
* FileName = C:\SEASOFT\PIRATA-FR24\data\fr24003.hex
* Software Version Seasave V 7.23.1
* Temperature SN = 2042
* Conductivity SN = 1548
* Number of Bytes Per Scan = 35
* Number of Voltage Words = 2
* Number of Scans Averaged by the Deck Unit = 1
* NMEA Latitude = 03 26.36 S
* NMEA Longitude = 018 31.34 W
* NMEA UTC (Time) = Apr 16 2014 07:12:27
** Cruise: PIRATA-FR24
** Ship: LE SUROIT
** Station: 3
** Bottom Depth: 4578
** Operator: ET/YP
** Comments:
# nquan = 24                                
# nvalues = 8513                        
# units = specified
# name 0 = scan: Scan Count
# name 1 = timeJ: Julian Days
# name 2 = prDM: Pressure, Digiquartz [db]
# name 3 = depSM: Depth [salt water, m]
# name 4 = t090C: Temperature [ITS-90, deg C]
# name 5 = t190C: Temperature, 2 [ITS-90, deg C]
# name 6 = c0S/m: Conductivity [S/m]
# name 7 = c1S/m: Conductivity, 2 [S/m]
# name 8 = sbeox0V: Oxygen raw, SBE 43 [V]
# name 9 = sbeox1V: Oxygen raw, SBE 43, 2 [V]
# name 10 = sbeox1dOV/dT: Oxygen, SBE 43, 2 [dov/dt]
# name 11 = sbeox0dOV/dT: Oxygen, SBE 43 [dov/dt]
# name 12 = flECO-AFL: Fluorescence, WET Labs ECO-AFL/FL [mg/m^3]
# name 13 = CStarTr0: Beam Transmission, WET Labs C-Star [%]
# name 14 = sbeox0Mm/Kg: Oxygen, SBE 43 [umol/kg], WS = 2
# name 15 = sbeox1Mm/Kg: Oxygen, SBE 43, 2 [umol/kg], WS = 2
# name 16 = nbin: number of scans per bin
# name 17 = sal00: Salinity, Practical [PSU]
# name 18 = sal11: Salinity, Practical, 2 [PSU]
# name 19 = sigma-é00: Density [sigma-theta, kg/m^3]
# name 20 = sigma-é11: Density, 2 [sigma-theta, kg/m^3]
# name 21 = svCM: Sound Velocity [Chen-Millero, m/s]
# name 22 = svCM1: Sound Velocity, 2 [Chen-Millero, m/s]
# name 23 = flag: flag
# span 0 =       1531,     324522       
# span 1 = 106.301041, 106.456802       
# span 2 =      2.000,   4258.000       
# span 3 =      1.989,   4192.542       
# span 4 =     1.3425,    28.7902       
# span 5 =     1.3425,    28.7905       
# span 6 =   3.173591,   5.861740       
# span 7 =   3.173405,   5.861920       
# span 8 =     0.9747,     2.7949       
# span 9 =     1.0435,     2.9309       
# span 10 =   -0.11428,    0.05563      
# span 11 =   -0.10382,    0.05420      
# span 12 =     0.5121,     2.2839      
# span 13 =    87.0481,   103.2678      
# span 14 =     58.508,    242.835      
# span 15 =     57.907,    240.922      
# span 16 =          6,         71      
# span 17 =    34.4844,    36.1126      
# span 18 =    34.4839,    36.1213      
# span 19 =    22.9290,    27.8897      
# span 20 =    22.9303,    27.8879      
# span 21 =    1481.35,    1544.72      
# span 22 =    1481.35,    1544.71      
# span 23 = 0.0000e+00, 0.0000e+00      
# interval = decibars: 1                
# start_time = Apr 16 2014 07:12:26 [System UTC, first data scan.]
# bad_flag = -9.990e-29
*END*
[from data line 4046]
     171198 106.382858   4048.000   3987.663     1.8801     1.8801   3.218177   3.217997     1.4197     1.4946   -0.00032   -0.00014     0.5437   103.2018    230.892    228.685         18    34.8462    34.8440    27.8835    27.8818    1525.43    1525.43 0.0000e+00
     171215 106.382866   4049.000   3988.639     1.8786     1.8785   3.218043   3.217865     1.4194     1.4945   -0.00039   -0.00021     0.5437   103.2168    230.265    228.367         16    34.8457    34.8437    27.8833    27.8816    1525.44    1525.44 0.0000e+00
     171230 106.382874   4050.000   3989.615     1.8761     1.8758   3.217886   3.217675     1.4187     1.4939   -0.00073   -0.00049     0.5437   103.2016    230.028    227.485         15    34.8460    34.8438    27.8837    27.8819    1525.45    1525.45 0.0000e+00
     171244 106.382881   4051.000   3990.591     1.8730     1.8729   3.217581   3.217393     1.4184     1.4936   -0.00039   -0.00045     0.5437   103.1901    229.980    227.265         14    34.8451    34.8430    27.8832    27.8815    1525.45    1525.45 0.0000e+00
     171259 106.382889   4052.000   3991.567     1.8719     1.8719   3.217502   3.217336     1.4177     1.4927   -0.00009   -0.00016     0.5437   103.1935    229.855    227.019         15    34.8450    34.8429    27.8832    27.8815    1525.47    1525.46 0.0000e+00
     171275 106.382896   4053.000   3992.543     1.8703     1.8703   3.217404   3.217212     1.4173     1.4923   -0.00042   -0.00046     0.5437   103.1932    230.387    228.071         17    34.8450    34.8427    27.8833    27.8815    1525.48    1525.47 0.0000e+00
     171295 106.382904   4054.000   3993.520     1.8685     1.8685   3.217243   3.217057     1.4173     1.4919   -0.00063   -0.00077     0.5437   103.1932    230.745    227.546         25    34.8446    34.8423    27.8832    27.8813    1525.48    1525.48 0.0000e+00
     171329 106.382927   4055.000   3994.495     1.8629     1.8627   3.216784   3.216553     1.4166     1.4912   -0.00078   -0.00071     0.5437   103.1970    229.942    227.923         42    34.8445    34.8419    27.8835    27.8814    1525.48    1525.47 0.0000e+00
     171375 106.382950   4056.000   3995.471     1.8591     1.8593   3.216414   3.216242     1.4158     1.4903   -0.00055   -0.00040     0.5437   103.2020    230.220    227.670         52    34.8437    34.8414    27.8831    27.8812    1525.48    1525.48 0.0000e+00
     171426 106.382973   4057.000   3996.448     1.8582     1.8584   3.216348   3.216182     1.4149     1.4895   -0.00047   -0.00035     0.5437   103.2042    230.038    227.717         41    34.8433    34.8412    27.8829    27.8812    1525.49    1525.49 0.0000e+00
     171457 106.382988   4058.000   3997.424     1.8576     1.8575   3.216347   3.216164     1.4145     1.4892   -0.00028   -0.00040     0.5437   103.2018    229.425    227.036         25    34.8436    34.8415    27.8831    27.8814    1525.51    1525.50 0.0000e+00
     171479 106.382996   4059.000   3998.400     1.8560     1.8559   3.216250   3.216067     1.4135     1.4884   -0.00044   -0.00052     0.5437   103.1989    229.392    227.833         20    34.8436    34.8415    27.8833    27.8816    1525.52    1525.51 0.0000e+00
     171499 106.383003   4060.000   3999.375     1.8538     1.8537   3.216048   3.215874     1.4135     1.4885   -0.00031   -0.00025     0.5437   103.2015    230.039    227.372         21    34.8431    34.8411    27.8830    27.8815    1525.52    1525.52 0.0000e+00
     171520 106.383018   4061.000   4000.352     1.8497     1.8497   3.215694   3.215520     1.4132     1.4880   -0.00046   -0.00049     0.5437   103.1954    229.280    226.953         20    34.8427    34.8407    27.8831    27.8814    1525.52    1525.52 0.0000e+00
     171540 106.383026   4062.000   4001.328     1.8483     1.8483   3.215583   3.215419     1.4124     1.4873   -0.00046   -0.00082     0.5437   103.2050    229.261    226.804         20    34.8425    34.8405    27.8829    27.8814    1525.53    1525.53 0.0000e+00
     171558 106.383034   4063.000   4002.304     1.8434     1.8436   3.215153   3.215009     1.4123     1.4870   -0.00021   -0.00032     0.5437   103.1968    229.840    227.573         17    34.8420    34.8400    27.8830    27.8813    1525.53    1525.53 0.0000e+00
     171575 106.383041   4064.000   4003.280     1.8442     1.8445   3.215281   3.215116     1.4122     1.4871   -0.00048   -0.00017     0.5437   103.1934    229.270    227.192         16    34.8423    34.8400    27.8831    27.8813    1525.55    1525.55 0.0000e+00
     171590 106.383049   4065.000   4004.256     1.8418     1.8410   3.215062   3.214805     1.4115     1.4865   -0.00065   -0.00067     0.5437   103.1950    228.757    226.480         16    34.8418    34.8395    27.8829    27.8811    1525.56    1525.55 0.0000e+00
     171606 106.383057   4066.000   4005.231     1.8381     1.8374   3.214747   3.214500     1.4110     1.4859   -0.00062   -0.00070     0.5437   103.1901    229.291    226.999         16    34.8414    34.8392    27.8828    27.8811    1525.56    1525.55 0.0000e+00
     171623 106.383064   4067.000   4006.208     1.8363     1.8363   3.214614   3.214428     1.4110     1.4859   -0.00034   -0.00024     0.5437   103.1899    229.466    226.903         18    34.8413    34.8391    27.8829    27.8811    1525.57    1525.56 0.0000e+00
     171644 106.383080   4068.000   4007.184     1.8363     1.8364   3.214648   3.214476     1.4105     1.4853   -0.00039   -0.00052     0.5437   103.1899    229.467    227.151         25    34.8413    34.8391    27.8829    27.8812    1525.58    1525.58 0.0000e+00
     171683 106.383095   4069.000   4008.159     1.8376     1.8366   3.214799   3.214510     1.4103     1.4850   -0.00054   -0.00048     0.5437   103.1909    229.442    227.122         51    34.8413    34.8389    27.8828    27.8810    1525.61    1525.60 0.0000e+00
     171744 106.383125   4070.000   4009.135     1.8361     1.8361   3.214679   3.214497     1.4095     1.4844   -0.00025   -0.00017     0.5437   103.1957    229.011    227.069         43    34.8410    34.8389    27.8827    27.8810    1525.62    1525.61 0.0000e+00
     171777 106.383141   4071.000   4010.111     1.8337     1.8332   3.214471   3.214261     1.4087     1.4840   -0.00022   -0.00032     0.5437   103.2028    228.852    226.947         30    34.8407    34.8386    27.8826    27.8810    1525.62    1525.62 0.0000e+00
     171806 106.383156   4072.000   4011.087     1.8245     1.8242   3.213643   3.213450     1.4083     1.4833   -0.00017   -0.00035     0.5437   103.2031    228.822    227.197         26    34.8399    34.8378    27.8827    27.8810    1525.60    1525.60 0.0000e+00
     171830 106.383163   4073.000   4012.063     1.8209     1.8209   3.213342   3.213173     1.4077     1.4833   -0.00034   -0.00054     0.5437   103.1985    228.391    225.970         22    34.8396    34.8376    27.8827    27.8811    1525.60    1525.60 0.0000e+00
     171849 106.383179   4074.000   4013.039     1.8203     1.8203   3.213298   3.213128     1.4072     1.4826   -0.00044   -0.00043     0.5437   103.1899    228.911    226.219         17    34.8394    34.8373    27.8825    27.8808    1525.62    1525.61 0.0000e+00
     171866 106.383186   4075.000   4014.015     1.8194     1.8195   3.213257   3.213102     1.4072     1.4823   -0.00010   -0.00034     0.5437   103.1965    229.305    226.873         17    34.8393    34.8374    27.8826    27.8810    1525.63    1525.63 0.0000e+00
     171883 106.383194   4076.000   4014.991     1.8183     1.8188   3.213186   3.213046     1.4072     1.4822   -0.00018   -0.00055     0.5437   103.1884    229.284    226.878         18    34.8392    34.8371    27.8826    27.8808    1525.64    1525.64 0.0000e+00
     171902 106.383202   4077.000   4015.967     1.8167     1.8170   3.213072   3.212908     1.4072     1.4820   -0.00080   -0.00066     0.5437   103.1899    229.149    226.905         20    34.8391    34.8369    27.8826    27.8808    1525.65    1525.65 0.0000e+00
     171924 106.383209   4078.000   4016.943     1.8150     1.8151   3.212924   3.212763     1.4070     1.4818   -0.00048   -0.00018     0.5437   103.1899    228.429    225.969         23    34.8387    34.8367    27.8824    27.8808    1525.66    1525.66 0.0000e+00
     171949 106.383224   4079.000   4017.919     1.8110     1.8107   3.212573   3.212379     1.4060     1.4809   -0.00022   -0.00001     0.5437   103.1899    228.519    226.265         26    34.8383    34.8362    27.8824    27.8807    1525.66    1525.66 0.0000e+00
     171973 106.383232   4080.000   4018.895     1.8035     1.8032   3.211873   3.211688     1.4060     1.4807   -0.00022   -0.00013     0.5437   103.1899    228.766    226.035         22    34.8373    34.8354    27.8822    27.8806    1525.64    1525.64 0.0000e+00
     171994 106.383247   4081.000   4019.871     1.7981     1.7979   3.211415   3.211220     1.4054     1.4799   -0.00066   -0.00061     0.5437   103.1899    228.462    225.856         20    34.8370    34.8349    27.8823    27.8806    1525.64    1525.63 0.0000e+00
     172013 106.383255   4082.000   4020.847     1.7944     1.7943   3.211064   3.210883     1.4052     1.4796   -0.00061   -0.00065     0.5437   103.1899    228.747    226.031         20    34.8363    34.8342    27.8820    27.8803    1525.64    1525.63 0.0000e+00
     172035 106.383263   4083.000   4021.823     1.7920     1.7919   3.210881   3.210709     1.4049     1.4791   -0.00038   -0.00023     0.5437   103.1899    228.754    226.087         24    34.8362    34.8341    27.8821    27.8804    1525.64    1525.64 0.0000e+00
     172063 106.383278   4084.000   4022.799     1.7916     1.7917   3.210874   3.210706     1.4044     1.4787   -0.00060   -0.00044     0.5437   103.1899    228.106    225.999         33    34.8361    34.8339    27.8820    27.8803    1525.66    1525.66 0.0000e+00
     172121 106.383308   4085.000   4023.774     1.7935     1.7917   3.211080   3.210725     1.4031     1.4777   -0.00055   -0.00051     0.5437   103.1975    228.060    226.297         39    34.8362    34.8338    27.8820    27.8802    1525.69    1525.67 0.0000e+00
     172172 106.383331   4086.000   4024.750     1.7905     1.7904   3.210850   3.210678     1.4023     1.4773   -0.00003   -0.00030     0.5437   103.1964    228.062    225.946         24    34.8361    34.8341    27.8821    27.8805    1525.69    1525.69 0.0000e+00
     172191 106.383339   4087.000   4025.726     1.7895     1.7896   3.210783   3.210621     1.4021     1.4771   -0.00050   -0.00039     0.5437   103.1954    228.110    225.669         17    34.8360    34.8339    27.8821    27.8804    1525.70    1525.70 0.0000e+00
     172208 106.383347   4088.000   4026.702     1.7876     1.7880   3.210634   3.210514     1.4018     1.4766   -0.00044   -0.00054     0.5437   103.1899    228.091    225.790         16    34.8358    34.8338    27.8821    27.8805    1525.71    1525.71 0.0000e+00
     172224 106.383354   4089.000   4027.678     1.7861     1.7864   3.210503   3.210362     1.4017     1.4765   -0.00009   -0.00043     0.5437   103.1899    227.911    225.153         16    34.8353    34.8333    27.8818    27.8802    1525.72    1525.72 0.0000e+00
     172241 106.383362   4090.000   4028.654     1.7851     1.7851   3.210443   3.210280     1.4013     1.4759   -0.00028   -0.00035     0.5437   103.1899    227.918    225.188         18    34.8352    34.8332    27.8818    27.8802    1525.73    1525.73 0.0000e+00
     172259 106.383369   4091.000   4029.630     1.7841     1.7839   3.210403   3.210226     1.4012     1.4757   -0.00048   -0.00028     0.5437   103.1899    228.056    225.576         19    34.8354    34.8334    27.8820    27.8805    1525.75    1525.74 0.0000e+00
     172278 106.383385   4092.000   4030.606     1.7839     1.7839   3.210430   3.210249     1.4010     1.4751   -0.00033   -0.00029     0.5437   103.1899    227.838    225.790         20    34.8355    34.8333    27.8821    27.8804    1525.76    1525.76 0.0000e+00
     172299 106.383392   4093.000   4031.582     1.7817     1.7815   3.210231   3.210039     1.4005     1.4753   -0.00070   -0.00038     0.5437   103.1899    227.747    225.984         21    34.8350    34.8329    27.8819    27.8802    1525.77    1525.77 0.0000e+00
     172321 106.383400   4094.000   4032.557     1.7797     1.7796   3.210082   3.209910     1.4002     1.4748   -0.00042   -0.00035     0.5437   103.1899    227.944    225.282         22    34.8349    34.8329    27.8820    27.8804    1525.78    1525.78 0.0000e+00
     172343 106.383415   4095.000   4033.533     1.7795     1.7798   3.210089   3.209948     1.4000     1.4745   -0.00038   -0.00033     0.5437   103.1899    227.862    225.679         22    34.8347    34.8327    27.8819    27.8802    1525.80    1525.79 0.0000e+00
     172367 106.383423   4096.000   4034.509     1.7784     1.7785   3.210025   3.209847     1.3997     1.4743   -0.00015   -0.00039     0.5437   103.1899    227.992    225.551         29    34.8347    34.8325    27.8820    27.8801    1525.81    1525.81 0.0000e+00
     172403 106.383446   4097.000   4035.485     1.7779     1.7779   3.209988   3.209810     1.3992     1.4738   -0.00036   -0.00028     0.5437   103.1899    227.371    225.795         43    34.8344    34.8322    27.8817    27.8800    1525.82    1525.82 0.0000e+00
     172442 106.383461   4098.000   4036.461     1.7770     1.7771   3.209947   3.209773     1.3986     1.4738   -0.00031   -0.00018     0.5437   103.1899    227.784    225.681         32    34.8344    34.8322    27.8818    27.8800    1525.84    1525.83 0.0000e+00
     172474 106.383476   4099.000   4037.437     1.7767     1.7768   3.209939   3.209765     1.3985     1.4733   -0.00013   -0.00059     0.5437   103.1899    227.603    225.568         34    34.8342    34.8320    27.8817    27.8799    1525.85    1525.85 0.0000e+00
     172509 106.383492   4100.000   4038.413     1.7763     1.7764   3.209945   3.209767     1.3975     1.4730   -0.00016   -0.00018     0.5437   103.1899    227.014    225.399         32    34.8343    34.8321    27.8818    27.8800    1525.87    1525.87 0.0000e+00
     172536 106.383507   4101.000   4039.388     1.7761     1.7760   3.209970   3.209797     1.3974     1.4727   -0.00027   -0.00007     0.5437   103.1899    227.657    225.453         23    34.8344    34.8324    27.8819    27.8803    1525.88    1525.88 0.0000e+00
     172556 106.383514   4102.000   4040.364     1.7754     1.7754   3.209941   3.209766     1.3972     1.4723   -0.00023   -0.00053     0.5437   103.1899    227.717    225.257         18    34.8343    34.8323    27.8819    27.8803    1525.90    1525.90 0.0000e+00
     172573 106.383522   4103.000   4041.340     1.7753     1.7750   3.209968   3.209773     1.3973     1.4723   -0.00031   -0.00072     0.5437   103.1899    227.821    225.342         17    34.8344    34.8323    27.8820    27.8803    1525.92    1525.91 0.0000e+00
     172590 106.383530   4104.000   4042.316     1.7752     1.7751   3.209972   3.209782     1.3973     1.4720   -0.00027   -0.00026     0.5437   103.1899    227.852    225.381         17    34.8341    34.8319    27.8818    27.8800    1525.93    1525.93 0.0000e+00
     172608 106.383545   4105.000   4043.292     1.7751     1.7754   3.210035   3.209861     1.3973     1.4719   -0.00026   -0.00009     0.5437   103.1899    227.883    226.138         19    34.8345    34.8322    27.8821    27.8802    1525.95    1525.95 0.0000e+00
     172628 106.383553   4106.000   4044.268     1.7752     1.7752   3.210047   3.209883     1.3973     1.4722   -0.00034   -0.00004     0.5437   103.1899    227.659    224.910         22    34.8342    34.8322    27.8819    27.8802    1525.97    1525.96 0.0000e+00
