data/CTD/fr24/fr24002.cnv
* Sea-Bird SBE 9 Data File:
* FileName = C:\SEASOFT\PIRATA-FR24\data\fr24002.hex
* Software Version Seasave V 7.23.1
* Temperature SN = 2042
* Conductivity SN = 1548
* Number of Bytes Per Scan = 35
* Number of Voltage Words = 2
* Number of Scans Averaged by the Deck Unit = 1
* NMEA Latitude = 00 00.15 N
* NMEA Longitude = 022 57.82 W
* NMEA UTC (Time) = Apr 14 2014 19:35:32
** Cruise: PIRATA-FR24
** Ship: LE SUROIT
** Station: 2
** Bottom Depth: 3914
** Operator: ET/YP
** Comments:
# nquan = 24                                
# nvalues = 4039                        
# units = specified
# name 0 = scan: Scan Count
# name 1 = timeJ: Julian Days
# name 2 = prDM: Pressure, Digiquartz [db]
# name 3 = depSM: Depth [salt water, m]
# name 4 = t090C: Temperature [ITS-90, deg C]
# name 5 = t190C: Temperature, 2 [ITS-90, deg C]
# name 6 = c0S/m: Conductivity [S/m]
# name 7 = c1S/m: Conductivity, 2 [S/m]
# name 8 = sbeox0V: Oxygen raw, SBE 43 [V]
# name 9 = sbeox1V: Oxygen raw, SBE 43, 2 [V]
# name 10 = sbeox1dOV/dT: Oxygen, SBE 43, 2 [dov/dt]
# name 11 = sbeox0dOV/dT: Oxygen, SBE 43 [dov/dt]
# name 12 = flECO-AFL: Fluorescence, WET Labs ECO-AFL/FL [mg/m^3]
# name 13 = CStarTr0: Beam Transmission, WET Labs C-Star [%]
# name 14 = sbeox0Mm/Kg: Oxygen, SBE 43 [umol/kg], WS = 2
# name 15 = sbeox1Mm/Kg: Oxygen, SBE 43, 2 [umol/kg], WS = 2
# name 16 = nbin: number of scans per bin
# name 17 = sal00: Salinity, Practical [PSU]
# name 18 = sal11: Salinity, Practical, 2 [PSU]
# name 19 = sigma-é00: Density [sigma-theta, kg/m^3]
# name 20 = sigma-é11: Density, 2 [sigma-theta, kg/m^3]
# name 21 = svCM: Sound Velocity [Chen-Millero, m/s]
# name 22 = svCM1: Sound Velocity, 2 [Chen-Millero, m/s]
# name 23 = flag: flag
# span 0 =       1046,     151804       
# span 1 = 104.816833, 104.889542       
# span 2 =      2.000,   2021.000       
# span 3 =      1.989,   2000.234       
# span 4 =     3.5128,    29.1231       
# span 5 =     3.5132,    29.1227       
# span 6 =   3.296161,   5.836462       
# span 7 =   3.296106,   5.837329       
# span 8 =     1.1847,     2.8033       
# span 9 =     1.2636,     2.9346       
# span 10 =   -0.03087,    0.02624      
# span 11 =   -0.03064,    0.02126      
# span 12 =     0.5124,     2.0266      
# span 13 =    89.7197,   103.1943      
# span 14 =     83.993,    236.897      
# span 15 =     83.932,    235.513      
# span 16 =         14,         70      
# span 17 =    34.4885,    36.5930      
# span 18 =    34.4879,    36.5954      
# span 19 =    22.5100,    27.8244      
# span 20 =    22.5150,    27.8232      
# span 21 =    1481.78,    1544.48      
# span 22 =    1481.77,    1544.48      
# span 23 = 0.0000e+00, 0.0000e+00      
# interval = decibars: 1                
# start_time = Apr 14 2014 19:35:31 [System UTC, first data scan.]
# bad_flag = -9.990e-29
*END*
[from data line 2536]
      73602 104.851822   1504.000   1490.359     4.1976     4.1985   3.337131   3.337105     1.8092     1.8973   -0.00060   -0.00060     0.5148   103.1899    223.503    222.193         19    34.9749    34.9737    27.7584    27.7574    1492.25    1492.25 0.0000e+00
      73622 104.851837   1503.000   1489.372     4.1987     4.1996   3.337160   3.337149     1.8090     1.8970   -0.00034   -0.00055     0.5213   103.1899    223.313    221.920         21    34.9747    34.9736    27.7581    27.7571    1492.24    1492.24 0.0000e+00
      73644 104.851845   1502.000   1488.384     4.1994     4.2000   3.337183   3.337147     1.8084     1.8965   -0.00037   -0.00075     0.5174   103.1899    223.160    221.777         24    34.9747    34.9736    27.7580    27.7571    1492.22    1492.22 0.0000e+00
      73670 104.851860   1501.000   1487.397     4.2000     4.2007   3.337183   3.337151     1.8079     1.8957   -0.00028   -0.00030     0.5176   103.1899    223.201    221.677         27    34.9745    34.9734    27.7578    27.7569    1492.21    1492.21 0.0000e+00
      73696 104.851868   1500.000   1486.410     4.2010     4.2019   3.337230   3.337209     1.8079     1.8954   -0.00055   -0.00049     0.5144   103.1899    223.196    221.872         24    34.9745    34.9733    27.7577    27.7566    1492.20    1492.20 0.0000e+00
      73719 104.851883   1499.000   1485.422     4.2057     4.2072   3.337573   3.337600     1.8077     1.8953   -0.00062   -0.00050     0.5131   103.1899    222.976    221.637         22    34.9741    34.9729    27.7568    27.7557    1492.20    1492.20 0.0000e+00
      73740 104.851891   1498.000   1484.435     4.2116     4.2136   3.338070   3.338134     1.8072     1.8951   -0.00055   -0.00024     0.5131   103.1899    222.734    221.770         22    34.9742    34.9728    27.7563    27.7550    1492.21    1492.21 0.0000e+00
      73762 104.851906   1497.000   1483.447     4.2283     4.2314   3.339550   3.339694     1.8068     1.8952   -0.00007   -0.00010     0.5131   103.1899    222.334    221.304         21    34.9745    34.9729    27.7548    27.7532    1492.26    1492.27 0.0000e+00
      73782 104.851913   1496.000   1482.460     4.2580     4.2643   3.342001   3.342408     1.8055     1.8942   -0.00029   -0.00028     0.5131   103.1899    221.757    220.279         20    34.9725    34.9706    27.7500    27.7479    1492.36    1492.39 0.0000e+00
      73803 104.851921   1495.000   1481.472     4.2667     4.2693   3.342649   3.342781     1.8045     1.8929   -0.00020   -0.00047     0.5131   103.1899    221.273    219.593         21    34.9714    34.9703    27.7483    27.7471    1492.38    1492.39 0.0000e+00
      73825 104.851936   1494.000   1480.485     4.2673     4.2694   3.342680   3.342751     1.8026     1.8906   -0.00009   -0.00080     0.5131   103.1899    220.720    218.646         22    34.9716    34.9703    27.7484    27.7471    1492.37    1492.37 0.0000e+00
      73846 104.851944   1493.000   1479.498     4.2701     4.2719   3.342862   3.342917     1.8008     1.8882   -0.00103   -0.00113     0.5131   103.1899    220.449    218.276         21    34.9713    34.9700    27.7478    27.7466    1492.36    1492.37 0.0000e+00
      73867 104.851952   1492.000   1478.510     4.2734     4.2756   3.343079   3.343174     1.7992     1.8860   -0.00166   -0.00146     0.5131   103.1899    220.207    218.317         21    34.9709    34.9697    27.7471    27.7459    1492.36    1492.36 0.0000e+00
      73887 104.851959   1491.000   1477.523     4.2748     4.2762   3.343119   3.343150     1.7978     1.8846   -0.00257   -0.00202     0.5131   103.1899    219.849    218.122         20    34.9704    34.9692    27.7466    27.7455    1492.35    1492.35 0.0000e+00
      73909 104.851974   1490.000   1476.535     4.2767     4.2781   3.343253   3.343263     1.7959     1.8830   -0.00282   -0.00201     0.5131   103.1899    219.570    218.011         23    34.9704    34.9691    27.7464    27.7451    1492.34    1492.34 0.0000e+00
      73932 104.851982   1489.000   1475.548     4.2790     4.2799   3.343377   3.343350     1.7946     1.8816   -0.00211   -0.00175     0.5131   103.1899    219.358    217.639         23    34.9699    34.9687    27.7457    27.7446    1492.33    1492.33 0.0000e+00
      73954 104.851997   1488.000   1474.560     4.2803     4.2812   3.343444   3.343428     1.7931     1.8801   -0.00184   -0.00187     0.5131   103.1899    219.128    217.636         22    34.9699    34.9687    27.7455    27.7445    1492.32    1492.32 0.0000e+00
      73977 104.852005   1487.000   1473.573     4.2817     4.2828   3.343523   3.343529     1.7915     1.8789   -0.00157   -0.00178     0.5131   103.1899    218.824    217.487         24    34.9698    34.9688    27.7454    27.7444    1492.31    1492.31 0.0000e+00
      74004 104.852020   1486.000   1472.585     4.2841     4.2852   3.343684   3.343673     1.7902     1.8777   -0.00167   -0.00158     0.5131   103.1899    218.700    217.355         30    34.9697    34.9683    27.7449    27.7438    1492.30    1492.30 0.0000e+00
      74033 104.852036   1485.000   1471.598     4.2918     4.2927   3.344266   3.344252     1.7889     1.8767   -0.00119   -0.00145     0.5131   103.1899    218.390    217.269         25    34.9689    34.9677    27.7435    27.7425    1492.31    1492.32 0.0000e+00
      74054 104.852043   1484.000   1470.610     4.2953     4.2976   3.344544   3.344621     1.7879     1.8760   -0.00114   -0.00142     0.5131   103.1899    218.086    217.084         18    34.9689    34.9675    27.7431    27.7418    1492.31    1492.32 0.0000e+00
      74071 104.852051   1483.000   1469.623     4.3048     4.3085   3.345295   3.345526     1.7867     1.8757   -0.00109   -0.00119     0.5131   103.1899    217.725    216.780         17    34.9683    34.9671    27.7416    27.7403    1492.33    1492.35 0.0000e+00
      74087 104.852058   1482.000   1468.635     4.3127     4.3163   3.345878   3.346063     1.7857     1.8745   -0.00082   -0.00113     0.5131   103.1899    217.587    216.034         16    34.9673    34.9657    27.7400    27.7383    1492.35    1492.36 0.0000e+00
      74104 104.852066   1481.000   1467.648     4.3170     4.3183   3.346148   3.346160     1.7850     1.8732   -0.00076   -0.00114     0.5131   103.1899    217.311    215.430         18    34.9664    34.9651    27.7388    27.7377    1492.35    1492.35 0.0000e+00
      74123 104.852074   1480.000   1466.660     4.3183     4.3188   3.346209   3.346157     1.7836     1.8714   -0.00077   -0.00130     0.5131   103.1899    216.903    215.133         20    34.9662    34.9651    27.7385    27.7376    1492.34    1492.34 0.0000e+00
      74146 104.852089   1479.000   1465.673     4.3205     4.3209   3.346298   3.346257     1.7819     1.8692   -0.00114   -0.00142     0.5131   103.1899    216.532    214.776         26    34.9655    34.9646    27.7377    27.7369    1492.33    1492.33 0.0000e+00
      74174 104.852104   1478.000   1464.685     4.3221     4.3226   3.346380   3.346338     1.7798     1.8671   -0.00213   -0.00144     0.5131   103.1899    216.219    214.593         29    34.9652    34.9642    27.7373    27.7364    1492.32    1492.32 0.0000e+00
      74200 104.852112   1477.000   1463.698     4.3237     4.3246   3.346491   3.346479     1.7784     1.8654   -0.00217   -0.00172     0.5131   103.1899    216.060    214.476         23    34.9654    34.9642    27.7373    27.7363    1492.31    1492.31 0.0000e+00
      74221 104.852127   1476.000   1462.710     4.3242     4.3255   3.346474   3.346493     1.7770     1.8642   -0.00202   -0.00181     0.5131   103.1899    215.696    214.284         20    34.9651    34.9640    27.7370    27.7359    1492.29    1492.30 0.0000e+00
      74240 104.852135   1475.000   1461.723     4.3244     4.3257   3.346469   3.346474     1.7759     1.8631   -0.00177   -0.00175     0.5131   103.1899    215.822    214.553         18    34.9653    34.9640    27.7371    27.7360    1492.28    1492.28 0.0000e+00
      74259 104.852142   1474.000   1460.735     4.3252     4.3262   3.346480   3.346464     1.7756     1.8631   -0.00169   -0.00139     0.5131   103.1899    215.887    214.773         19    34.9650    34.9639    27.7368    27.7358    1492.26    1492.27 0.0000e+00
      74279 104.852150   1473.000   1459.747     4.3262     4.3270   3.346530   3.346491     1.7750     1.8625   -0.00146   -0.00144     0.5131   103.1899    215.668    214.571         21    34.9651    34.9639    27.7367    27.7357    1492.25    1492.25 0.0000e+00
      74303 104.852165   1472.000   1458.760     4.3272     4.3277   3.346543   3.346498     1.7743     1.8620   -0.00105   -0.00120     0.5131   103.1899    215.550    214.298         27    34.9647    34.9637    27.7363    27.7354    1492.24    1492.24 0.0000e+00
      74330 104.852180   1471.000   1457.772     4.3281     4.3286   3.346597   3.346540     1.7737     1.8614   -0.00030   -0.00058     0.5131   103.1899    215.556    214.297         26    34.9648    34.9637    27.7363    27.7354    1492.23    1492.23 0.0000e+00
      74354 104.852188   1470.000   1456.785     4.3298     4.3307   3.346703   3.346674     1.7735     1.8608   -0.00047   -0.00070     0.5131   103.1899    215.577    214.202         22    34.9648    34.9636    27.7361    27.7350    1492.22    1492.22 0.0000e+00
      74375 104.852196   1469.000   1455.797     4.3311     4.3319   3.346791   3.346761 -9.990e-29     1.8608   -0.00069   -0.00064     0.5131   103.1899 -9.990e-29    214.457         20    34.9650    34.9638    27.7361    27.7351    1492.21    1492.21 0.0000e+00
      74393 104.852203   1468.000   1454.810     4.3330     4.3339   3.346914   3.346898 -9.990e-29     1.8608   -0.00047   -0.00051     0.5131   103.1899 -9.990e-29    214.502         18    34.9649    34.9638    27.7358    27.7348    1492.20    1492.20 0.0000e+00
      74411 104.852219   1467.000   1453.822     4.3339     4.3349   3.346958   3.346958 -9.990e-29     1.8611   -0.00060   -0.00027     0.5131   103.1899 -9.990e-29    214.329         17    34.9650    34.9639    27.7358    27.7348    1492.18    1492.19 0.0000e+00
      74429 104.852226   1466.000   1452.834     4.3359     4.3367   3.347104   3.347074 -9.990e-29     1.8605   -0.00028   -0.00014     0.5131   103.1899 -9.990e-29    214.126         19    34.9651    34.9639    27.7356    27.7346    1492.18    1492.18 0.0000e+00
      74448 104.852234   1465.000   1451.847     4.3383     4.3389   3.347250   3.347202     1.7734     1.8607    0.00003   -0.00011     0.5131   103.1899    215.029    214.164         21    34.9647    34.9636    27.7351    27.7341    1492.17    1492.17 0.0000e+00
      74472 104.852242   1464.000   1450.859     4.3406     4.3410   3.347360   3.347314     1.7728     1.8603    0.00005   -0.00011     0.5131   103.1899    214.939    214.054         26    34.9640    34.9632    27.7343    27.7335    1492.16    1492.16 0.0000e+00
      74499 104.852257   1463.000   1449.872     4.3429     4.3432   3.347492   3.347434     1.7722     1.8604   -0.00021    0.00010     0.5131   103.1899    214.991    214.040         26    34.9637    34.9627    27.7338    27.7330    1492.15    1492.15 0.0000e+00
      74523 104.852272   1462.000   1448.884     4.3456     4.3462   3.347655   3.347622     1.7720     1.8599   -0.00019   -0.00020     0.5131   103.1899    214.809    213.557         22    34.9632    34.9623    27.7331    27.7322    1492.15    1492.15 0.0000e+00
      74544 104.852280   1461.000   1447.896     4.3471     4.3481   3.347697   3.347681     1.7711     1.8594   -0.00015   -0.00066     0.5131   103.1899    214.525    213.448         20    34.9627    34.9614    27.7325    27.7314    1492.14    1492.14 0.0000e+00
      74563 104.852287   1460.000   1446.909     4.3480     4.3490   3.347614   3.347600     1.7708     1.8587   -0.00007   -0.00047     0.5131   103.1899    214.425    213.156         19    34.9613    34.9600    27.7313    27.7301    1492.12    1492.12 0.0000e+00
      74583 104.852295   1459.000   1445.921     4.3481     4.3487   3.347533   3.347518     1.7698     1.8580   -0.00048   -0.00028     0.5131   103.1899    213.994    212.810         21    34.9607    34.9599    27.7308    27.7300    1492.10    1492.10 0.0000e+00
      74605 104.852310   1458.000   1444.934     4.3480     4.3486   3.347469   3.347445     1.7686     1.8566   -0.00065   -0.00074     0.5131   103.1899    213.814    212.334         24    34.9606    34.9596    27.7307    27.7299    1492.09    1492.09 0.0000e+00
      74630 104.852318   1457.000   1443.946     4.3478     4.3485   3.347382   3.347365     1.7674     1.8552   -0.00076   -0.00076     0.5131   103.1899    213.480    212.204         25    34.9602    34.9593    27.7304    27.7296    1492.07    1492.07 0.0000e+00
      74655 104.852333   1456.000   1442.958     4.3476     4.3484   3.347310   3.347297     1.7661     1.8540   -0.00113   -0.00120     0.5131   103.1899    213.528    212.085         24    34.9601    34.9591    27.7303    27.7294    1492.05    1492.05 0.0000e+00
      74676 104.852341   1455.000   1441.971     4.3475     4.3482   3.347281   3.347241     1.7659     1.8531   -0.00149   -0.00114     0.5131   103.1899    213.496    212.004         19    34.9604    34.9592    27.7305    27.7295    1492.03    1492.03 0.0000e+00
      74694 104.852348   1454.000   1440.983     4.3475     4.3481   3.347205   3.347185     1.7650     1.8522   -0.00135   -0.00126     0.5132   103.1856    213.197    212.022         18    34.9600    34.9591    27.7302    27.7294    1492.02    1492.02 0.0000e+00
      74712 104.852364   1453.000   1439.995     4.3474     4.3481   3.347164   3.347137     1.7646     1.8522   -0.00115   -0.00129     0.5232   103.1878    213.247    211.870         18    34.9601    34.9590    27.7303    27.7294    1492.00    1492.00 0.0000e+00
      74732 104.852371   1452.000   1439.008     4.3473     4.3480   3.347122   3.347085     1.7641     1.8511   -0.00110   -0.00056     0.5162   103.1843    213.163    211.716         21    34.9601    34.9590    27.7303    27.7294    1491.98    1491.98 0.0000e+00
      74754 104.852379   1451.000   1438.020     4.3473     4.3479   3.347062   3.347035     1.7637     1.8507   -0.00084   -0.00078     0.5150   103.1789    213.131    211.863         24    34.9600    34.9590    27.7302    27.7294    1491.97    1491.97 0.0000e+00
      74779 104.852394   1450.000   1437.033     4.3472     4.3479   3.347008   3.346980 -9.990e-29     1.8502   -0.00080   -0.00070     0.5139   103.1755 -9.990e-29    211.802         25    34.9599    34.9589    27.7301    27.7292    1491.95    1491.95 0.0000e+00
      74802 104.852402   1449.000   1436.045     4.3471     4.3478   3.346965   3.346938 -9.990e-29     1.8500   -0.00080   -0.00051     0.5159   103.1797 -9.990e-29    212.012         22    34.9601    34.9589    27.7303    27.7293    1491.93    1491.93 0.0000e+00
      74823 104.852417   1448.000   1435.057     4.3471     4.3478   3.346917   3.346890 -9.990e-29     1.8502   -0.00042   -0.00039     0.5131   103.1830 -9.990e-29    212.084         20    34.9600    34.9589    27.7302    27.7293    1491.91    1491.92 0.0000e+00
      74844 104.852425   1447.000   1434.070     4.3470     4.3477   3.346882   3.346847     1.7629     1.8503   -0.00043   -0.00011     0.5131   103.1846    212.905    211.915         21    34.9601    34.9590    27.7303    27.7293    1491.90    1491.90 0.0000e+00
      74864 104.852432   1446.000   1433.082     4.3472     4.3479   3.346839   3.346818     1.7631     1.8500   -0.00009   -0.00015     0.5131   103.1789    212.918    211.719         20    34.9599    34.9589    27.7301    27.7292    1491.88    1491.88 0.0000e+00
      74885 104.852448   1445.000   1432.094     4.3480     4.3486   3.346845   3.346801     1.7628     1.8498    0.00012   -0.00024     0.5131   103.1761    212.750    211.818         20    34.9596    34.9584    27.7298    27.7288    1491.87    1491.87 0.0000e+00
