data/CTD/fr24/fr24003.cnv
* Sea-Bird SBE 9 Data File:
* FileName = C:\SEASOFT\PIRATA-FR24\data\fr24003.hex
* Software Version Seasave V 7.23.1
* Temperature SN = 2042
* Conductivity SN = 1548
* Number of Bytes Per Scan = 35
* Number of Voltage Words = 2
* Number of Scans Averaged by the Deck Unit = 1
* NMEA Latitude = 03 26.36 S
* NMEA Longitude = 018 31.34 W
* NMEA UTC (Time) = Apr 16 2014 07:12:27
** Cruise: PIRATA-FR24
** Ship: LE SUROIT
** Station: 3
** Bottom Depth: 4578
** Operator: ET/YP
** Comments:
# nquan = 24                                
# nvalues = 8513                        
# units = specified
# name 0 = scan: Scan Count
# name 1 = timeJ: Julian Days
# name 2 = prDM: Pressure, Digiquartz [db]
# name 3 = depSM: Depth [salt water, m]
# name 4 = t090C: Temperature [ITS-90, deg C]
# name 5 = t190C: Temperature, 2 [ITS-90, deg C]
# name 6 = c0S/m: Conductivity [S/m]
# name 7 = c1S/m: Conductivity, 2 [S/m]
# name 8 = sbeox0V: Oxygen raw, SBE 43 [V]
# name 9 = sbeox1V: Oxygen raw, SBE 43, 2 [V]
# name 10 = sbeox1dOV/dT: Oxygen, SBE 43, 2 [dov/dt]
# name 11 = sbeox0dOV/dT: Oxygen, SBE 43 [dov/dt]
# name 12 = flECO-AFL: Fluorescence, WET Labs ECO-AFL/FL [mg/m^3]
# name 13 = CStarTr0: Beam Transmission, WET Labs C-Star [%]
# name 14 = sbeox0Mm/Kg: Oxygen, SBE 43 [umol/kg], WS = 2
# name 15 = sbeox1Mm/Kg: Oxygen, SBE 43, 2 [umol/kg], WS = 2
# name 16 = nbin: number of scans per bin
# name 17 = sal00: Salinity, Practical [PSU]
# name 18 = sal11: Salinity, Practical, 2 [PSU]
# name 19 = sigma-é00: Density [sigma-theta, kg/m^3]
# name 20 = sigma-é11: Density, 2 [sigma-theta, kg/m^3]
# name 21 = svCM: Sound Velocity [Chen-Millero, m/s]
# name 22 = svCM1: Sound Velocity, 2 [Chen-Millero, m/s]
# name 23 = flag: flag
# span 0 =       1531,     324522       
# span 1 = 106.301041, 106.456802       
# span 2 =      2.000,   4258.000       
# span 3 =      1.989,   4192.542       
# span 4 =     1.3425,    28.7902       
# span 5 =     1.3425,    28.7905       
# span 6 =   3.173591,   5.861740       
# span 7 =   3.173405,   5.861920       
# span 8 =     0.9747,     2.7949       
# span 9 =     1.0435,     2.9309       
# span 10 =   -0.11428,    0.05563      
# span 11 =   -0.10382,    0.05420      
# span 12 =     0.5121,     2.2839      
# span 13 =    87.0481,   103.2678      
# span 14 =     58.508,    242.835      
# span 15 =     57.907,    240.922      
# span 16 =          6,         71      
# span 17 =    34.4844,    36.1126      
# span 18 =    34.4839,    36.1213      
# span 19 =    22.9290,    27.8897      
# span 20 =    22.9303,    27.8879      
# span 21 =    1481.35,    1544.72      
# span 22 =    1481.35,    1544.71      
# span 23 = 0.0000e+00, 0.0000e+00      
# interval = decibars: 1                
# start_time = Apr 16 2014 07:12:26 [System UTC, first data scan.]
# bad_flag = -9.990e-29
*END*
[from data line 5736]
     237732 106.414948   2778.000   2744.561     2.7495     2.7499   3.254230   3.254115     1.5848     1.6654    0.00017    0.00039     0.5437   103.1899    226.542    225.143         41    34.9170    34.9152    27.8613    27.8598    1507.51    1507.51 0.0000e+00
     237769 106.414963   2777.000   2743.580     2.7502     2.7508   3.254251   3.254142     1.5848     1.6655    0.00020    0.00054     0.5437   103.1899    226.490    225.302         29    34.9170    34.9150    27.8612    27.8596    1507.50    1507.50 0.0000e+00
     237792 106.414978   2776.000   2742.598     2.7512     2.7519   3.254345   3.254241     1.5848     1.6667    0.00030    0.00009     0.5437   103.1899    226.764    226.006         20    34.9174    34.9155    27.8615    27.8599    1507.48    1507.48 0.0000e+00
     237811 106.414986   2775.000   2741.616     2.7545     2.7556   3.254639   3.254565     1.5854     1.6667    0.00023   -0.00001     0.5437   103.1899    227.137    225.213         18    34.9180    34.9159    27.8616    27.8599    1507.48    1507.48 0.0000e+00
     237828 106.414993   2774.000   2740.635     2.7565     2.7574   3.254760   3.254678     1.5859     1.6665   -0.00016   -0.00001     0.5437   103.1899    226.959    225.295         17    34.9178    34.9158    27.8613    27.8597    1507.47    1507.47 0.0000e+00
     237846 106.415001   2773.000   2739.653     2.7573     2.7580   3.254805   3.254701     1.5860     1.6673    0.00069    0.00004     0.5437   103.1899    226.638    225.615         20    34.9179    34.9159    27.8613    27.8597    1507.46    1507.46 0.0000e+00
     237870 106.415016   2772.000   2738.672     2.7579     2.7584   3.254824   3.254710     1.5860     1.6673    0.00053    0.00051     0.5437   103.1899    226.632    225.215         28    34.9179    34.9160    27.8612    27.8597    1507.45    1507.45 0.0000e+00
     237902 106.415031   2771.000   2737.690     2.7583     2.7587   3.254814   3.254695     1.5866     1.6676    0.00029    0.00038     0.5437   103.1899    227.143    225.357         37    34.9179    34.9160    27.8612    27.8597    1507.43    1507.43 0.0000e+00
     237941 106.415047   2770.000   2736.708     2.7585     2.7591   3.254790   3.254676     1.5872     1.6679    0.00018    0.00011     0.5437   103.1899    226.874    225.370         38    34.9178    34.9159    27.8611    27.8595    1507.41    1507.41 0.0000e+00
     237975 106.415062   2769.000   2735.727     2.7585     2.7592   3.254761   3.254654     1.5874     1.6683    0.00023    0.00066     0.5437   103.1899    226.896    225.658         30    34.9179    34.9159    27.8612    27.8595    1507.40    1507.40 0.0000e+00
     238001 106.415077   2768.000   2734.745     2.7586     2.7591   3.254736   3.254616     1.5877     1.6686    0.00023    0.00025     0.5437   103.1899    227.013    225.346         22    34.9180    34.9160    27.8613    27.8596    1507.38    1507.38 0.0000e+00
     238021 106.415085   2767.000   2733.763     2.7585     2.7592   3.254710   3.254596     1.5879     1.6686    0.00017    0.00013     0.5437   103.1899    226.822    225.173         18    34.9182    34.9162    27.8614    27.8597    1507.36    1507.36 0.0000e+00
     238039 106.415092   2766.000   2732.782     2.7587     2.7594   3.254665   3.254563     1.5877     1.6686    0.00037    0.00012     0.5437   103.1899    226.966    225.892         18    34.9179    34.9160    27.8611    27.8596    1507.35    1507.35 0.0000e+00
     238056 106.415100   2765.000   2731.800     2.7590     2.7595   3.254663   3.254552     1.5884     1.6696    0.00034    0.00024     0.5437   103.1899    227.268    226.248         18    34.9181    34.9162    27.8612    27.8597    1507.33    1507.33 0.0000e+00
     238076 106.415115   2764.000   2730.818     2.7594     2.7599   3.254663   3.254543     1.5885     1.6698    0.00010    0.00023     0.5437   103.1899    226.874    225.500         21    34.9181    34.9161    27.8612    27.8596    1507.32    1507.32 0.0000e+00
     238098 106.415123   2763.000   2729.837     2.7609     2.7616   3.254776   3.254666     1.5885     1.6698    0.00014    0.00006     0.5437   103.1899    226.780    225.303         23    34.9183    34.9162    27.8612    27.8595    1507.31    1507.31 0.0000e+00
     238123 106.415138   2762.000   2728.855     2.7637     2.7642   3.254991   3.254864     1.5885     1.6698    0.00069    0.00026     0.5437   103.1899    226.751    225.324         28    34.9184    34.9164    27.8610    27.8594    1507.30    1507.30 0.0000e+00
     238152 106.415154   2761.000   2727.873     2.7674     2.7678   3.255291   3.255167     1.5891     1.6700    0.00010    0.00024     0.5437   103.1899    227.424    225.583         29    34.9185    34.9166    27.8608    27.8593    1507.30    1507.30 0.0000e+00
     238180 106.415161   2760.000   2726.892     2.7695     2.7703   3.255472   3.255373     1.5897     1.6704   -0.00013    0.00013     0.5437   103.1899    226.952    225.872         27    34.9189    34.9169    27.8610    27.8593    1507.29    1507.29 0.0000e+00
     238205 106.415176   2759.000   2725.910     2.7710     2.7716   3.255543   3.255439     1.5897     1.6709    0.00040    0.00036     0.5437   103.1899    226.860    225.643         24    34.9187    34.9168    27.8607    27.8591    1507.28    1507.28 0.0000e+00
     238231 106.415184   2758.000   2724.928     2.7718     2.7723   3.255604   3.255495     1.5897     1.6710    0.00028    0.00050     0.5437   103.1899    226.823    225.505         28    34.9190    34.9171    27.8608    27.8593    1507.27    1507.27 0.0000e+00
     238267 106.415207   2757.000   2723.947     2.7722     2.7727   3.255596   3.255484     1.5897     1.6712    0.00034    0.00008     0.5437   103.1899    226.789    225.546         46    34.9189    34.9171    27.8607    27.8592    1507.25    1507.25 0.0000e+00
     238309 106.415230   2756.000   2722.965     2.7724     2.7731   3.255574   3.255471     1.5897     1.6714    0.00015   -0.00001     0.5437   103.1899    226.757    225.641         29    34.9189    34.9170    27.8607    27.8591    1507.24    1507.24 0.0000e+00
     238331 106.415237   2755.000   2721.983     2.7726     2.7731   3.255574   3.255456     1.5897     1.6722    0.00001    0.00004     0.5437   103.1899    226.836    225.773         18    34.9192    34.9172    27.8609    27.8592    1507.22    1507.22 0.0000e+00
     238348 106.415245   2754.000   2721.001     2.7729     2.7733   3.255556   3.255441     1.5899     1.6718    0.00021    0.00005     0.5437   103.1899    227.235    225.410         16    34.9191    34.9173    27.8608    27.8593    1507.21    1507.21 0.0000e+00
     238363 106.415253   2753.000   2720.020     2.7737     2.7743   3.255591   3.255492     1.5904     1.6719    0.00035    0.00005     0.5437   103.1899    227.435    225.982         14    34.9192    34.9173    27.8607    27.8592    1507.19    1507.19 0.0000e+00
     238378 106.415260   2752.000   2719.038     2.7743     2.7749   3.255611   3.255506     1.5908     1.6723    0.00018   -0.00000     0.5437   103.1899    227.268    225.961         16    34.9192    34.9173    27.8607    27.8591    1507.18    1507.18 0.0000e+00
     238394 106.415268   2751.000   2718.056     2.7748     2.7754   3.255642   3.255515     1.5909     1.6727    0.00028    0.00018     0.5437   103.1899    227.186    225.430         18    34.9195    34.9174    27.8609    27.8591    1507.16    1507.16 0.0000e+00
     238415 106.415276   2750.000   2717.074     2.7753     2.7757   3.255617   3.255504     1.5914     1.6725    0.00009    0.00042     0.5670   103.1899    227.123    225.519         24    34.9192    34.9173    27.8606    27.8591    1507.15    1507.15 0.0000e+00
     238443 106.415291   2749.000   2716.093     2.7763     2.7769   3.255679   3.255573     1.5917     1.6728    0.00046    0.00045     0.5479   103.1899    227.391    225.904         32    34.9193    34.9174    27.8606    27.8590    1507.14    1507.14 0.0000e+00
     238478 106.415306   2748.000   2715.111     2.7779     2.7784   3.255785   3.255677     1.5921     1.6732    0.00006    0.00028     0.5438   103.1899    227.053    225.375         40    34.9193    34.9174    27.8605    27.8589    1507.13    1507.13 0.0000e+00
     238524 106.415329   2747.000   2714.129     2.7803     2.7808   3.255971   3.255872     1.5921     1.6732    0.00032    0.00034     0.5437   103.1899    227.041    225.781         47    34.9194    34.9177    27.8604    27.8589    1507.12    1507.12 0.0000e+00
     238561 106.415344   2746.000   2713.147     2.7821     2.7828   3.256115   3.256009     1.5926     1.6740   -0.00021    0.00018     0.5437   103.1899    227.226    225.888         26    34.9197    34.9177    27.8604    27.8588    1507.11    1507.11 0.0000e+00
     238583 106.415359   2745.000   2712.166     2.7827     2.7831   3.256139   3.256028     1.5925     1.6738    0.00016    0.00007     0.5437   103.1899    227.077    225.716         20    34.9198    34.9180    27.8605    27.8590    1507.10    1507.10 0.0000e+00
     238601 106.415367   2744.000   2711.184     2.7833     2.7835   3.256167   3.256021     1.5929     1.6745    0.00023    0.00005     0.5437   103.1899    227.468    226.060         17    34.9200    34.9180    27.8605    27.8589    1507.08    1507.08 0.0000e+00
     238618 106.415375   2743.000   2710.202     2.7841     2.7845   3.256213   3.256081     1.5934     1.6743    0.00068    0.00025     0.5437   103.1899    227.374    225.592         18    34.9201    34.9181    27.8606    27.8589    1507.07    1507.07 0.0000e+00
     238637 106.415382   2742.000   2709.220     2.7845     2.7850   3.256193   3.256085     1.5934     1.6745    0.00016    0.00004     0.5437   103.1899    227.348    225.903         19    34.9199    34.9181    27.8604    27.8588    1507.05    1507.05 0.0000e+00
     238656 106.415390   2741.000   2708.239     2.7848     2.7853   3.256194   3.256070     1.5939     1.6748    0.00022    0.00015     0.5437   103.1899    227.708    226.047         19    34.9201    34.9181    27.8605    27.8588    1507.04    1507.04 0.0000e+00
     238676 106.415405   2740.000   2707.257     2.7851     2.7857   3.256174   3.256072     1.5945     1.6752    0.00032    0.00054     0.5437   103.1899    227.715    225.913         20    34.9200    34.9182    27.8604    27.8588    1507.02    1507.02 0.0000e+00
     238696 106.415413   2739.000   2706.275     2.7852     2.7858   3.256140   3.256035     1.5947     1.6755    0.00018    0.00028     0.5437   103.1899    227.537    225.768         21    34.9199    34.9181    27.8602    27.8587    1507.01    1507.00 0.0000e+00
     238718 106.415421   2738.000   2705.293     2.7854     2.7860   3.256118   3.256014     1.5952     1.6755    0.00049    0.00049     0.5437   103.1899    227.492    225.978         23    34.9199    34.9181    27.8602    27.8587    1506.99    1506.99 0.0000e+00
     238744 106.415436   2737.000   2704.312     2.7854     2.7860   3.256079   3.255971     1.5952     1.6758    0.00022    0.00063     0.5437   103.1899    227.406    225.733         30    34.9199    34.9180    27.8602    27.8586    1506.97    1506.97 0.0000e+00
     238784 106.415451   2736.000   2703.330     2.7854     2.7858   3.256043   3.255929     1.5953     1.6758    0.00024    0.00024     0.5437   103.1899    227.307    225.738         50    34.9199    34.9181    27.8602    27.8587    1506.95    1506.95 0.0000e+00
     238827 106.415474   2735.000   2702.348     2.7853     2.7859   3.255991   3.255878     1.5955     1.6764    0.00005    0.00014     0.5437   103.1899    227.506    225.878         32    34.9199    34.9179    27.8602    27.8585    1506.94    1506.94 0.0000e+00
     238853 106.415489   2734.000   2701.366     2.7851     2.7856   3.255952   3.255838     1.5958     1.6762    0.00011   -0.00005     0.5437   103.1899    227.480    225.917         22    34.9201    34.9181    27.8603    27.8587    1506.92    1506.92 0.0000e+00
     238874 106.415497   2733.000   2700.384     2.7851     2.7857   3.255909   3.255799     1.5958     1.6768    0.00010    0.00007     0.5437   103.1729    227.305    226.058         20    34.9200    34.9181    27.8603    27.8587    1506.90    1506.90 0.0000e+00
     238894 106.415504   2732.000   2699.402     2.7852     2.7858   3.255898   3.255779     1.5958     1.6766    0.00029    0.00025     0.5437   103.1902    227.274    225.641         20    34.9202    34.9182    27.8604    27.8588    1506.89    1506.89 0.0000e+00
     238915 106.415520   2731.000   2698.421     2.7854     2.7859   3.255855   3.255744     1.5958     1.6768   -0.00004    0.00018     0.5437   103.1899    227.243    225.874         22    34.9200    34.9181    27.8603    27.8587    1506.87    1506.87 0.0000e+00
     238938 106.415527   2730.000   2697.439     2.7858     2.7865   3.255870   3.255776     1.5958     1.6769    0.00040    0.00007     0.5437   103.1899    227.209    225.815         25    34.9202    34.9183    27.8603    27.8588    1506.86    1506.86 0.0000e+00
     238965 106.415543   2729.000   2696.457     2.7878     2.7885   3.256005   3.255909     1.5958     1.6773    0.00005   -0.00001     0.5437   103.1899    227.296    225.887         28    34.9201    34.9182    27.8601    27.8585    1506.85    1506.85 0.0000e+00
     238993 106.415558   2728.000   2695.475     2.7897     2.7904   3.256152   3.256048     1.5964     1.6773    0.00013   -0.00001     0.5437   103.1899    227.746    225.815         28    34.9203    34.9183    27.8601    27.8584    1506.84    1506.84 0.0000e+00
     239020 106.415565   2727.000   2694.493     2.7919     2.7926   3.256328   3.256233     1.5967     1.6775    0.00026   -0.00001     0.5437   103.1899    227.480    225.990         25    34.9206    34.9187    27.8601    27.8585    1506.83    1506.83 0.0000e+00
     239043 106.415581   2726.000   2693.511     2.7925     2.7931   3.256357   3.256238     1.5970     1.6778    0.00007    0.00028     0.5437   103.1899    227.429    226.033         22    34.9207    34.9187    27.8602    27.8585    1506.82    1506.82 0.0000e+00
     239063 106.415588   2725.000   2692.530     2.7931     2.7937   3.256353   3.256248     1.5970     1.6783    0.00008    0.00063     0.5437   103.1899    227.371    226.324         18    34.9205    34.9187    27.8600    27.8584    1506.80    1506.80 0.0000e+00
     239080 106.415596   2724.000   2691.548     2.7933     2.7938   3.256332   3.256222     1.5973     1.6783    0.00041    0.00035     0.5437   103.1899    227.417    225.601         16    34.9205    34.9187    27.8599    27.8584    1506.79    1506.79 0.0000e+00
     239096 106.415604   2723.000   2690.566     2.7938     2.7943   3.256361   3.256245     1.5972     1.6782    0.00021    0.00022     0.5437   103.1899    227.485    225.593         17    34.9209    34.9189    27.8601    27.8585    1506.77    1506.77 0.0000e+00
     239115 106.415611   2722.000   2689.584     2.7945     2.7950   3.256382   3.256263     1.5976     1.6784    0.00033    0.00013     0.5437   103.1899    227.652    225.915         22    34.9208    34.9189    27.8600    27.8584    1506.76    1506.76 0.0000e+00
     239152 106.415634   2721.000   2688.602     2.7934     2.7938   3.256233   3.256126     1.5977     1.6785    0.00019    0.00020     0.5437   103.1899    227.272    225.807         54    34.9206    34.9189    27.8599    27.8585    1506.74    1506.73 0.0000e+00
     239204 106.415657   2720.000   2687.620     2.7943     2.7953   3.256271   3.256196     1.5980     1.6789    0.00009    0.00016     0.5437   103.1899    227.590    225.975         33    34.9206    34.9186    27.8598    27.8582    1506.72    1506.72 0.0000e+00
     239229 106.415672   2719.000   2686.638     2.7945     2.7950   3.256263   3.256146     1.5980     1.6791    0.00016   -0.00027     0.5437   103.1899    227.305    225.897         23    34.9207    34.9188    27.8599    27.8583    1506.71    1506.71 0.0000e+00
