data/CTD/fr24/fr24004.cnv
* Sea-Bird SBE 9 Data File:
* FileName = C:\SEASOFT\PIRATA-FR24\data\fr24004.hex
* Software Version Seasave V 7.23.1
* Temperature SN = 2042
* Conductivity SN = 1548
* Number of Bytes Per Scan = 35
* Number of Voltage Words = 2
* Number of Scans Averaged by the Deck Unit = 1
* NMEA Latitude = 09 54.68 S
* NMEA Longitude = 009 58.94 W
* NMEA UTC (Time) = Apr 19 2014 20:39:12
** Cruise: PIRATA-FR24
** Ship: LE SUROIT
** Station: 4
** Bottom Depth: 3500
** Operator: LF/ND
** Comments:
# nquan = 24                                
# nvalues = 4035                        
# units = specified
# name 0 = scan: Scan Count
# name 1 = timeJ: Julian Days
# name 2 = prDM: Pressure, Digiquartz [db]
# name 3 = depSM: Depth [salt water, m]
# name 4 = t090C: Temperature [ITS-90, deg C]
# name 5 = t190C: Temperature, 2 [ITS-90, deg C]
# name 6 = c0S/m: Conductivity [S/m]
# name 7 = c1S/m: Conductivity, 2 [S/m]
# name 8 = sbeox0V: Oxygen raw, SBE 43 [V]
# name 9 = sbeox1V: Oxygen raw, SBE 43, 2 [V]
# name 10 = sbeox1dOV/dT: Oxygen, SBE 43, 2 [dov/dt]
# name 11 = sbeox0dOV/dT: Oxygen, SBE 43 [dov/dt]
# name 12 = flECO-AFL: Fluorescence, WET Labs ECO-AFL/FL [mg/m^3]
# name 13 = CStarTr0: Beam Transmission, WET Labs C-Star [%]
# name 14 = sbeox0Mm/Kg: Oxygen, SBE 43 [umol/kg], WS = 2
# name 15 = sbeox1Mm/Kg: Oxygen, SBE 43, 2 [umol/kg], WS = 2
# name 16 = nbin: number of scans per bin
# name 17 = sal00: Salinity, Practical [PSU]
# name 18 = sal11: Salinity, Practical, 2 [PSU]
# name 19 = sigma-é00: Density [sigma-theta, kg/m^3]
# name 20 = sigma-é11: Density, 2 [sigma-theta, kg/m^3]
# name 21 = svCM: Sound Velocity [Chen-Millero, m/s]
# name 22 = svCM1: Sound Velocity, 2 [Chen-Millero, m/s]
# name 23 = flag: flag
# span 0 =          5,     110929       
# span 1 = 109.860542, 109.914040       
# span 2 =      2.000,   2021.000       
# span 3 =      1.989,   1999.922       
# span 4 =     3.4806,    27.2835       
# span 5 =     3.4809,    27.2844       
# span 6 =   3.281789,   5.768299       
# span 7 =   3.281791,   5.768376       
# span 8 =     1.0462,     2.8411       
# span 9 =     1.1141,     2.9671       
# span 10 =   -0.06655,    0.05208      
# span 11 =   -0.06249,    0.04269      
# span 12 =     0.5107,     2.2403      
# span 13 =    93.9726,   103.4014      
# span 14 =     66.943,    222.099      
# span 15 =     66.120,    218.899      
# span 16 =          9,         61      
# span 17 =    34.5019,    36.5763      
# span 18 =    34.5014,    36.5798      
# span 19 =    23.8047,    27.8040      
# span 20 =    23.8077,    27.8029      
# span 21 =    1482.45,    1542.28      
# span 22 =    1482.47,    1542.27      
# span 23 = 0.0000e+00, 0.0000e+00      
# interval = decibars: 1                
# start_time = Apr 19 2014 20:39:11 [System UTC, first data scan.]
# bad_flag = -9.990e-29
*END*
[from data line 3261]
      84205 109.901154    775.000    769.184     4.9881     4.9930   3.336266   3.336648     1.3164     1.3871   -0.00134   -0.00140     0.5131   103.3172    122.303    120.499         17    34.5042    34.5035    27.2909    27.2897    1482.79    1482.81 0.0000e+00
      84221 109.901161    774.000    768.194     4.9943     4.9950   3.336785   3.336788     1.3158     1.3861   -0.00118   -0.00128     0.5131   103.3124    122.060    120.440         14    34.5042    34.5036    27.2901    27.2895    1482.80    1482.80 0.0000e+00
      84234 109.901169    773.000    767.203     4.9942     4.9974   3.336732   3.336965     1.3149     1.3860   -0.00104   -0.00126     0.5131   103.3028    121.902    120.505         14    34.5043    34.5037    27.2902    27.2893    1482.78    1482.80 0.0000e+00
      84248 109.901169    772.000    766.212     4.9930     5.0017   3.336587   3.337304     1.3142     1.3851   -0.00089   -0.00093     0.5131   103.3132    121.853    120.070         13    34.5043    34.5037    27.2903    27.2888    1482.76    1482.80 0.0000e+00
      84262 109.901176    771.000    765.222     4.9937     5.0081   3.336580   3.337843     1.3138     1.3846   -0.00090   -0.00080     0.5131   103.3119    121.820    119.846         15    34.5041    34.5038    27.2900    27.2882    1482.75    1482.81 0.0000e+00
      84278 109.901184    770.000    764.231     5.0041     5.0041   3.337471   3.337429     1.3131     1.3833   -0.00113   -0.00100     0.5131   103.3026    121.509    119.903         19    34.5041    34.5036    27.2889    27.2885    1482.77    1482.77 0.0000e+00
      84306 109.901199    769.000    763.240     5.0057     5.0117   3.337571   3.338073     1.3114     1.3824   -0.00102   -0.00117     0.5131   103.3008    121.335    119.690         39    34.5041    34.5037    27.2887    27.2877    1482.76    1482.79 0.0000e+00
      84347 109.901222    768.000    762.250     5.0083     5.0154   3.337801   3.338376     1.3100     1.3809   -0.00128   -0.00114     0.5131   103.3007    121.205    119.691         30    34.5045    34.5038    27.2887    27.2873    1482.76    1482.79 0.0000e+00
      84367 109.901230    767.000    761.259     5.0116     5.0171   3.338084   3.338503     1.3094     1.3803   -0.00085   -0.00153     0.5131   103.3007    121.126    119.369         17    34.5049    34.5041    27.2886    27.2873    1482.76    1482.78 0.0000e+00
      84381 109.901237    766.000    760.268     5.0214     5.0216   3.338897   3.338857     1.3090     1.3795   -0.00121   -0.00096     0.5131   103.3007    120.985    119.107         13    34.5047    34.5041    27.2874    27.2868    1482.78    1482.78 0.0000e+00
      84393 109.901245    765.000    759.278     5.0226     5.0250   3.338944   3.339117     1.3087     1.3790   -0.00109   -0.00057     0.5131   103.3007    120.882    119.030         12    34.5045    34.5040    27.2870    27.2864    1482.77    1482.78 0.0000e+00
      84407 109.901253    764.000    758.287     5.0231     5.0267   3.338971   3.339228     1.3081     1.3783   -0.00063   -0.00079     0.5131   103.3025    120.724    119.071         15    34.5048    34.5041    27.2872    27.2862    1482.75    1482.77 0.0000e+00
      84423 109.901260    763.000    757.296     5.0248     5.0259   3.339055   3.339092     1.3074     1.3781   -0.00069   -0.00080     0.5131   103.3038    120.705    119.179         18    34.5045    34.5038    27.2867    27.2860    1482.74    1482.75 0.0000e+00
      84460 109.901276    762.000    756.305     5.0266     5.0298   3.339183   3.339426     1.3066     1.3769   -0.00090   -0.00079     0.5131   103.3096    120.671    118.990         34    34.5046    34.5041    27.2866    27.2858    1482.73    1482.75 0.0000e+00
      84502 109.901299    761.000    755.315     5.0327     5.0363   3.339673   3.339964     1.3060     1.3763   -0.00047   -0.00053     0.5131   103.3105    120.586    119.039         20    34.5045    34.5042    27.2858    27.2852    1482.74    1482.76 0.0000e+00
      84518 109.901299    760.000    754.324     5.0343     5.0369   3.339834   3.339986     1.3056     1.3764   -0.00072   -0.00042     0.5131   103.3004    120.410    118.978         13    34.5052    34.5043    27.2862    27.2852    1482.73    1482.74 0.0000e+00
      84530 109.901306    759.000    753.333     5.0438     5.0476   3.340663   3.340947     1.3056     1.3761   -0.00077   -0.00080     0.5131   103.3007    120.286    118.916         12    34.5055    34.5048    27.2853    27.2843    1482.76    1482.77 0.0000e+00
      84541 109.901314    758.000    752.342     5.0508     5.0574   3.341240   3.341753     1.3050     1.3759   -0.00064   -0.00080     0.5131   103.3007    120.204    118.713         11    34.5054    34.5045    27.2844    27.2829    1482.77    1482.79 0.0000e+00
      84553 109.901321    757.000    751.352     5.0553     5.0630   3.341584   3.342231     1.3047     1.3758   -0.00036   -0.00041     0.5131   103.3007    120.098    118.600         12    34.5052    34.5048    27.2838    27.2825    1482.77    1482.80 0.0000e+00
      84566 109.901329    756.000    750.361     5.0594     5.0700   3.341918   3.342839     1.3045     1.3751   -0.00020   -0.00013     0.5131   103.3007    120.012    118.327         14    34.5054    34.5051    27.2834    27.2820    1482.77    1482.81 0.0000e+00
      84581 109.901337    755.000    749.370     5.0625     5.0711   3.342138   3.342810     1.3039     1.3748   -0.00024   -0.00037     0.5131   103.3007    119.843    118.283         18    34.5052    34.5041    27.2829    27.2811    1482.77    1482.80 0.0000e+00
      84606 109.901344    754.000    748.379     5.0701     5.0915   3.342777   3.344629     1.3030     1.3737   -0.00035   -0.00060     0.5131   103.3036    119.666    117.792         36    34.5052    34.5045    27.2821    27.2790    1482.78    1482.87 0.0000e+00
      84643 109.901360    753.000    747.389     5.0865     5.0994   3.344296   3.345322     1.3016     1.3715   -0.00075   -0.00077     0.5131   103.3087    119.349    117.390         31    34.5063    34.5048    27.2810    27.2784    1482.83    1482.88 0.0000e+00
      84670 109.901375    752.000    746.398     5.1026     5.1061   3.345710   3.345969     1.3008     1.3701   -0.00113   -0.00084     0.5131   103.3158    119.141    117.226         26    34.5065    34.5059    27.2793    27.2784    1482.88    1482.89 0.0000e+00
      84696 109.901390    751.000    745.407     5.1091     5.1109   3.346267   3.346383     1.2994     1.3690   -0.00140   -0.00091     0.5131   103.3058    118.803    117.134         25    34.5067    34.5062    27.2787    27.2781    1482.89    1482.90 0.0000e+00
      84719 109.901398    750.000    744.416     5.1203     5.1208   3.347235   3.347207     1.2983     1.3683   -0.00136   -0.00088     0.5131   103.3007    118.492    117.171         21    34.5069    34.5060    27.2775    27.2768    1482.92    1482.92 0.0000e+00
      84738 109.901405    749.000    743.426     5.1287     5.1288   3.347987   3.347922     1.2970     1.3677   -0.00116   -0.00085     0.5131   103.3007    118.215    116.664         16    34.5074    34.5064    27.2769    27.2762    1482.94    1482.94 0.0000e+00
      84753 109.901413    748.000    742.435     5.1352     5.1347   3.348515   3.348414     1.2961     1.3666   -0.00111   -0.00119     0.5131   103.3007    118.152    116.454         14    34.5072    34.5066    27.2760    27.2756    1482.95    1482.95 0.0000e+00
      84766 109.901421    747.000    741.444     5.1340     5.1396   3.348412   3.348839     1.2957     1.3662   -0.00096   -0.00121     0.5131   103.3007    118.146    116.530         13    34.5078    34.5069    27.2766    27.2753    1482.93    1482.95 0.0000e+00
      84779 109.901428    746.000    740.453     5.1354     5.1439   3.348512   3.349187     1.2947     1.3656   -0.00079   -0.00113     0.5131   103.3007    117.974    116.458         12    34.5080    34.5070    27.2766    27.2748    1482.92    1482.95 0.0000e+00
      84792 109.901436    745.000    739.463     5.1423     5.1515   3.349109   3.349861     1.2947     1.3650   -0.00058   -0.00146     0.5131   103.3007    117.977    116.193         15    34.5082    34.5075    27.2760    27.2743    1482.93    1482.97 0.0000e+00
      84809 109.901443    744.000    738.472     5.1437     5.1454   3.349163   3.349283     1.2938     1.3641   -0.00122   -0.00150     0.5131   103.3069    117.747    116.029         21    34.5079    34.5075    27.2756    27.2750    1482.92    1482.92 0.0000e+00
      84863 109.901466    743.000    737.481     5.1650     5.1659   3.351069   3.351115     1.2913     1.3620   -0.00124   -0.00103     0.5131   103.3054    117.277    115.907         33    34.5084    34.5080    27.2735    27.2730    1482.99    1482.99 0.0000e+00
      84895 109.901482    742.000    736.490     5.1734     5.1830   3.351818   3.352669     1.2897     1.3610   -0.00110   -0.00145     0.5131   103.3148    116.958    115.377         17    34.5089    34.5087    27.2729    27.2716    1483.01    1483.05 0.0000e+00
      84909 109.901489    741.000    735.499     5.1923     5.1970   3.353549   3.353911     1.2890     1.3597   -0.00102   -0.00152     0.5131   103.3009    116.751    114.921         13    34.5098    34.5091    27.2714    27.2703    1483.07    1483.09 0.0000e+00
      84921 109.901497    740.000    734.508     5.2004     5.2032   3.354225   3.354400     1.2885     1.3589   -0.00099   -0.00089     0.5131   103.3007    116.627    114.703         11    34.5097    34.5088    27.2704    27.2693    1483.08    1483.09 0.0000e+00
      84932 109.901505    739.000    733.518     5.2013     5.2040   3.354258   3.354445     1.2875     1.3584   -0.00067   -0.00068     0.5131   103.3007    116.389    114.761         11    34.5096    34.5091    27.2702    27.2695    1483.07    1483.08 0.0000e+00
      84944 109.901505    738.000    732.527     5.2006     5.2059   3.354129   3.354576     1.2871     1.3573   -0.00066   -0.00084     0.5131   103.3007    116.374    114.537         12    34.5094    34.5091    27.2701    27.2693    1483.05    1483.07 0.0000e+00
      84957 109.901512    737.000    731.536     5.2017     5.2085   3.354218   3.354790     1.2863     1.3564   -0.00076   -0.00121     0.5131   103.3007    116.232    114.349         14    34.5098    34.5094    27.2702    27.2692    1483.04    1483.07 0.0000e+00
      84973 109.901520    736.000    730.545     5.2053     5.2070   3.354481   3.354599     1.2854     1.3553   -0.00156   -0.00121     0.5131   103.3007    116.080    114.216         21    34.5096    34.5093    27.2697    27.2692    1483.04    1483.04 0.0000e+00
      85010 109.901543    735.000    729.554     5.2095     5.2170   3.354848   3.355442     1.2838     1.3536   -0.00170   -0.00134     0.5131   103.3007    115.906    114.296         47    34.5100    34.5091    27.2695    27.2679    1483.04    1483.07 0.0000e+00
      85049 109.901558    734.000    728.563     5.2279     5.2389   3.356473   3.357464     1.2820     1.3523   -0.00157   -0.00128     0.5131   103.3007    115.511    113.915         23    34.5102    34.5102    27.2675    27.2662    1483.10    1483.14 0.0000e+00
      85068 109.901566    733.000    727.573     5.2436     5.2484   3.357970   3.358278     1.2813     1.3513   -0.00093   -0.00091     0.5131   103.3007    115.382    113.810         18    34.5118    34.5104    27.2669    27.2652    1483.15    1483.16 0.0000e+00
      85085 109.901573    732.000    726.582     5.2593     5.2569   3.359341   3.359044     1.2804     1.3509   -0.00062   -0.00087     0.5131   103.3007    115.066    113.587         17    34.5118    34.5109    27.2651    27.2646    1483.19    1483.18 0.0000e+00
      85102 109.901581    731.000    725.591     5.2667     5.2635   3.359982   3.359603     1.2795     1.3497   -0.00096   -0.00121     0.5131   103.3007    114.769    113.183         18    34.5121    34.5110    27.2644    27.2640    1483.21    1483.19 0.0000e+00
      85122 109.901596    730.000    724.600     5.2783     5.2622   3.361013   3.359442     1.2779     1.3486   -0.00107   -0.00107     0.5131   103.3007    114.509    113.149         22    34.5125    34.5110    27.2634    27.2641    1483.24    1483.17 0.0000e+00
      85147 109.901604    729.000    723.609     5.2659     5.2701   3.359782   3.360101     1.2765     1.3472   -0.00093   -0.00114     0.5131   103.3007    114.511    113.013         28    34.5117    34.5110    27.2642    27.2631    1483.17    1483.19 0.0000e+00
      85173 109.901619    728.000    722.618     5.2911     5.2874   3.362190   3.361772     1.2757     1.3465   -0.00152   -0.00163     0.5131   103.3007    114.294    112.839         22    34.5138    34.5128    27.2629    27.2625    1483.26    1483.24 0.0000e+00
      85192 109.901627    727.000    721.627     5.3119     5.3114   3.364050   3.363916     1.2748     1.3456   -0.00128   -0.00161     0.5131   103.3007    113.942    112.493         17    34.5142    34.5132    27.2608    27.2600    1483.33    1483.32 0.0000e+00
      85207 109.901634    726.000    720.637     5.3369     5.3346   3.366385   3.366060     1.2738     1.3445   -0.00119   -0.00128     0.5131   103.3007    113.488    112.195         14    34.5158    34.5144    27.2590    27.2582    1483.41    1483.40 0.0000e+00
      85222 109.901642    725.000    719.646     5.3495     5.3527   3.367419   3.367672     1.2722     1.3438   -0.00094   -0.00096     0.5131   103.3007    113.199    111.840         15    34.5152    34.5148    27.2571    27.2564    1483.45    1483.46 0.0000e+00
      85237 109.901649    724.000    718.655     5.3480     5.3562   3.367271   3.367959     1.2713     1.3426   -0.00096   -0.00089     0.5131   103.3007    113.146    111.685         16    34.5155    34.5149    27.2575    27.2561    1483.43    1483.46 0.0000e+00
      85255 109.901657    723.000    717.664     5.3568     5.3543   3.368046   3.367755     1.2700     1.3415   -0.00112   -0.00125     0.5131   103.3007    112.924    111.328         20    34.5158    34.5151    27.2567    27.2564    1483.44    1483.43 0.0000e+00
      85291 109.901672    722.000    716.673     5.3517     5.3618   3.367494   3.368371     1.2678     1.3385   -0.00159   -0.00175     0.5131   103.3007    112.682    110.984         38    34.5153    34.5149    27.2569    27.2554    1483.41    1483.45 0.0000e+00
      85361 109.901711    721.000    715.682     5.3758     5.3831   3.369667   3.370323     1.2651     1.3343   -0.00173   -0.00146     0.5131   103.3007    112.595    110.618         25    34.5159    34.5159    27.2544    27.2536    1483.49    1483.52 0.0000e+00
      85376 109.901718    720.000    714.691     5.3817     5.3889   3.370383   3.370923     1.2651     1.3342   -0.00144   -0.00106     0.5131   103.3007    112.341    110.605         16    34.5185    34.5173    27.2558    27.2540    1483.50    1483.53 0.0000e+00
      85391 109.901726    719.000    713.700     5.4159     5.4149   3.373430   3.373260     1.2642     1.3333   -0.00132   -0.00109     0.5131   103.3007    111.783    110.318         16    34.5187    34.5179    27.2519    27.2514    1483.62    1483.62 0.0000e+00
      85409 109.901733    718.000    712.709     5.4231     5.4223   3.373964   3.373806     1.2626     1.3325   -0.00136   -0.00078     0.5131   103.3007    111.415    109.883         20    34.5179    34.5170    27.2504    27.2498    1483.63    1483.63 0.0000e+00
      85441 109.901749    717.000    711.718     5.4118     5.4180   3.372882   3.373363     1.2607     1.3300   -0.00105   -0.00083     0.5131   103.3007    111.419    109.726         48    34.5177    34.5168    27.2516    27.2501    1483.57    1483.59 0.0000e+00
