data/CTD/fr24/fr24001.cnv
* Sea-Bird SBE 9 Data File:
* FileName = C:\SEASOFT\PIRATA-FR24\data\fr24001.hex
* Software Version Seasave V 7.23.1
* Temperature SN = 2042
* Conductivity SN = 1548
* Number of Bytes Per Scan = 35
* Number of Voltage Words = 2
* Number of Scans Averaged by the Deck Unit = 1
* NMEA Latitude = 06 59.99 N
* NMEA Longitude = 020 19.01 W
* NMEA UTC (Time) = Apr 12 2014 08:25:24
** Cruise: PIRATA-FR24
** Ship: LE SUROIT
** Station: 1
** Bottom Depth: 3754
** Operator: LF/ND
** Comments:
# nquan = 24                                
# nvalues = 2072                        
# units = specified
# name 0 = scan: Scan Count
# name 1 = timeJ: Julian Days
# name 2 = prDM: Pressure, Digiquartz [db]
# name 3 = depSM: Depth [salt water, m]
# name 4 = t090C: Temperature [ITS-90, deg C]
# name 5 = t190C: Temperature, 2 [ITS-90, deg C]
# name 6 = c0S/m: Conductivity [S/m]
# name 7 = c1S/m: Conductivity, 2 [S/m]
# name 8 = sbeox0V: Oxygen raw, SBE 43 [V]
# name 9 = sbeox1V: Oxygen raw, SBE 43, 2 [V]
# name 10 = sbeox1dOV/dT: Oxygen, SBE 43, 2 [dov/dt]
# name 11 = sbeox0dOV/dT: Oxygen, SBE 43 [dov/dt]
# name 12 = flECO-AFL: Fluorescence, WET Labs ECO-AFL/FL [mg/m^3]
# name 13 = CStarTr0: Beam Transmission, WET Labs C-Star [%]
# name 14 = sbeox0Mm/Kg: Oxygen, SBE 43 [umol/kg], WS = 2
# name 15 = sbeox1Mm/Kg: Oxygen, SBE 43, 2 [umol/kg], WS = 2
# name 16 = nbin: number of scans per bin
# name 17 = sal00: Salinity, Practical [PSU]
# name 18 = sal11: Salinity, Practical, 2 [PSU]
# name 19 = sigma-é00: Density [sigma-theta, kg/m^3]
# name 20 = sigma-é11: Density, 2 [sigma-theta, kg/m^3]
# name 21 = svCM: Sound Velocity [Chen-Millero, m/s]
# name 22 = svCM1: Sound Velocity, 2 [Chen-Millero, m/s]
# name 23 = flag: flag
# span 0 =       1635,      96657       
# span 1 = 102.351746, 102.397575       
# span 2 =      1.000,   1038.000       
# span 3 =      0.994,   1029.644       
# span 4 =     4.9975,    25.9412       
# span 5 =     4.9982,    25.9417       
# span 6 =   3.367544,   5.513721       
# span 7 =   3.367516,   5.513821       
# span 8 =     0.8821,     2.7437       
# span 9 =     0.9515,     2.8731       
# span 10 =   -0.05400,    0.09953      
# span 11 =   -0.05482,    0.08530      
# span 12 =     0.5131,     4.2817      
# span 13 =    91.6255,   103.1623      
# span 14 =     45.360,    209.921      
# span 15 =     45.444,    211.213      
# span 16 =          1,         90      
# span 17 =    34.6354,    35.8161      
# span 18 =    34.6348,    35.8179      
# span 19 =    23.6448,    27.4690      
# span 20 =    23.6448,    27.4684      
# span 21 =    1486.18,    1537.83      
# span 22 =    1486.18,    1537.83      
# span 23 = 0.0000e+00, 0.0000e+00      
# interval = decibars: 1                
# start_time = Apr 12 2014 08:25:23 [System UTC, first data scan.]
# bad_flag = -9.990e-29
*END*
[from data line 1993]
      91429 102.395050     79.000     78.545    15.9144    15.9146   4.453963   4.454053     1.2393     1.3173   -0.00021   -0.00019     0.9137   102.6216     78.567     78.407         38    35.6128    35.6134    26.2417    26.2421    1511.55    1511.55 0.0000e+00
      91458 102.395065     78.000     77.551    15.9259    15.9292   4.455217   4.455639     1.2400     1.3186    0.00006    0.00029     0.9122   102.7103     78.635     78.483         23    35.6141    35.6149    26.2400    26.2399    1511.57    1511.58 0.0000e+00
      91479 102.395073     77.000     76.557    15.9442    15.9485   4.457181   4.457700     1.2409     1.3198    0.00049    0.00077     0.8983   102.6929     78.719     78.501         22    35.6156    35.6164    26.2369    26.2365    1511.61    1511.62 0.0000e+00
      91512 102.395096     76.000     75.563    15.9654    15.9509   4.459337   4.457852     1.2423     1.3203    0.00123    0.00069     0.9025   102.6923     78.804     78.501         37    35.6162    35.6160    26.2325    26.2356    1511.66    1511.61 0.0000e+00
      91575 102.395119     75.000     74.569    16.0079    15.9928   4.464092   4.462529     1.2431     1.3213    0.00043    0.00102     0.9122   102.6299     78.697     78.460         40    35.6209    35.6205    26.2263    26.2295    1511.78    1511.73 0.0000e+00
      91607 102.395142     74.000     73.575    16.0399    16.0437   4.467494   4.467963     1.2434     1.3213    0.00035    0.00029     0.9345   102.6354     78.778     78.438         28    35.6230    35.6238    26.2205    26.2203    1511.86    1511.87 0.0000e+00
      91632 102.395149     73.000     72.580    16.0682    16.0697   4.470687   4.470920     1.2443     1.3222    0.00034    0.00002     0.9105   102.6600     78.786     78.530         26    35.6265    35.6272    26.2166    26.2169    1511.94    1511.94 0.0000e+00
      91665 102.395164     72.000     71.586    16.1107    16.0959   4.475228   4.473722     1.2447     1.3229    0.00021    0.00042     0.9451   102.6027     78.713     78.519         42    35.6293    35.6291    26.2090    26.2122    1512.05    1512.01 0.0000e+00
      91706 102.395187     71.000     70.592    16.1383    16.1274   4.478188   4.477274     1.2450     1.3237    0.00070    0.00053     1.0171   102.5873     78.677     78.464         34    35.6313    35.6329    26.2041    26.2079    1512.12    1512.09 0.0000e+00
      91739 102.395203     70.000     69.598    16.1644    16.1627   4.480999   4.480830     1.2453     1.3238    0.00059    0.00020     1.0348   102.5571     78.722     78.464         38    35.6333    35.6334    26.1996    26.2000    1512.19    1512.18 0.0000e+00
      91825 102.395241     69.000     68.604    16.2157    16.2136   4.486563   4.486411     1.2492     1.3265    0.00051    0.00081     1.0648   102.5231     79.158     78.845         43    35.6372    35.6378    26.1907    26.1916    1512.33    1512.33 0.0000e+00
      91861 102.395264     68.000     67.610    16.2675    16.2554   4.492175   4.490969     1.2510     1.3285    0.00061    0.00123     1.0088   102.5132     79.244     78.933         30    35.6411    35.6413    26.1816    26.1846    1512.48    1512.44 0.0000e+00
      91888 102.395271     67.000     66.616    16.2738    16.2636   4.492797   4.491748     1.2522     1.3301    0.00124    0.00124     1.0312   102.4558     79.351     79.109         26    35.6414    35.6412    26.1803    26.1826    1512.48    1512.45 0.0000e+00
      91915 102.395287     66.000     65.622    16.2774    16.2728   4.493141   4.492718     1.2533     1.3313    0.00137    0.00115     1.0231   102.4956     79.467     79.150         28    35.6416    35.6420    26.1797    26.1810    1512.48    1512.46 0.0000e+00
      91949 102.395302     65.000     64.628    16.3215    16.3046   4.498013   4.496170     1.2554     1.3327    0.00126    0.00106     1.0423   102.4818     79.744     79.378         40    35.6458    35.6446    26.1726    26.1756    1512.60    1512.55 0.0000e+00
      91992 102.395325     64.000     63.634    16.4302    16.4142   4.509938   4.508370     1.2600     1.3381    0.00099    0.00127     1.0948   102.4139     80.126     80.102         46    35.6547    35.6552    26.1541    26.1581    1512.92    1512.88 0.0000e+00
      92046 102.395348     63.000     62.639    16.5210    16.5002   4.519449   4.517612     1.2657     1.3444    0.00302    0.00249     1.1470   102.3842     80.604     80.407         58    35.6582    35.6606    26.1354    26.1421    1513.19    1513.13 0.0000e+00
      92098 102.395378     62.000     61.645    16.6017    16.6181   4.528818   4.530517     1.2695     1.3492    0.00254    0.00261     1.1698   102.3735     80.704     80.597         54    35.6693    35.6697    26.1250    26.1214    1513.43    1513.48 0.0000e+00
      92156 102.395401     61.000     60.651    16.6884    16.6729   4.538108   4.536741     1.2738     1.3548    0.00230    0.00138     1.2189   102.2699     81.378     81.632         47    35.6744    35.6762    26.1084    26.1135    1513.68    1513.63 0.0000e+00
      92189 102.395416     60.000     59.657    16.8670    16.8734   4.558109   4.558881     1.2830     1.3643    0.00124    0.00130     1.1808   102.2537     82.914     83.244         26    35.6917    35.6927    26.0794    26.0787    1514.22    1514.24 0.0000e+00
      92214 102.395432     59.000     58.663    17.0985    17.0905   4.583617   4.582985     1.2965     1.3773    0.00343    0.00254     1.1771   102.1948     84.237     84.547         29    35.7098    35.7114    26.0380    26.0411    1514.92    1514.90 0.0000e+00
      92249 102.395447     58.000     57.669    17.2284    17.1889   4.597648   4.593390     1.3121     1.3927    0.00800    0.00784     1.3165   101.9675     85.316     85.498         39    35.7176    35.7155    26.0127    26.0206    1515.30    1515.18 0.0000e+00
      92285 102.395462     57.000     56.675    17.2740    17.2724   4.602584   4.602501     1.3233     1.4039    0.01169    0.01211     1.3992   102.0376     85.978     85.868         35    35.7206    35.7212    26.0040    26.0049    1515.42    1515.42 0.0000e+00
      92329 102.395485     56.000     55.680    17.3317    17.2653   4.609063   4.601695     1.3326     1.4110    0.00827    0.00832     1.5283   101.9472     86.791     86.434         56    35.7263    35.7209    25.9944    26.0063    1515.58    1515.38 0.0000e+00
      92394 102.395515     55.000     54.686    17.5050    17.4631   4.626859   4.623660     1.3476     1.4266    0.00470    0.00531     1.5649   101.7946     88.189     87.913         72    35.7280    35.7374    25.9537    25.9710    1516.08    1515.97 0.0000e+00
      92455 102.395546     54.000     53.692    17.6880    17.6761   4.647982   4.647223     1.3629     1.4429    0.00625    0.00561     1.5296   101.7267     89.580     89.778         36    35.7498    35.7538    25.9257    25.9316    1516.63    1516.60 0.0000e+00
      92482 102.395561     53.000     52.698    17.7290    17.7286   4.652639   4.652818     1.3715     1.4536    0.00440    0.00597     1.5832   101.7292     90.791     91.057         24    35.7543    35.7562    25.9190    25.9206    1516.73    1516.74 0.0000e+00
      92505 102.395569     52.000     51.704    17.8604    17.8785   4.667161   4.669280     1.3820     1.4652    0.00748    0.00631     1.5984   101.6937     91.947     92.349         23    35.7642    35.7665    25.8943    25.8916    1517.11    1517.17 0.0000e+00
      92531 102.395584     51.000     50.710    17.9726    17.9881   4.679213   4.680942     1.3953     1.4797    0.00907    0.00696     1.6424   101.6400     93.008     93.341         32    35.7697    35.7709    25.8707    25.8678    1517.43    1517.48 0.0000e+00
      92574 102.395607     50.000     49.715    18.0303    17.9947   4.685064   4.681643     1.4107     1.4946    0.01225    0.01120     1.8034   101.3400     94.112     94.204         51    35.7697    35.7715    25.8564    25.8666    1517.58    1517.48 0.0000e+00
      92629 102.395630     49.000     48.721    18.0552    18.0582   4.687500   4.688237     1.4235     1.5095    0.00852    0.00858     1.8722   101.2790     95.171     95.150         62    35.7690    35.7728    25.8496    25.8518    1517.64    1517.65 0.0000e+00
      92686 102.395660     48.000     47.727    18.1203    18.1186   4.694513   4.694762     1.4373     1.5212    0.00604    0.00467     1.9404   101.2201     96.563     96.547         47    35.7725    35.7761    25.8361    25.8393    1517.81    1517.81 0.0000e+00
      92730 102.395683     47.000     46.733    18.1952    18.1784   4.702551   4.701153     1.4519     1.5356    0.00430    0.00615     1.8437   101.1383     98.864     98.787         41    35.7760    35.7788    25.8201    25.8264    1518.02    1517.97 0.0000e+00
      92765 102.395699     46.000     45.739    18.4266    18.4186   4.727770   4.727190     1.4788     1.5629    0.00705    0.00583     1.9320   100.5692    102.374    103.151         31    35.7892    35.7913    25.7722    25.7758    1518.69    1518.67 0.0000e+00
      92795 102.395714     45.000     44.744    18.6085    18.6114   4.747870   4.748258     1.5124     1.5983    0.00991    0.01150     1.9255   100.7464    106.768    107.765         30    35.8017    35.8024    25.7358    25.7357    1519.21    1519.22 0.0000e+00
      92826 102.395729     44.000     43.750    18.9173    18.9024   4.781101   4.779517     1.5686     1.6537    0.02114    0.02004     2.0619   100.6334    114.671    116.346         32    35.8145    35.8141    25.6671    25.6706    1520.09    1520.04 0.0000e+00
      92859 102.395744     43.000     42.756    19.4598    19.4041   4.836395   4.830566     1.6677     1.7528    0.03068    0.02992     2.1383   100.2683    125.887    128.184         35    35.8094    35.8088    25.5232    25.5372    1521.59    1521.44 0.0000e+00
      92905 102.395767     42.000     41.762    19.7904    19.7143   4.867155   4.860658     1.7915     1.8595    0.05799    0.05855     2.5266    98.9563    134.643    130.416         42    35.7815    35.7929    25.4154    25.4440    1522.47    1522.27 0.0000e+00
      92979 102.395798     41.000     40.768    20.1128    20.1087   4.901168   4.900903     1.9159     1.9755    0.01516    0.04967     2.7625    98.1881    144.594    145.644         45    35.7871    35.7884    25.3343    25.3365    1523.35    1523.34 0.0000e+00
      93017 102.395821     40.000     39.773    20.2305    20.2079   4.912165   4.910319     1.9651     2.0547    0.05373    0.04084     3.3819    97.7155    149.741    150.744         35    35.7776    35.7817    25.2958    25.3049    1523.65    1523.59 0.0000e+00
      93047 102.395836     39.000     38.779    20.4130    20.4400   4.930241   4.933235     2.0141     2.1122    0.06179    0.03174     3.6148    97.7316    154.431    155.723         26    35.7709    35.7725    25.2418    25.2358    1524.12    1524.20 0.0000e+00
      93072 102.395844     38.000     37.785    20.5258    20.5410   4.941923   4.943662     2.0534     2.1583    0.04627    0.03190     3.5905    97.1503    158.054    159.150         26    35.7711    35.7724    25.2116    25.2085    1524.41    1524.46 0.0000e+00
      93109 102.395859     37.000     36.791    20.7218    20.6602   4.962293   4.956146     2.1146     2.2095    0.04479    0.03768     3.7671    96.4734    163.845    162.914         46    35.7715    35.7736    25.1590    25.1772    1524.93    1524.76 0.0000e+00
      93165 102.395889     36.000     35.796    21.0160    21.0150   4.992094   4.992208     2.2227     2.3185    0.03278    0.03958     4.0045    95.6263    175.980    177.946         42    35.7652    35.7670    25.0741    25.0757    1525.70    1525.70 0.0000e+00
      93198 102.395905     35.000     34.802    21.4111    21.4497   5.032608   5.036502     2.3180     2.4290    0.03668    0.04089     3.9018    95.6027    184.505    185.654         32    35.7602    35.7591    24.9617    24.9502    1526.73    1526.83 0.0000e+00
      93243 102.395927     34.000     33.808    21.6746    21.5454   5.059195   5.045931     2.4261     2.5168    0.07403    0.06414     4.2608    94.0645    193.230    192.085         56    35.7531    35.7550    24.8831    24.9205    1527.41    1527.07 0.0000e+00
      93288 102.395950     33.000     32.814    22.2552    22.3092   5.120564   5.126705     2.5456     2.6598    0.04452    0.05834     4.2817    94.4840    205.762    209.002         32    35.7581    35.7619    24.7238    24.7114    1528.92    1529.06 0.0000e+00
      93319 102.395966     32.000     31.819    23.5411    23.6587   5.259176   5.270961     2.6596     2.7829    0.05611    0.05481     3.1146    95.9147    209.921    211.213         36    35.7837    35.7788    24.3724    24.3340    1532.21    1532.50 0.0000e+00
      93362 102.395981     31.000     30.825    25.1126    24.9994   5.427864   5.416426     2.7247     2.8613    0.09953    0.08530     2.1624    97.7172    205.890    206.744         44    35.7985    35.8031    23.9125    23.9506    1536.06    1535.79 0.0000e+00
      93401 102.396004     30.000     29.831    25.6354    25.6262   5.484803   5.483989     2.7259     2.8625    0.05812    0.05033     1.6780    98.0594    203.099    202.339         40    35.8073    35.8085    23.7582    23.7619    1537.29    1537.27 0.0000e+00
      93455 102.396027     29.000     28.836    25.7900    25.7908   5.500584   5.501156     2.7250     2.8556    0.00072    0.00063     1.1169    98.4270    202.551    201.436         58    35.8021    35.8057    23.7062    23.7086    1537.64    1537.64 0.0000e+00
      93496 102.396049     28.000     27.842    25.8256    25.8262   5.503948   5.504335     2.7229     2.8547   -0.00416   -0.00069     1.0602    98.1607    202.034    201.269         28    35.7991    35.8015    23.6928    23.6944    1537.70    1537.70 0.0000e+00
      93521 102.396065     27.000     26.848    25.8511    25.8564   5.506455   5.507246     2.7207     2.8547   -0.00076    0.00023     1.0130    98.0242    201.876    201.192         27    35.7978    35.7995    23.6838    23.6833    1537.74    1537.76 0.0000e+00
      93558 102.396080     26.000     25.854    25.8871    25.8904   5.509749   5.510437     2.7220     2.8550   -0.00054   -0.00188     0.9888    97.9734    201.933    201.063         49    35.7941    35.7966    23.6696    23.6705    1537.80    1537.82 0.0000e+00
      93610 102.396103     25.000     24.859    25.8940    25.8948   5.509936   5.510378     2.7205     2.8556    0.00030    0.00055     0.9470    97.5138    201.563    201.114         51    35.7904    35.7930    23.6647    23.6664    1537.80    1537.80 0.0000e+00
      93659 102.396126     24.000     23.865    25.9151    25.9137   5.511871   5.512061     2.7215     2.8554    0.00025   -0.00076     0.9204    96.5812    201.999    201.060         47    35.7883    35.7909    23.6564    23.6588    1537.83    1537.83 0.0000e+00
      93709 102.396149     23.000     22.871    25.9170    25.9177   5.511741   5.512139     2.7253     2.8580   -0.00024    0.00054     0.9122    95.5296    201.969    201.268         50    35.7862    35.7886    23.6542    23.6558    1537.82    1537.82 0.0000e+00
      93748 102.396172     22.000     21.876    25.9059    25.9134   5.510269   5.511424     2.7255     2.8595    0.00174    0.00385     0.8784    94.7837    202.070    201.375         29    35.7845    35.7870    23.6563    23.6558    1537.77    1537.79 0.0000e+00
      93776 102.396187     21.000     20.882    25.9211    25.9228   5.511895   5.512376     2.7239     2.8598    0.00079   -0.00168     0.8794    94.2469    201.873    201.334         31    35.7848    35.7870    23.6517    23.6528    1537.79    1537.80 0.0000e+00
