data/CTD/fr24/fr24004.cnv
* Sea-Bird SBE 9 Data File:
* FileName = C:\SEASOFT\PIRATA-FR24\data\fr24004.hex
* Software Version Seasave V 7.23.1
* Temperature SN = 2042
* Conductivity SN = 1548
* Number of Bytes Per Scan = 35
* Number of Voltage Words = 2
* Number of Scans Averaged by the Deck Unit = 1
* NMEA Latitude = 09 54.68 S
* NMEA Longitude = 009 58.94 W
* NMEA UTC (Time) = Apr 19 2014 20:39:12
** Cruise: PIRATA-FR24
** Ship: LE SUROIT
** Station: 4
** Bottom Depth: 3500
** Operator: LF/ND
** Comments:
# nquan = 24                                
# nvalues = 4035                        
# units = specified
# name 0 = scan: Scan Count
# name 1 = timeJ: Julian Days
# name 2 = prDM: Pressure, Digiquartz [db]
# name 3 = depSM: Depth [salt water, m]
# name 4 = t090C: Temperature [ITS-90, deg C]
# name 5 = t190C: Temperature, 2 [ITS-90, deg C]
# name 6 = c0S/m: Conductivity [S/m]
# name 7 = c1S/m: Conductivity, 2 [S/m]
# name 8 = sbeox0V: Oxygen raw, SBE 43 [V]
# name 9 = sbeox1V: Oxygen raw, SBE 43, 2 [V]
# name 10 = sbeox1dOV/dT: Oxygen, SBE 43, 2 [dov/dt]
# name 11 = sbeox0dOV/dT: Oxygen, SBE 43 [dov/dt]
# name 12 = flECO-AFL: Fluorescence, WET Labs ECO-AFL/FL [mg/m^3]
# name 13 = CStarTr0: Beam Transmission, WET Labs C-Star [%]
# name 14 = sbeox0Mm/Kg: Oxygen, SBE 43 [umol/kg], WS = 2
# name 15 = sbeox1Mm/Kg: Oxygen, SBE 43, 2 [umol/kg], WS = 2
# name 16 = nbin: number of scans per bin
# name 17 = sal00: Salinity, Practical [PSU]
# name 18 = sal11: Salinity, Practical, 2 [PSU]
# name 19 = sigma-é00: Density [sigma-theta, kg/m^3]
# name 20 = sigma-é11: Density, 2 [sigma-theta, kg/m^3]
# name 21 = svCM: Sound Velocity [Chen-Millero, m/s]
# name 22 = svCM1: Sound Velocity, 2 [Chen-Millero, m/s]
# name 23 = flag: flag
# span 0 =          5,     110929       
# span 1 = 109.860542, 109.914040       
# span 2 =      2.000,   2021.000       
# span 3 =      1.989,   1999.922       
# span 4 =     3.4806,    27.2835       
# span 5 =     3.4809,    27.2844       
# span 6 =   3.281789,   5.768299       
# span 7 =   3.281791,   5.768376       
# span 8 =     1.0462,     2.8411       
# span 9 =     1.1141,     2.9671       
# span 10 =   -0.06655,    0.05208      
# span 11 =   -0.06249,    0.04269      
# span 12 =     0.5107,     2.2403      
# span 13 =    93.9726,   103.4014      
# span 14 =     66.943,    222.099      
# span 15 =     66.120,    218.899      
# span 16 =          9,         61      
# span 17 =    34.5019,    36.5763      
# span 18 =    34.5014,    36.5798      
# span 19 =    23.8047,    27.8040      
# span 20 =    23.8077,    27.8029      
# span 21 =    1482.45,    1542.28      
# span 22 =    1482.47,    1542.27      
# span 23 = 0.0000e+00, 0.0000e+00      
# interval = decibars: 1                
# start_time = Apr 19 2014 20:39:11 [System UTC, first data scan.]
# bad_flag = -9.990e-29
*END*
[from data line 2234]
      57674 109.888359   1802.000   1784.123     3.6217     3.6225   3.294544   3.294464     1.7139     1.7886    0.00010    0.00019     0.5613   103.3991    218.578    215.393         17    34.9349    34.9331    27.7874    27.7860    1494.77    1494.77 0.0000e+00
      57692 109.888367   1801.000   1783.137     3.6226     3.6237   3.294550   3.294543     1.7139     1.7886    0.00028    0.00015     0.5598   103.3888    218.514    215.331         19    34.9345    34.9333    27.7871    27.7859    1494.76    1494.76 0.0000e+00
      57722 109.888382   1800.000   1782.151     3.6228     3.6234   3.294534   3.294474     1.7139     1.7886    0.00001    0.00034     0.5520   103.3906    218.484    215.332         35    34.9346    34.9333    27.7871    27.7859    1494.74    1494.74 0.0000e+00
      57815 109.888428   1799.000   1781.166     3.6231     3.6242   3.294538   3.294505     1.7139     1.7889   -0.00006   -0.00002     0.5516   103.3953    218.456    215.673         23    34.9348    34.9333    27.7872    27.7859    1494.73    1494.73 0.0000e+00
      57830 109.888435   1798.000   1780.180     3.6236     3.6245   3.294527   3.294491     1.7139     1.7894    0.00009    0.00000     0.5498   103.3889    218.423    215.661         16    34.9347    34.9332    27.7871    27.7858    1494.71    1494.71 0.0000e+00
      57845 109.888443   1797.000   1779.194     3.6260     3.6263   3.294704   3.294611     1.7139     1.7893    0.00009    0.00000     0.5549   103.3907    218.549    215.600         16    34.9347    34.9333    27.7868    27.7857    1494.71    1494.71 0.0000e+00
      57863 109.888451   1796.000   1778.208     3.6276     3.6278   3.294801   3.294688     1.7144     1.7901    0.00010    0.00000     0.5514   103.3890    218.798    215.595         20    34.9347    34.9331    27.7867    27.7854    1494.70    1494.69 0.0000e+00
      57926 109.888481   1795.000   1777.222     3.6284     3.6286   3.294806   3.294721     1.7148     1.7895    0.00010    0.00021     0.5573   103.3866    218.722    215.301         45    34.9343    34.9332    27.7863    27.7853    1494.68    1494.68 0.0000e+00
      57983 109.888504   1794.000   1776.236     3.6286     3.6298   3.294822   3.294803     1.7152     1.7900    0.00025   -0.00033     0.5600   103.3926    218.537    215.535         27    34.9348    34.9333    27.7866    27.7853    1494.67    1494.67 0.0000e+00
      58006 109.888519   1793.000   1775.250     3.6316     3.6326   3.295048   3.294998     1.7152     1.7898   -0.00048    0.00002     0.5582   103.4011    218.468    215.339         21    34.9348    34.9332    27.7863    27.7850    1494.66    1494.66 0.0000e+00
      58026 109.888527   1792.000   1774.264     3.6328     3.6337   3.295094   3.295054     1.7152     1.7901    0.00013    0.00024     0.5582   103.3822    218.435    215.497         21    34.9346    34.9331    27.7861    27.7847    1494.65    1494.65 0.0000e+00
      58052 109.888542   1791.000   1773.278     3.6329     3.6338   3.295063   3.295029     1.7152     1.7904    0.00021    0.00024     0.5567   103.3948    218.406    215.481         36    34.9346    34.9333    27.7860    27.7849    1494.63    1494.64 0.0000e+00
      58144 109.888580   1790.000   1772.292     3.6328     3.6334   3.295020   3.294957     1.7152     1.7909    0.00014    0.00001     0.5533   103.3929    218.380    215.435         34    34.9346    34.9332    27.7860    27.7849    1494.62    1494.62 0.0000e+00
      58235 109.888626   1789.000   1771.306     3.6344     3.6354   3.295117   3.295098     1.7152     1.7917   -0.00022    0.00001     0.5624   103.3946    218.345    215.938         28    34.9346    34.9333    27.7859    27.7847    1494.61    1494.61 0.0000e+00
      58253 109.888634   1788.000   1770.320     3.6349     3.6357   3.295120   3.295068     1.7152     1.7917    0.00042    0.00003     0.5609   103.3910    218.313    215.349         20    34.9346    34.9332    27.7858    27.7846    1494.59    1494.59 0.0000e+00
      58274 109.888649   1787.000   1769.334     3.6354     3.6361   3.295131   3.295067     1.7152     1.7917    0.00023   -0.00003     0.5563   103.3905    218.284    215.421         25    34.9346    34.9332    27.7858    27.7846    1494.58    1494.58 0.0000e+00
      58363 109.888687   1786.000   1768.349     3.6354     3.6360   3.295089   3.295024     1.7153     1.7912   -0.00002   -0.00000     0.5561   103.3925    218.257    215.285         49    34.9346    34.9332    27.7857    27.7846    1494.56    1494.56 0.0000e+00
      58440 109.888725   1785.000   1767.363     3.6354     3.6365   3.295037   3.295012     1.7153     1.7913   -0.00007   -0.00006     0.5536   103.3964    218.231    215.525         45    34.9345    34.9331    27.7856    27.7844    1494.54    1494.55 0.0000e+00
      58472 109.888741   1784.000   1766.377     3.6367     3.6369   3.295100   3.295008     1.7153     1.7917    0.00020   -0.00004     0.5563   103.3873    218.195    215.380         21    34.9344    34.9331    27.7854    27.7843    1494.53    1494.53 0.0000e+00
      58492 109.888748   1783.000   1765.391     3.6385     3.6394   3.295246   3.295189     1.7153     1.7919    0.00011    0.00000     0.5546   103.3914    218.158    215.181         19    34.9347    34.9331    27.7855    27.7841    1494.52    1494.53 0.0000e+00
      58525 109.888771   1782.000   1764.405     3.6396     3.6399   3.295300   3.295213     1.7153     1.7916    0.00018    0.00010     0.5532   103.3900    218.123    215.198         34    34.9346    34.9333    27.7853    27.7842    1494.51    1494.51 0.0000e+00
      58600 109.888802   1781.000   1763.419     3.6388     3.6394   3.295175   3.295104     1.7153     1.7920    0.00018   -0.00010     0.5595   103.3897    218.101    215.455         30    34.9345    34.9331    27.7853    27.7841    1494.49    1494.49 0.0000e+00
      58625 109.888817   1780.000   1762.433     3.6401     3.6413   3.295241   3.295233     1.7153     1.7920    0.00011   -0.00006     0.5505   103.3840    218.066    215.366         26    34.9345    34.9331    27.7851    27.7839    1494.48    1494.48 0.0000e+00
      58675 109.888840   1779.000   1761.447     3.6417     3.6419   3.295335   3.295258     1.7158     1.7922    0.00006    0.00017     0.5599   103.3882    218.341    215.278         36    34.9343    34.9332    27.7848    27.7839    1494.47    1494.47 0.0000e+00
      58723 109.888863   1778.000   1760.461     3.6416     3.6420   3.295282   3.295207     1.7163     1.7923   -0.00002    0.00015     0.5547   103.3925    218.323    215.420         23    34.9343    34.9329    27.7848    27.7837    1494.45    1494.45 0.0000e+00
      58743 109.888870   1777.000   1759.475     3.6467     3.6469   3.295713   3.295612     1.7165     1.7927    0.00002    0.00020     0.5560   103.3905    218.257    215.552         22    34.9345    34.9331    27.7845    27.7833    1494.46    1494.46 0.0000e+00
      58778 109.888893   1776.000   1758.489     3.6484     3.6487   3.295804   3.295717     1.7165     1.7924    0.00004    0.00011     0.5577   103.3874    218.137    215.121         34    34.9342    34.9329    27.7841    27.7830    1494.45    1494.45 0.0000e+00
      58853 109.888924   1775.000   1757.503     3.6466     3.6475   3.295617   3.295573     1.7166     1.7924   -0.00019    0.00001     0.5555   103.3789    218.119    215.026         38    34.9344    34.9330    27.7844    27.7832    1494.42    1494.43 0.0000e+00
      58901 109.888947   1774.000   1756.517     3.6475     3.6480   3.295636   3.295585     1.7166     1.7921   -0.00003    0.00001     0.5575   103.3897    218.087    214.948         54    34.9342    34.9330    27.7841    27.7831    1494.41    1494.41 0.0000e+00
      58947 109.888969   1773.000   1755.531     3.6503     3.6507   3.295843   3.295758     1.7166     1.7918   -0.00019    0.00000     0.5526   103.3906    218.042    215.042         31    34.9341    34.9328    27.7838    27.7826    1494.41    1494.41 0.0000e+00
      58978 109.888985   1772.000   1754.545     3.6506     3.6515   3.295841   3.295804     1.7166     1.7923   -0.00004    0.00007     0.5514   103.3959    218.014    215.123         31    34.9344    34.9329    27.7839    27.7827    1494.39    1494.39 0.0000e+00
      59007 109.889000   1771.000   1753.559     3.6516     3.6525   3.295881   3.295836     1.7166     1.7924   -0.00009   -0.00002     0.5594   103.3867    217.980    215.037         26    34.9342    34.9327    27.7837    27.7824    1494.38    1494.38 0.0000e+00
      59030 109.889008   1770.000   1752.573     3.6512     3.6526   3.295805   3.295784     1.7166     1.7922    0.00027   -0.00008     0.5543   103.3838    217.954    215.004         20    34.9342    34.9325    27.7837    27.7823    1494.36    1494.36 0.0000e+00
      59050 109.889023   1769.000   1751.587     3.6514     3.6525   3.295784   3.295773     1.7166     1.7926    0.00015    0.00000     0.5568   103.3838    217.925    215.105         22    34.9343    34.9330    27.7838    27.7826    1494.34    1494.35 0.0000e+00
      59077 109.889030   1768.000   1750.601     3.6518     3.6525   3.295777   3.295732     1.7166     1.7925    0.00002    0.00000     0.5582   103.3838    217.895    214.867         31    34.9342    34.9329    27.7836    27.7826    1494.33    1494.33 0.0000e+00
      59142 109.889069   1767.000   1749.615     3.6517     3.6524   3.295733   3.295686     1.7166     1.7920    0.00003    0.00000     0.5502   103.3838    217.910    214.904         37    34.9343    34.9330    27.7837    27.7826    1494.31    1494.31 0.0000e+00
      59167 109.889076   1766.000   1748.629     3.6522     3.6527   3.295726   3.295645     1.7169     1.7925   -0.00021    0.00000     0.5590   103.3838    218.118    215.054         24    34.9342    34.9328    27.7836    27.7824    1494.30    1494.30 0.0000e+00
      59191 109.889091   1765.000   1747.642     3.6530     3.6537   3.295774   3.295715     1.7173     1.7925   -0.00018    0.00000     0.5547   103.3838    217.990    214.845         23    34.9344    34.9330    27.7837    27.7825    1494.28    1494.28 0.0000e+00
      59214 109.889099   1764.000   1746.656     3.6531     3.6540   3.295741   3.295682     1.7171     1.7925    0.00019    0.00009     0.5543   103.3838    217.841    214.820         24    34.9344    34.9328    27.7836    27.7823    1494.27    1494.27 0.0000e+00
      59238 109.889114   1763.000   1745.670     3.6533     3.6539   3.295708   3.295646     1.7174     1.7925    0.00031    0.00038     0.5600   103.3838    217.929    215.055         26    34.9342    34.9328    27.7835    27.7823    1494.25    1494.25 0.0000e+00
      59265 109.889122   1762.000   1744.684     3.6537     3.6538   3.295705   3.295609     1.7169     1.7930    0.00002    0.00007     0.5519   103.3838    217.678    215.035         28    34.9343    34.9331    27.7835    27.7825    1494.24    1494.23 0.0000e+00
      59296 109.889137   1761.000   1743.698     3.6541     3.6542   3.295692   3.295594     1.7173     1.7929    0.00006    0.00010     0.5557   103.3838    217.952    214.796         33    34.9341    34.9329    27.7833    27.7823    1494.22    1494.22 0.0000e+00
      59325 109.889153   1760.000   1742.712     3.6555     3.6549   3.295774   3.295611     1.7175     1.7932    0.00024   -0.00028     0.5547   103.3838    218.017    215.192         23    34.9342    34.9328    27.7832    27.7822    1494.21    1494.21 0.0000e+00
      59345 109.889160   1759.000   1741.726     3.6567     3.6552   3.295864   3.295587     1.7179     1.7937    0.00001    0.00004     0.5544   103.3838    217.941    215.387         19    34.9344    34.9328    27.7833    27.7821    1494.20    1494.19 0.0000e+00
      59363 109.889168   1758.000   1740.740     3.6638     3.6649   3.296414   3.296389     1.7179     1.7942   -0.00013    0.00023     0.5554   103.3838    217.784    215.212         18    34.9339    34.9325    27.7822    27.7809    1494.21    1494.21 0.0000e+00
      59383 109.889183   1757.000   1739.754     3.6667     3.6688   3.296644   3.296705     1.7179     1.7943    0.00031    0.00030     0.5521   103.3838    217.730    214.650         22    34.9341    34.9327    27.7820    27.7807    1494.21    1494.21 0.0000e+00
      59411 109.889198   1756.000   1738.768     3.6696     3.6668   3.296810   3.296463     1.7179     1.7935    0.00058    0.00021     0.5541   103.3838    217.689    214.425         35    34.9335    34.9323    27.7813    27.7806    1494.20    1494.19 0.0000e+00
      59444 109.889214   1755.000   1737.782     3.6740     3.6689   3.297162   3.296637     1.7177     1.7935    0.00011   -0.00000     0.5525   103.3838    217.708    214.262         26    34.9335    34.9327    27.7808    27.7807    1494.20    1494.18 0.0000e+00
      59466 109.889221   1754.000   1736.796     3.6749     3.6744   3.297208   3.297048     1.7167     1.7925   -0.00049   -0.00001     0.5577   103.3838    216.564    214.148         20    34.9336    34.9322    27.7808    27.7797    1494.19    1494.19 0.0000e+00
      59485 109.889229   1753.000   1735.810     3.6800     3.6787   3.297625   3.297417     1.7166     1.7925   -0.00025   -0.00029     0.5530   103.3838    217.230    214.364         20    34.9337    34.9326    27.7803    27.7796    1494.19    1494.19 0.0000e+00
      59509 109.889244   1752.000   1734.823     3.6804     3.6824   3.297604   3.297670     1.7163     1.7925   -0.00030   -0.00050     0.5578   103.3897    216.909    214.324         31    34.9334    34.9322    27.7801    27.7789    1494.18    1494.19 0.0000e+00
      59553 109.889259   1751.000   1733.837     3.6790     3.6799   3.297431   3.297408     1.7153     1.7924   -0.00024   -0.00017     0.5576   103.3900    216.922    214.145         45    34.9334    34.9322    27.7802    27.7791    1494.16    1494.16 0.0000e+00
      59584 109.889275   1750.000   1732.851     3.6836     3.6830   3.297795   3.297637     1.7154     1.7921   -0.00008   -0.00063     0.5519   103.3901    216.986    214.183         22    34.9333    34.9320    27.7797    27.7787    1494.16    1494.16 0.0000e+00
      59602 109.889290   1749.000   1731.865     3.6848     3.6845   3.297865   3.297736     1.7154     1.7923   -0.00001   -0.00064     0.5585   103.3887    216.947    214.317         17    34.9333    34.9321    27.7795    27.7786    1494.15    1494.14 0.0000e+00
      59618 109.889297   1748.000   1730.879     3.6865     3.6872   3.297969   3.297911     1.7154     1.7922   -0.00021   -0.00017     0.5449   103.3839    216.909    214.184         15    34.9332    34.9319    27.7793    27.7782    1494.14    1494.14 0.0000e+00
      59633 109.889305   1747.000   1729.893     3.6876     3.6878   3.297995   3.297889     1.7154     1.7926   -0.00035   -0.00001     0.5581   103.3838    216.875    214.049         14    34.9329    34.9315    27.7790    27.7778    1494.13    1494.12 0.0000e+00
      59648 109.889313   1746.000   1728.907     3.6891     3.6886   3.298109   3.297935     1.7154     1.7920   -0.00006    0.00000     0.5522   103.3838    216.838    213.808         17    34.9332    34.9316    27.7790    27.7778    1494.11    1494.11 0.0000e+00
      59667 109.889320   1745.000   1727.921     3.6903     3.6890   3.298163   3.297944     1.7154     1.7920    0.00008    0.00001     0.5561   103.3838    216.804    213.773         23    34.9330    34.9318    27.7787    27.7779    1494.10    1494.10 0.0000e+00
      59698 109.889336   1744.000   1726.934     3.6930     3.6894   3.298344   3.297939     1.7154     1.7918   -0.00005    0.00003     0.5478   103.3838    216.761    213.800         41    34.9328    34.9318    27.7783    27.7778    1494.10    1494.08 0.0000e+00
      59741 109.889351   1743.000   1725.948     3.6952     3.6877   3.298499   3.297744     1.7154     1.7914   -0.00032    0.00001     0.5540   103.3838    216.720    213.938         37    34.9328    34.9318    27.7780    27.7780    1494.09    1494.06 0.0000e+00
