data/CTD/fr24/fr24003.cnv
* Sea-Bird SBE 9 Data File:
* FileName = C:\SEASOFT\PIRATA-FR24\data\fr24003.hex
* Software Version Seasave V 7.23.1
* Temperature SN = 2042
* Conductivity SN = 1548
* Number of Bytes Per Scan = 35
* Number of Voltage Words = 2
* Number of Scans Averaged by the Deck Unit = 1
* NMEA Latitude = 03 26.36 S
* NMEA Longitude = 018 31.34 W
* NMEA UTC (Time) = Apr 16 2014 07:12:27
** Cruise: PIRATA-FR24
** Ship: LE SUROIT
** Station: 3
** Bottom Depth: 4578
** Operator: ET/YP
** Comments:
# nquan = 24                                
# nvalues = 8513                        
# units = specified
# name 0 = scan: Scan Count
# name 1 = timeJ: Julian Days
# name 2 = prDM: Pressure, Digiquartz [db]
# name 3 = depSM: Depth [salt water, m]
# name 4 = t090C: Temperature [ITS-90, deg C]
# name 5 = t190C: Temperature, 2 [ITS-90, deg C]
# name 6 = c0S/m: Conductivity [S/m]
# name 7 = c1S/m: Conductivity, 2 [S/m]
# name 8 = sbeox0V: Oxygen raw, SBE 43 [V]
# name 9 = sbeox1V: Oxygen raw, SBE 43, 2 [V]
# name 10 = sbeox1dOV/dT: Oxygen, SBE 43, 2 [dov/dt]
# name 11 = sbeox0dOV/dT: Oxygen, SBE 43 [dov/dt]
# name 12 = flECO-AFL: Fluorescence, WET Labs ECO-AFL/FL [mg/m^3]
# name 13 = CStarTr0: Beam Transmission, WET Labs C-Star [%]
# name 14 = sbeox0Mm/Kg: Oxygen, SBE 43 [umol/kg], WS = 2
# name 15 = sbeox1Mm/Kg: Oxygen, SBE 43, 2 [umol/kg], WS = 2
# name 16 = nbin: number of scans per bin
# name 17 = sal00: Salinity, Practical [PSU]
# name 18 = sal11: Salinity, Practical, 2 [PSU]
# name 19 = sigma-é00: Density [sigma-theta, kg/m^3]
# name 20 = sigma-é11: Density, 2 [sigma-theta, kg/m^3]
# name 21 = svCM: Sound Velocity [Chen-Millero, m/s]
# name 22 = svCM1: Sound Velocity, 2 [Chen-Millero, m/s]
# name 23 = flag: flag
# span 0 =       1531,     324522       
# span 1 = 106.301041, 106.456802       
# span 2 =      2.000,   4258.000       
# span 3 =      1.989,   4192.542       
# span 4 =     1.3425,    28.7902       
# span 5 =     1.3425,    28.7905       
# span 6 =   3.173591,   5.861740       
# span 7 =   3.173405,   5.861920       
# span 8 =     0.9747,     2.7949       
# span 9 =     1.0435,     2.9309       
# span 10 =   -0.11428,    0.05563      
# span 11 =   -0.10382,    0.05420      
# span 12 =     0.5121,     2.2839      
# span 13 =    87.0481,   103.2678      
# span 14 =     58.508,    242.835      
# span 15 =     57.907,    240.922      
# span 16 =          6,         71      
# span 17 =    34.4844,    36.1126      
# span 18 =    34.4839,    36.1213      
# span 19 =    22.9290,    27.8897      
# span 20 =    22.9303,    27.8879      
# span 21 =    1481.35,    1544.72      
# span 22 =    1481.35,    1544.71      
# span 23 = 0.0000e+00, 0.0000e+00      
# interval = decibars: 1                
# start_time = Apr 16 2014 07:12:26 [System UTC, first data scan.]
# bad_flag = -9.990e-29
*END*
[from data line 1691]
      44759 106.321884   1693.000   1676.865     3.9208     3.9212   3.319908   3.319879     1.8000     1.8796    0.00027    0.00036     0.5437   103.1623    229.279    226.429         25    34.9719    34.9711    27.7862    27.7856    1494.25    1494.25 0.0000e+00
      44781 106.321899   1694.000   1677.851     3.9202     3.9205   3.319880   3.319851     1.8000     1.8795    0.00014    0.00011     0.5437   103.1622    229.278    226.503         21    34.9717    34.9711    27.7862    27.7857    1494.26    1494.26 0.0000e+00
      44802 106.321907   1695.000   1678.838     3.9190     3.9193   3.319818   3.319781     1.8000     1.8795    0.00015    0.00010     0.5437   103.1537    229.316    226.601         22    34.9718    34.9711    27.7864    27.7858    1494.27    1494.28 0.0000e+00
      44825 106.321915   1696.000   1679.824     3.9184     3.9188   3.319808   3.319774     1.8000     1.8795   -0.00007 3.6876e-08     0.5437   103.1449    229.343    226.656         23    34.9717    34.9710    27.7864    27.7858    1494.29    1494.29 0.0000e+00
      44848 106.321930   1697.000   1680.811     3.9178     3.9182   3.319800   3.319756     1.7999     1.8795    0.00000   -0.00006     0.5437   103.1584    229.326    226.405         23    34.9718    34.9709    27.7865    27.7858    1494.30    1494.30 0.0000e+00
      44871 106.321938   1698.000   1681.797     3.9161     3.9163   3.319686   3.319639     1.7999     1.8790   -0.00001    0.00011     0.5437   103.1457    229.192    226.577         22    34.9718    34.9710    27.7867    27.7861    1494.31    1494.31 0.0000e+00
      44893 106.321953   1699.000   1682.784     3.9136     3.9138   3.319487   3.319438     1.7992     1.8793   -0.00019   -0.00009     0.5437   103.1509    229.078    226.620         21    34.9716    34.9708    27.7869    27.7862    1494.32    1494.32 0.0000e+00
      44913 106.321960   1700.000   1683.770     3.9097     3.9101   3.319212   3.319170     1.7991     1.8788   -0.00020    0.00002     0.5437   103.1568    229.309    226.380         20    34.9720    34.9711    27.7875    27.7868    1494.32    1494.32 0.0000e+00
      44933 106.321968   1701.000   1684.757     3.9088     3.9092   3.319194   3.319149     1.7991     1.8786   -0.00021   -0.00010     0.5437   103.1526    229.602    226.736         22    34.9722    34.9713    27.7878    27.7871    1494.33    1494.33 0.0000e+00
      44957 106.321983   1702.000   1685.743     3.9069     3.9073   3.319076   3.319034     1.7999     1.8792   -0.00001   -0.00047     0.5437   103.1474    229.842    227.200         26    34.9724    34.9714    27.7882    27.7873    1494.34    1494.34 0.0000e+00
      44984 106.321991   1703.000   1686.730     3.9029     3.9033   3.318763   3.318711     1.8000     1.8794   -0.00036   -0.00012     0.5437   103.1601    229.659    227.242         27    34.9724    34.9714    27.7885    27.7878    1494.34    1494.34 0.0000e+00
      45008 106.322006   1704.000   1687.716     3.9017     3.9020   3.318687   3.318653     1.8000     1.8801    0.00017    0.00039     0.5437   103.1569    229.700    227.360         21    34.9723    34.9716    27.7886    27.7880    1494.35    1494.35 0.0000e+00
      45028 106.322014   1705.000   1688.703     3.9010     3.9014   3.318656   3.318619     1.8000     1.8802    0.00052    0.00054     0.5437   103.1473    229.745    227.310         20    34.9722    34.9714    27.7886    27.7879    1494.37    1494.37 0.0000e+00
      45050 106.322029   1706.000   1689.689     3.9003     3.9008   3.318647   3.318607     1.8002     1.8807    0.00039    0.00015     0.5437   103.1574    230.048    227.682         26    34.9723    34.9714    27.7888    27.7880    1494.38    1494.38 0.0000e+00
      45088 106.322044   1707.000   1690.676     3.9010     3.9015   3.318791   3.318766     1.8010     1.8813    0.00033    0.00003     0.5437   103.1543    230.159    227.645         46    34.9728    34.9719    27.7891    27.7884    1494.40    1494.40 0.0000e+00
      45126 106.322060   1708.000   1691.662     3.8997     3.9001   3.318803   3.318757     1.8016     1.8821    0.00060    0.00048     0.5437   103.1624    230.509    228.142         30    34.9738    34.9729    27.7901    27.7893    1494.41    1494.41 0.0000e+00
      45154 106.322075   1709.000   1692.649     3.8948     3.8950   3.318432   3.318377     1.8025     1.8831    0.00034    0.00047     0.5437   103.1622    230.695    228.460         25    34.9741    34.9732    27.7908    27.7901    1494.41    1494.41 0.0000e+00
      45177 106.322090   1710.000   1693.635     3.8902     3.8904   3.318047   3.317999     1.8031     1.8838    0.00036    0.00011     0.5437   103.1622    230.972    228.649         22    34.9740    34.9732    27.7912    27.7905    1494.41    1494.41 0.0000e+00
      45199 106.322098   1711.000   1694.621     3.8885     3.8889   3.317937   3.317895     1.8039     1.8847    0.00076    0.00080     0.5437   103.1622    231.173    228.743         22    34.9740    34.9731    27.7914    27.7906    1494.42    1494.42 0.0000e+00
      45221 106.322105   1712.000   1695.608     3.8873     3.8877   3.317850   3.317802     1.8048     1.8853    0.00085    0.00066     0.5437   103.1622    231.211    228.575         24    34.9737    34.9728    27.7913    27.7905    1494.43    1494.43 0.0000e+00
      45245 106.322121   1713.000   1696.594     3.8822     3.8824   3.317421   3.317361     1.8050     1.8853    0.00089    0.00080     0.5437   103.1622    231.273    228.581         24    34.9736    34.9726    27.7917    27.7909    1494.42    1494.42 0.0000e+00
      45268 106.322128   1714.000   1697.581     3.8770     3.8773   3.316981   3.316926     1.8063     1.8858    0.00077    0.00088     0.5437   103.1622    231.470    228.896         21    34.9734    34.9724    27.7921    27.7913    1494.42    1494.42 0.0000e+00
      45290 106.322144   1715.000   1698.567     3.8738     3.8742   3.316738   3.316695     1.8063     1.8861    0.00041    0.00066     0.5437   103.1622    231.341    228.740         24    34.9733    34.9724    27.7924    27.7916    1494.42    1494.42 0.0000e+00
      45317 106.322151   1716.000   1699.554     3.8691     3.8694   3.316342   3.316282     1.8063     1.8865    0.00029    0.00044     0.5437   103.1622    231.401    228.885         30    34.9732    34.9721    27.7928    27.7919    1494.42    1494.42 0.0000e+00
      45346 106.322166   1717.000   1700.540     3.8599     3.8601   3.315551   3.315497     1.8063     1.8861    0.00035    0.00065     0.5437   103.1622    231.490    228.753         26    34.9731    34.9722    27.7936    27.7929    1494.40    1494.40 0.0000e+00
      45369 106.322182   1718.000   1701.526     3.8538     3.8541   3.315022   3.314977     1.8063     1.8864    0.00021    0.00014     0.5437   103.1622    231.561    228.888         20    34.9728    34.9719    27.7939    27.7932    1494.39    1494.39 0.0000e+00
      45388 106.322189   1719.000   1702.513     3.8482     3.8484   3.314551   3.314504     1.8063     1.8863    0.00019    0.00004     0.5437   103.1622    231.627    229.142         18    34.9727    34.9718    27.7945    27.7938    1494.38    1494.38 0.0000e+00
      45406 106.322197   1720.000   1703.499     3.8429     3.8433   3.314108   3.314053     1.8063     1.8866   -0.00005    0.00001     0.5437   103.1622    231.692    229.270         20    34.9725    34.9715    27.7948    27.7940    1494.38    1494.38 0.0000e+00
      45433 106.322212   1721.000   1704.485     3.8400     3.8405   3.313881   3.313837     1.8063     1.8870    0.00000    0.00001     0.5437   103.1622    231.856    229.450         36    34.9724    34.9713    27.7951    27.7942    1494.38    1494.38 0.0000e+00
      45474 106.322227   1722.000   1705.472     3.8386     3.8391   3.313804   3.313747     1.8072     1.8872    0.00029    0.00001     0.5437   103.1622    232.132    229.210         38    34.9724    34.9713    27.7952    27.7943    1494.39    1494.39 0.0000e+00
      45503 106.322243   1723.000   1706.458     3.8338     3.8341   3.313393   3.313350     1.8072     1.8874    0.00036    0.00013     0.5437   103.1622    232.045    229.497         26    34.9722    34.9714    27.7956    27.7949    1494.39    1494.39 0.0000e+00
      45529 106.322258   1724.000   1707.445     3.8299     3.8304   3.313100   3.313054     1.8074     1.8874    0.00011    0.00060     0.5437   103.1622    232.202    229.357         27    34.9723    34.9713    27.7961    27.7952    1494.39    1494.39 0.0000e+00
      45558 106.322273   1725.000   1708.431     3.8297     3.8301   3.313116   3.313068     1.8076     1.8876    0.00001    0.00002     0.5437   103.1622    232.184    229.606         29    34.9723    34.9713    27.7961    27.7952    1494.40    1494.40 0.0000e+00
      45584 106.322281   1726.000   1709.417     3.8287     3.8291   3.313082   3.313034     1.8076     1.8873    0.00014    0.00019     0.5436   103.1622    232.196    229.490         23    34.9724    34.9715    27.7963    27.7955    1494.42    1494.42 0.0000e+00
      45607 106.322296   1727.000   1710.404     3.8275     3.8279   3.313009   3.312966     1.8076     1.8878   -0.00007    0.00017     0.5177   103.1521    232.235    229.671         22    34.9724    34.9715    27.7964    27.7956    1494.43    1494.43 0.0000e+00
      45628 106.322304   1728.000   1711.390     3.8263     3.8266   3.312939   3.312895     1.8076     1.8874    0.00025    0.00006     0.5416   103.1607    232.274    229.325         21    34.9723    34.9715    27.7965    27.7957    1494.44    1494.44 0.0000e+00
      45649 106.322311   1729.000   1712.376     3.8244     3.8247   3.312808   3.312761     1.8076     1.8875   -0.00005    0.00002     0.5499   103.1543    232.318    229.694         21    34.9724    34.9715    27.7967    27.7959    1494.45    1494.45 0.0000e+00
      45670 106.322327   1730.000   1713.363     3.8223     3.8227   3.312659   3.312617     1.8076     1.8875    0.00023   -0.00001     0.5510   103.1599    232.361    229.486         20    34.9723    34.9714    27.7968    27.7961    1494.46    1494.46 0.0000e+00
      45690 106.322334   1731.000   1714.349     3.8199     3.8202   3.312487   3.312434     1.8076     1.8872   -0.00025   -0.00005     0.5491   103.1618    232.408    229.644         22    34.9723    34.9713    27.7971    27.7963    1494.46    1494.46 0.0000e+00
      45716 106.322350   1732.000   1715.336     3.8175     3.8180   3.312303   3.312258     1.8076     1.8874   -0.00001    0.00004     0.5439   103.1631    232.455    229.719         31    34.9722    34.9711    27.7973    27.7963    1494.47    1494.47 0.0000e+00
      45753 106.322365   1733.000   1716.322     3.8151     3.8156   3.312122   3.312064     1.8076     1.8871   -0.00012    0.00001     0.5436   103.1416    232.502    229.596         39    34.9721    34.9709    27.7974    27.7964    1494.48    1494.48 0.0000e+00
      45785 106.322380   1734.000   1717.308     3.8126     3.8129   3.311940   3.311881     1.8076     1.8872    0.00010    0.00001     0.5437   103.1555    232.549    229.805         26    34.9721    34.9711    27.7977    27.7969    1494.48    1494.48 0.0000e+00
      45808 106.322388   1735.000   1718.295     3.8090     3.8093   3.311675   3.311613     1.8077     1.8872   -0.00012    0.00001     0.5485   103.1624    232.602    229.831         20    34.9723    34.9712    27.7982    27.7973    1494.48    1494.48 0.0000e+00
      45827 106.322403   1736.000   1719.281     3.8082     3.8086   3.311651   3.311607     1.8077     1.8872   -0.00002    0.00001     0.5469   103.1622    232.636    229.867         18    34.9723    34.9714    27.7983    27.7976    1494.50    1494.50 0.0000e+00
      45845 106.322411   1737.000   1720.267     3.8074     3.8077   3.311597   3.311546     1.8077     1.8872    0.00003    0.00000     0.5499   103.1622    232.676    229.901         19    34.9721    34.9712    27.7982    27.7975    1494.51    1494.51 0.0000e+00
      45866 106.322418   1738.000   1721.253     3.8065     3.8070   3.311553   3.311515     1.8077     1.8872   -0.00020   -0.00012     0.5492   103.1622    232.713    229.939         27    34.9721    34.9711    27.7983    27.7975    1494.52    1494.53 0.0000e+00
      45904 106.322441   1739.000   1722.240     3.8065     3.8070   3.311593   3.311550     1.8077     1.8872    0.00000   -0.00008     0.5510   103.1622    232.744    229.969         43    34.9720    34.9709    27.7982    27.7974    1494.54    1494.54 0.0000e+00
      45941 106.322456   1740.000   1723.226     3.8064     3.8067   3.311634   3.311585     1.8077     1.8873    0.00009    0.00022     0.5485   103.1622    232.777    230.209         31    34.9722    34.9712    27.7984    27.7976    1494.56    1494.56 0.0000e+00
      45968 106.322472   1741.000   1724.212     3.8056     3.8059   3.311590   3.311549     1.8077     1.8875    0.00007    0.00009     0.5513   103.1622    232.814    230.123         25    34.9720    34.9712    27.7984    27.7977    1494.57    1494.57 0.0000e+00
      45991 106.322479   1742.000   1725.199     3.8044     3.8047   3.311537   3.311502     1.8077     1.8876    0.00027   -0.00003     0.5519   103.1617    232.852    230.045         21    34.9721    34.9713    27.7986    27.7979    1494.58    1494.58 0.0000e+00
      46011 106.322487   1743.000   1726.185     3.8042     3.8045   3.311557   3.311507     1.8077     1.8873    0.00015    0.00000     0.5437   103.1365    232.883    230.088         19    34.9721    34.9712    27.7986    27.7979    1494.60    1494.60 0.0000e+00
      46031 106.322502   1744.000   1727.171     3.8031     3.8034   3.311507   3.311465     1.8077     1.8875   -0.00006    0.00001     0.5437   103.1609    232.809    230.246         20    34.9721    34.9713    27.7987    27.7981    1494.61    1494.61 0.0000e+00
      46051 106.322510   1745.000   1728.158     3.8024     3.8027   3.311484   3.311425     1.8072     1.8873   -0.00008    0.00000     0.5437   103.1585    232.615    230.035         22    34.9722    34.9711    27.7989    27.7980    1494.62    1494.62 0.0000e+00
      46075 106.322517   1746.000   1729.144     3.8010     3.8014   3.311393   3.311332     1.8071     1.8872   -0.00008   -0.00019     0.5437   103.1611    232.942    230.191         25    34.9720    34.9709    27.7989    27.7980    1494.64    1494.64 0.0000e+00
      46101 106.322533   1747.000   1730.130     3.8004     3.8009   3.311380   3.311338     1.8070     1.8872    0.00002   -0.00027     0.5437   103.1632    232.780    230.256         27    34.9721    34.9711    27.7990    27.7982    1494.65    1494.65 0.0000e+00
      46127 106.322548   1748.000   1731.116     3.7995     3.7998   3.311329   3.311270     1.8071     1.8872   -0.00030   -0.00015     0.5437   103.1622    233.011    230.236         25    34.9719    34.9709    27.7990    27.7981    1494.66    1494.66 0.0000e+00
      46152 106.322556   1749.000   1732.103     3.7990     3.7995   3.311331   3.311283     1.8068     1.8871    0.00003    0.00007     0.5437   103.1622    232.713    230.167         26    34.9719    34.9709    27.7990    27.7982    1494.68    1494.68 0.0000e+00
      46182 106.322571   1750.000   1733.089     3.7986     3.7990   3.311317   3.311272     1.8065     1.8870    0.00008   -0.00006     0.5437   103.1622    232.883    230.319         34    34.9717    34.9708    27.7989    27.7981    1494.69    1494.69 0.0000e+00
      46215 106.322586   1751.000   1734.075     3.7981     3.7985   3.311315   3.311270     1.8065     1.8869   -0.00014   -0.00019     0.5488   103.1622    232.950    230.056         30    34.9717    34.9708    27.7990    27.7982    1494.71    1494.71 0.0000e+00
