data/CTD/csp/csp00101.cnv
* Sea-Bird SBE 9 Data File:
* FileName = C:\SEASOFT\CASSIOPEE\data\csp00101.hex
* Software Version Seasave V 7.23.1
* Temperature SN = 1327
* Conductivity SN = 1075
* Number of Bytes Per Scan = 40
* Number of Voltage Words = 5
* Number of Scans Averaged by the Deck Unit = 1
* NMEA Latitude = 19 58.55 S
* NMEA Longitude = 168 00.45 E
* NMEA UTC (Time) = Jul 20 2015 06:15:13
* NMEA baud rate = 4800
** Cruise : CASSIOPEE
** Station : 00101
** Type: PHY
** Bottom Depth: 4937
** Operator:  JG-GE-ESL
** Comments:
# nquan = 25                                
# nvalues = 2010                        
# units = specified
# name 0 = scan: Scan Count
# name 1 = timeJ: Julian Days
# name 2 = prDM: Pressure, Digiquartz [db]
# name 3 = depSM: Depth [salt water, m]
# name 4 = t090C: Temperature [ITS-90, deg C]
# name 5 = t190C: Temperature, 2 [ITS-90, deg C]
# name 6 = c0S/m: Conductivity [S/m]
# name 7 = c1S/m: Conductivity, 2 [S/m]
# name 8 = sbeox0V: Oxygen raw, SBE 43 [V]
# name 9 = sbeox0dOV/dT: Oxygen, SBE 43 [dov/dt]
# name 10 = CStarTr0: Beam Transmission, WET Labs C-Star [%]
# name 11 = flC: Fluorescence, Chelsea Aqua 3 Chl Con [ug/l]
# name 12 = par: PAR/Irradiance, Biospherical/Licor
# name 13 = spar: SPAR/Surface Irradiance
# name 14 = cpar: CPAR/Corrected Irradiance [%]
# name 15 = upoly0: Upoly 0, UVP5
# name 16 = sbeox0Mm/Kg: Oxygen, SBE 43 [umol/kg], WS = 2
# name 17 = nbin: number of scans per bin
# name 18 = sal00: Salinity, Practical [PSU]
# name 19 = sal11: Salinity, Practical, 2 [PSU]
# name 20 = sigma-é00: Density [sigma-theta, kg/m^3]
# name 21 = sigma-é11: Density, 2 [sigma-theta, kg/m^3]
# name 22 = svCM: Sound Velocity [Chen-Millero, m/s]
# name 23 = svCM1: Sound Velocity, 2 [Chen-Millero, m/s]
# name 24 = flag: flag
# span 0 =       -593,     111220       
# span 1 = 201.260284, 201.314194       
# span 2 =      3.000,   1008.000       
# span 3 =      2.982,    999.419       
# span 4 =     4.3158,    23.6139       
# span 5 =     4.3160,    23.6135       
# span 6 =   3.282809,   5.250117       
# span 7 =   3.282105,   5.249608       
# span 8 =    -0.0488,     2.5421       
# span 9 =   -0.63765,    0.96436       
# span 10 =    92.6342,   100.1837      
# span 11 =    -0.0085,     0.2555      
# span 12 = -3.423e-05, 5.1155e+00      
# span 13 = -6.182e-02, 1.9048e+01      
# span 14 = -8.145e+02, 1.0196e+05      
# span 15 =  0.6131805,  147.58040      
# span 16 =   -439.943,    470.697      
# span 17 =         10,         72      
# span 18 =    34.3977,    35.7928      
# span 19 =    34.3888,    35.7886      
# span 20 =    24.1425,    27.3335      
# span 21 =    24.1400,    27.3267      
# span 22 =    1483.59,    1533.01      
# span 23 =    1483.59,    1533.02      
# span 24 = 0.0000e+00, 0.0000e+00      
# interval = decibars: 1                
# start_time = Jul 20 2015 06:15:13 [System UTC, header]
# bad_flag = -9.990e-29
*END*
[from data line 675]
   44765   201.282150   679.000   673.750   6.5568   6.5592   3.465061   3.464364   1.6863   -0.00047   1e+36   1e+36   100.0231   0.0035   1.0000e-12   1.6939e+00   5.9036e-11   12.585982   182.467   1e+36   54   34.4125   34.4024   27.0244   27.0161   1487.37   1487.36   0.0000e+00
   44814   201.282181   680.000   674.740   6.5514   6.5537   3.464581   3.463888   1.6855   -0.00001   1e+36   1e+36   100.0250   0.0037   1.0000e-12   1.6939e+00   5.9036e-11   12.108149   182.534   1e+36   34   34.4121   34.4022   27.0248   27.0167   1487.36   1487.36   0.0000e+00
   44840   201.282196   681.000   675.731   6.5429   6.5450   3.463811   3.463118   1.6859   -0.00067   1e+36   1e+36   100.0246   0.0032   1.0000e-12   1.6939e+00   5.9036e-11   15.441364   182.757   1e+36   23   34.4117   34.4019   27.0256   27.0176   1487.34   1487.34   0.0000e+00
   44862   201.282196   682.000   676.722   6.5408   6.5430   3.463664   3.462976   1.6855   -0.00043   1e+36   1e+36   100.0246   0.0046   1.0000e-12   1.6939e+00   5.9036e-11   12.763743   182.462   1e+36   22   34.4116   34.4018   27.0259   27.0178   1487.35   1487.35   0.0000e+00
   44887   201.282211   683.000   677.712   6.5363   6.5385   3.463321   3.462615   1.6849   -0.00002   1e+36   1e+36   100.0246   0.0015   1.0000e-12   1.6939e+00   5.9036e-11   12.547812   182.376   1e+36   29   34.4118   34.4019   27.0266   27.0185   1487.35   1487.35   0.0000e+00
   44930   201.282227   684.000   678.703   6.5306   6.5330   3.462841   3.462150   1.6838   -0.00026   1e+36   1e+36   100.0246   -0.0031   1.0000e-12   1.6939e+00   5.9036e-11   12.513087   182.257   1e+36   56   34.4118   34.4018   27.0274   27.0191   1487.34   1487.34   0.0000e+00
   44977   201.282257   685.000   679.693   6.5283   6.5308   3.462687   3.462011   1.6823   -0.00074   1e+36   1e+36   100.0246   -0.0034   1.0000e-12   1.6939e+00   5.9036e-11   11.728958   181.791   1e+36   34   34.4119   34.4019   27.0277   27.0196   1487.35   1487.35   0.0000e+00
   45005   201.282272   686.000   680.684   6.5214   6.5234   3.462072   3.461361   1.6813   -0.00050   1e+36   1e+36   100.0346   0.0001   1.0000e-12   1.6939e+00   5.9036e-11   12.184126   181.853   1e+36   24   34.4115   34.4016   27.0284   27.0203   1487.34   1487.34   0.0000e+00
   45029   201.282288   687.000   681.675   6.5040   6.5063   3.460531   3.459850   1.6797   -0.00081   1e+36   1e+36   100.0257   0.0028   1.0000e-12   1.6939e+00   5.9036e-11   12.047979   181.321   1e+36   25   34.4114   34.4015   27.0305   27.0225   1487.29   1487.29   0.0000e+00
   45059   201.282303   688.000   682.665   6.4981   6.5010   3.459996   3.459354   1.6780   -0.00101   1e+36   1e+36   100.0194   0.0033   1.0000e-12   1.6939e+00   5.9036e-11   12.599272   181.315   1e+36   38   34.4109   34.4010   27.0310   27.0227   1487.28   1487.28   0.0000e+00
   45110   201.282318   689.000   683.656   6.4827   6.4863   3.458556   3.457996   1.6755   -0.00133   1e+36   1e+36   100.0215   0.0001   1.0000e-12   1.6939e+00   5.9036e-11   13.551904   181.318   1e+36   61   34.4099   34.4001   27.0322   27.0240   1487.24   1487.24   0.0000e+00
   45160   201.282349   690.000   684.647   6.4662   6.4672   3.457018   3.456191   1.6751   -0.00159   1e+36   1e+36   100.0248   -0.0036   1.0000e-12   1.6939e+00   5.9036e-11   12.193542   181.579   1e+36   34   34.4089   34.3988   27.0336   27.0255   1487.19   1487.18   0.0000e+00
   45186   201.282364   691.000   685.637   6.4475   6.4495   3.455284   3.454575   1.6754   0.00011   1e+36   1e+36   100.0246   0.0027   1.0000e-12   1.6939e+00   5.9036e-11   13.698860   181.850   1e+36   22   34.4079   34.3980   27.0353   27.0272   1487.13   1487.12   0.0000e+00
   45207   201.282364   692.000   686.628   6.4405   6.4429   3.454682   3.453995   1.6752   -0.00022   1e+36   1e+36   100.0313   0.0069   1.0000e-12   1.6939e+00   5.9036e-11   12.935722   181.725   1e+36   21   34.4078   34.3979   27.0361   27.0279   1487.12   1487.11   0.0000e+00
   45231   201.282379   693.000   687.618   6.4325   6.4343   3.453982   3.453237   1.6751   -0.00005   1e+36   1e+36   100.0310   0.0086   1.0000e-12   1.6939e+00   5.9036e-11   12.987551   181.612   1e+36   29   34.4076   34.3975   27.0370   27.0288   1487.10   1487.10   0.0000e+00
   45268   201.282394   694.000   688.609   6.4207   6.4227   3.452937   3.452208   1.6738   0.00004   1e+36   1e+36   100.0312   0.0035   1.0000e-12   1.6939e+00   5.9036e-11   13.235314   181.324   1e+36   43   34.4073   34.3972   27.0383   27.0301   1487.07   1487.07   0.0000e+00
   45308   201.282410   695.000   689.600   6.4161   6.4187   3.452549   3.451887   1.6723   -0.00058   1e+36   1e+36   100.0356   0.0025   1.0000e-12   1.6939e+00   5.9036e-11   12.678965   181.108   1e+36   35   34.4072   34.3973   27.0388   27.0307   1487.07   1487.07   0.0000e+00
   45340   201.282425   696.000   690.590   6.4120   6.4142   3.452218   3.451519   1.6713   -0.00087   1e+36   1e+36   100.0331   0.0013   1.0000e-12   1.6939e+00   5.9036e-11   12.242405   181.183   1e+36   31   34.4071   34.3972   27.0393   27.0312   1487.07   1487.07   0.0000e+00
   45370   201.282440   697.000   691.581   6.4060   6.4082   3.451694   3.451012   1.6706   -0.00109   1e+36   1e+36   100.0370   -0.0011   1.0000e-12   1.6939e+00   5.9036e-11   12.809341   181.026   1e+36   29   34.4069   34.3970   27.0399   27.0319   1487.06   1487.06   0.0000e+00
   45399   201.282455   698.000   692.571   6.4008   6.4030   3.451253   3.450567   1.6696   -0.00061   1e+36   1e+36   100.0312   0.0058   1.0000e-12   1.6939e+00   5.9036e-11   14.061500   181.014   1e+36   30   34.4067   34.3968   27.0405   27.0324   1487.06   1487.05   0.0000e+00
   45440   201.282486   699.000   693.562   6.3918   6.3937   3.450466   3.449735   1.6687   -0.00066   1e+36   1e+36   100.0303   0.0081   1.0000e-12   1.6939e+00   5.9036e-11   13.009675   180.906   1e+36   42   34.4065   34.3965   27.0415   27.0334   1487.04   1487.03   0.0000e+00
   45505   201.282516   700.000   694.552   6.3872   6.3907   3.450076   3.449498   1.6677   -0.00078   1e+36   1e+36   100.0350   0.0025   1.0000e-12   1.6939e+00   5.9036e-11   14.167017   180.667   1e+36   33   34.4063   34.3964   27.0420   27.0337   1487.04   1487.04   0.0000e+00
   45527   201.282516   701.000   695.543   6.3800   6.3821   3.449443   3.448761   1.6665   -0.00012   1e+36   1e+36   100.0355   0.0005   1.0000e-12   1.6939e+00   5.9036e-11   13.946663   180.616   1e+36   19   34.4060   34.3964   27.0427   27.0348   1487.02   1487.02   0.0000e+00
   45544   201.282532   702.000   696.533   6.3760   6.3782   3.449116   3.448437   1.6662   0.00004   1e+36   1e+36   100.0307   0.0044   1.0000e-12   1.6939e+00   5.9036e-11   12.428794   180.724   1e+36   17   34.4060   34.3962   27.0432   27.0352   1487.03   1487.02   0.0000e+00
   45561   201.282532   703.000   697.524   6.3714   6.3729   3.448718   3.447968   1.6661   -0.00048   1e+36   1e+36   100.0355   0.0019   1.0000e-12   1.6939e+00   5.9036e-11   10.475226   180.791   1e+36   17   34.4056   34.3958   27.0435   27.0355   1487.02   1487.02   0.0000e+00
   45585   201.282547   704.000   698.515   6.3547   6.3572   3.447237   3.446546   1.6657   -0.00099   1e+36   1e+36   100.0349   -0.0016   1.0000e-12   1.6939e+00   5.9036e-11   13.144090   180.865   1e+36   26   34.4055   34.3953   27.0456   27.0372   1486.97   1486.97   0.0000e+00
   45671   201.282593   705.000   699.505   6.3740   6.3722   3.449039   3.447957   1.6652   -0.00011   1e+36   1e+36   100.0410   -0.0004   1.0000e-12   1.6939e+00   5.9036e-11   12.608237   180.575   1e+36   45   34.4056   34.3955   27.0432   27.0354   1487.07   1487.05   0.0000e+00
   45702   201.282608   706.000   700.496   6.3282   6.3299   3.444848   3.444115   1.6639   0.00003   1e+36   1e+36   100.0376   0.0014   1.0000e-12   1.6939e+00   5.9036e-11   12.317906   180.420   1e+36   26   34.4045   34.3947   27.0483   27.0403   1486.90   1486.90   0.0000e+00
   45726   201.282623   707.000   701.486   6.3226   6.3248   3.444367   3.443678   1.6628   -0.00023   1e+36   1e+36   100.0333   -0.0001   1.0000e-12   1.6939e+00   5.9036e-11   13.650408   180.469   1e+36   22   34.4043   34.3944   27.0488   27.0407   1486.90   1486.89   0.0000e+00
   45750   201.282623   708.000   702.477   6.3185   6.3212   3.444035   3.443386   1.6622   -0.00093   1e+36   1e+36   100.0420   -0.0049   1.0000e-12   1.6939e+00   5.9036e-11   11.704690   180.250   1e+36   28   34.4042   34.3944   27.0493   27.0412   1486.90   1486.89   0.0000e+00
   45785   201.282654   709.000   703.467   6.3080   6.3100   3.443101   3.442387   1.6606   -0.00089   1e+36   1e+36   100.0465   -0.0077   1.0000e-12   1.6939e+00   5.9036e-11   14.187270   180.232   1e+36   41   34.4039   34.3940   27.0504   27.0423   1486.87   1486.87   0.0000e+00
   45823   201.282669   710.000   704.458   6.2988   6.3012   3.442301   3.441626   1.6596   -0.00104   1e+36   1e+36   100.0345   0.0017   1.0000e-12   1.6939e+00   5.9036e-11   13.998743   180.113   1e+36   35   34.4038   34.3939   27.0515   27.0434   1486.85   1486.85   0.0000e+00
   45857   201.282684   711.000   705.448   6.2962   6.2985   3.442106   3.441441   1.6583   -0.00064   1e+36   1e+36   100.0448   0.0102   1.0000e-12   1.6939e+00   5.9036e-11   12.712404   179.852   1e+36   33   34.4037   34.3940   27.0518   27.0438   1486.86   1486.85   0.0000e+00
   45889   201.282700   712.000   706.439   6.2956   6.2980   3.442088   3.441432   1.6569   -0.00077   1e+36   1e+36   100.0402   0.0038   1.0000e-12   1.6939e+00   5.9036e-11   11.522620   179.657   1e+36   31   34.4037   34.3939   27.0519   27.0439   1486.87   1486.87   0.0000e+00
   45919   201.282715   713.000   707.429   6.2954   6.2978   3.442125   3.441459   1.6558   -0.00098   1e+36   1e+36   100.0461   -0.0024   1.0000e-12   1.6939e+00   5.9036e-11   13.483994   179.517   1e+36   30   34.4038   34.3940   27.0520   27.0439   1486.89   1486.88   0.0000e+00
   45949   201.282730   714.000   708.420   6.2945   6.2965   3.442078   3.441382   1.6548   -0.00098   1e+36   1e+36   100.0450   0.0031   1.0000e-12   1.6939e+00   5.9036e-11   14.181439   179.540   1e+36   29   34.4037   34.3940   27.0520   27.0441   1486.90   1486.89   0.0000e+00
   45979   201.282745   715.000   709.410   6.2917   6.2939   3.441849   3.441173   1.6544   -0.00098   1e+36   1e+36   100.0462   0.0066   1.0000e-12   1.6939e+00   5.9036e-11   11.287856   179.745   1e+36   32   34.4035   34.3937   27.0522   27.0442   1486.90   1486.90   0.0000e+00
   46015   201.282761   716.000   710.401   6.2844   6.2868   3.441196   3.440530   1.6537   -0.00071   1e+36   1e+36   100.0429   0.0063   1.0000e-12   1.6939e+00   5.9036e-11   12.992666   179.397   1e+36   39   34.4031   34.3932   27.0529   27.0448   1486.89   1486.89   0.0000e+00
   46050   201.282776   717.000   711.391   6.2698   6.2718   3.439892   3.439180   1.6527   -0.00011   1e+36   1e+36   100.0379   0.0012   1.0000e-12   1.6939e+00   5.9036e-11   12.549195   179.504   1e+36   32   34.4027   34.3928   27.0545   27.0464   1486.85   1486.85   0.0000e+00
   46090   201.282791   718.000   712.382   6.2623   6.2646   3.439270   3.438599   1.6511   -0.00052   1e+36   1e+36   100.0471   -0.0052   1.0000e-12   1.6939e+00   5.9036e-11   14.329490   178.867   1e+36   42   34.4029   34.3931   27.0556   27.0475   1486.84   1486.83   0.0000e+00
   46151   201.282822   719.000   713.372   6.2618   6.2646   3.439270   3.438663   1.6492   -0.00156   1e+36   1e+36   100.0439   -0.0012   1.0000e-12   1.6939e+00   5.9036e-11   14.259718   179.100   1e+36   38   34.4029   34.3933   27.0557   27.0477   1486.85   1486.85   0.0000e+00
   46179   201.282837   720.000   714.362   6.2602   6.2625   3.439183   3.438524   1.6482   -0.00079   1e+36   1e+36   100.0470   0.0006   1.0000e-12   1.6939e+00   5.9036e-11   14.838427   178.789   1e+36   25   34.4030   34.3934   27.0560   27.0481   1486.86   1486.86   0.0000e+00
   46204   201.282852   721.000   715.353   6.2582   6.2600   3.439058   3.438345   1.6484   -0.00018   1e+36   1e+36   100.0430   -0.0007   1.0000e-12   1.6939e+00   5.9036e-11   14.023016   178.958   1e+36   26   34.4032   34.3935   27.0564   27.0485   1486.87   1486.87   0.0000e+00
   46233   201.282867   722.000   716.343   6.2535   6.2558   3.438657   3.437992   1.6475   -0.00066   1e+36   1e+36   100.0503   -0.0004   1.0000e-12   1.6939e+00   5.9036e-11   15.516182   178.829   1e+36   33   34.4029   34.3932   27.0568   27.0488   1486.87   1486.87   0.0000e+00
   46264   201.282883   723.000   717.334   6.2461   6.2481   3.438014   3.437313   1.6465   -0.00037   1e+36   1e+36   100.0428   0.0034   1.0000e-12   1.6939e+00   5.9036e-11   14.066068   178.572   1e+36   28   34.4027   34.3929   27.0576   27.0496   1486.86   1486.85   0.0000e+00
   46290   201.282883   724.000   718.324   6.2310   6.2332   3.436644   3.435957   1.6456   -0.00051   1e+36   1e+36   100.0434   0.0065   1.0000e-12   1.6939e+00   5.9036e-11   13.657166   178.395   1e+36   25   34.4021   34.3923   27.0591   27.0510   1486.81   1486.81   0.0000e+00
   46317   201.282898   725.000   719.315   6.2163   6.2181   3.435330   3.434602   1.6443   -0.00062   1e+36   1e+36   100.0510   0.0028   1.0000e-12   1.6939e+00   5.9036e-11   13.654354   178.364   1e+36   29   34.4018   34.3919   27.0607   27.0527   1486.77   1486.76   0.0000e+00
   46348   201.282913   726.000   720.305   6.2008   6.2031   3.433994   3.433318   1.6430   -0.00092   1e+36   1e+36   100.0511   -0.0016   1.0000e-12   1.6939e+00   5.9036e-11   13.718257   177.948   1e+36   32   34.4020   34.3922   27.0628   27.0548   1486.72   1486.72   0.0000e+00
   46377   201.282928   727.000   721.296   6.1976   6.1999   3.433767   3.433109   1.6405   -0.00112   1e+36   1e+36   100.0511   0.0026   1.0000e-12   1.6939e+00   5.9036e-11   14.337069   177.714   1e+36   27   34.4022   34.3926   27.0635   27.0555   1486.73   1486.73   0.0000e+00
   46410   201.282944   728.000   722.286   6.1954   6.1978   3.433609   3.432957   1.6391   -0.00122   1e+36   1e+36   100.0487   0.0002   1.0000e-12   1.6939e+00   5.9036e-11   13.489050   177.576   1e+36   34   34.4022   34.3925   27.0637   27.0557   1486.74   1486.73   0.0000e+00
   46505   201.282990   729.000   723.276   6.1945   6.1961   3.433552   3.432814   1.6365   -0.00060   1e+36   1e+36   100.0503   -0.0009   1.0000e-12   1.6939e+00   5.9036e-11   15.468221   177.382   1e+36   36   34.4020   34.3921   27.0637   27.0557   1486.75   1486.74   0.0000e+00
   46527   201.283005   730.000   724.267   6.1838   6.1859   3.432564   3.431888   1.6356   -0.00042   1e+36   1e+36   100.0479   -0.0040   1.0000e-12   1.6939e+00   5.9036e-11   13.717806   177.646   1e+36   24   34.4013   34.3916   27.0645   27.0566   1486.72   1486.72   0.0000e+00
   46552   201.283020   731.000   725.257   6.1774   6.1795   3.432012   3.431336   1.6360   -0.00070   1e+36   1e+36   100.0504   0.0015   1.0000e-12   1.6939e+00   5.9036e-11   12.736023   177.913   1e+36   25   34.4010   34.3913   27.0651   27.0572   1486.71   1486.71   0.0000e+00
   46582   201.283035   732.000   726.248   6.1745   6.1771   3.431788   3.431164   1.6362   -0.00075   1e+36   1e+36   100.0467   0.0050   1.0000e-12   1.6939e+00   5.9036e-11   13.578711   177.865   1e+36   36   34.4010   34.3914   27.0655   27.0575   1486.72   1486.72   0.0000e+00
   46614   201.283051   733.000   727.238   6.1746   6.1767   3.431827   3.431168   1.6354   0.00020   1e+36   1e+36   100.0512   0.0059   1.0000e-12   1.6939e+00   5.9036e-11   12.985434   177.456   1e+36   26   34.4008   34.3914   27.0654   27.0576   1486.73   1486.73   0.0000e+00
