data/CTD/csp/csp00101.cnv
* Sea-Bird SBE 9 Data File:
* FileName = C:\SEASOFT\CASSIOPEE\data\csp00101.hex
* Software Version Seasave V 7.23.1
* Temperature SN = 1327
* Conductivity SN = 1075
* Number of Bytes Per Scan = 40
* Number of Voltage Words = 5
* Number of Scans Averaged by the Deck Unit = 1
* NMEA Latitude = 19 58.55 S
* NMEA Longitude = 168 00.45 E
* NMEA UTC (Time) = Jul 20 2015 06:15:13
* NMEA baud rate = 4800
** Cruise : CASSIOPEE
** Station : 00101
** Type: PHY
** Bottom Depth: 4937
** Operator:  JG-GE-ESL
** Comments:
# nquan = 25                                
# nvalues = 2010                        
# units = specified
# name 0 = scan: Scan Count
# name 1 = timeJ: Julian Days
# name 2 = prDM: Pressure, Digiquartz [db]
# name 3 = depSM: Depth [salt water, m]
# name 4 = t090C: Temperature [ITS-90, deg C]
# name 5 = t190C: Temperature, 2 [ITS-90, deg C]
# name 6 = c0S/m: Conductivity [S/m]
# name 7 = c1S/m: Conductivity, 2 [S/m]
# name 8 = sbeox0V: Oxygen raw, SBE 43 [V]
# name 9 = sbeox0dOV/dT: Oxygen, SBE 43 [dov/dt]
# name 10 = CStarTr0: Beam Transmission, WET Labs C-Star [%]
# name 11 = flC: Fluorescence, Chelsea Aqua 3 Chl Con [ug/l]
# name 12 = par: PAR/Irradiance, Biospherical/Licor
# name 13 = spar: SPAR/Surface Irradiance
# name 14 = cpar: CPAR/Corrected Irradiance [%]
# name 15 = upoly0: Upoly 0, UVP5
# name 16 = sbeox0Mm/Kg: Oxygen, SBE 43 [umol/kg], WS = 2
# name 17 = nbin: number of scans per bin
# name 18 = sal00: Salinity, Practical [PSU]
# name 19 = sal11: Salinity, Practical, 2 [PSU]
# name 20 = sigma-é00: Density [sigma-theta, kg/m^3]
# name 21 = sigma-é11: Density, 2 [sigma-theta, kg/m^3]
# name 22 = svCM: Sound Velocity [Chen-Millero, m/s]
# name 23 = svCM1: Sound Velocity, 2 [Chen-Millero, m/s]
# name 24 = flag: flag
# span 0 =       -593,     111220       
# span 1 = 201.260284, 201.314194       
# span 2 =      3.000,   1008.000       
# span 3 =      2.982,    999.419       
# span 4 =     4.3158,    23.6139       
# span 5 =     4.3160,    23.6135       
# span 6 =   3.282809,   5.250117       
# span 7 =   3.282105,   5.249608       
# span 8 =    -0.0488,     2.5421       
# span 9 =   -0.63765,    0.96436       
# span 10 =    92.6342,   100.1837      
# span 11 =    -0.0085,     0.2555      
# span 12 = -3.423e-05, 5.1155e+00      
# span 13 = -6.182e-02, 1.9048e+01      
# span 14 = -8.145e+02, 1.0196e+05      
# span 15 =  0.6131805,  147.58040      
# span 16 =   -439.943,    470.697      
# span 17 =         10,         72      
# span 18 =    34.3977,    35.7928      
# span 19 =    34.3888,    35.7886      
# span 20 =    24.1425,    27.3335      
# span 21 =    24.1400,    27.3267      
# span 22 =    1483.59,    1533.01      
# span 23 =    1483.59,    1533.02      
# span 24 = 0.0000e+00, 0.0000e+00      
# interval = decibars: 1                
# start_time = Jul 20 2015 06:15:13 [System UTC, header]
# bad_flag = -9.990e-29
*END*
[from data line 113]
   16838   201.268692   117.000   116.253   22.5998   22.5993   5.163080   5.162404   2.0629   -0.00352   1e+36   1e+36   99.5875   0.0356   1.0000e-12   7.4297e+00   1.3619e-11   22.384588   158.546   1e+36   60   35.7789   35.7741   24.6464   24.6429   1531.23   1531.23   0.0000e+00
   16886   201.268707   118.000   117.246   22.5364   22.5346   5.157053   5.156154   2.0553   -0.00696   1e+36   1e+36   99.5965   0.0313   1.0000e-12   7.1158e+00   1.4110e-11   22.831593   158.238   1e+36   40   35.7835   35.7780   24.6681   24.6644   1531.09   1531.08   0.0000e+00
   16924   201.268723   119.000   118.239   22.4668   22.4657   5.150184   5.149345   2.0492   -0.00415   1e+36   1e+36   99.5944   0.0280   1.0000e-12   6.7798e+00   1.4195e-11   24.623461   157.776   1e+36   37   35.7866   35.7810   24.6903   24.6863   1530.93   1530.92   0.0000e+00
   16964   201.268753   120.000   119.233   22.4311   22.4307   5.146779   5.146074   2.0433   -0.00369   1e+36   1e+36   99.6087   0.0260   1.0000e-12   6.7756e+00   1.4254e-11   23.157724   157.418   1e+36   47   35.7890   35.7838   24.7023   24.6985   1530.86   1530.85   0.0000e+00
   17024   201.268784   121.000   120.226   22.3873   22.3878   5.142365   5.141760   2.0404   -0.00315   1e+36   1e+36   99.6196   0.0303   1.0000e-12   6.7756e+00   1.4519e-11   24.869904   157.457   1e+36   60   35.7901   35.7850   24.7157   24.7116   1530.76   1530.76   0.0000e+00
   17080   201.268799   122.000   121.219   22.3566   22.3569   5.139374   5.138731   2.0363   -0.00078   1e+36   1e+36   99.6298   0.0219   1.0000e-12   6.7756e+00   1.4751e-11   24.348118   157.018   1e+36   57   35.7916   35.7863   24.7256   24.7214   1530.70   1530.70   0.0000e+00
   17140   201.268829   123.000   122.213   22.3401   22.3407   5.137793   5.137192   2.0318   -0.00203   1e+36   1e+36   99.6337   0.0284   1.0000e-12   6.7756e+00   1.4699e-11   25.971760   156.752   1e+36   52   35.7924   35.7872   24.7310   24.7268   1530.68   1530.67   0.0000e+00
   17180   201.268845   124.000   123.206   22.3236   22.3232   5.136162   5.135423   2.0311   -0.00232   1e+36   1e+36   99.6410   0.0316   1.0000e-12   6.7756e+00   1.4759e-11   20.706789   156.679   1e+36   36   35.7928   35.7874   24.7360   24.7320   1530.65   1530.65   0.0000e+00
   17220   201.268875   125.000   124.199   22.3017   22.3012   5.133863   5.133116   2.0298   -0.00024   1e+36   1e+36   99.6443   0.0272   1.0000e-12   6.7756e+00   1.4759e-11   23.202927   156.840   1e+36   43   35.7926   35.7871   24.7421   24.7381   1530.61   1530.60   0.0000e+00
   17264   201.268890   126.000   125.192   22.2810   22.2803   5.131673   5.130906   2.0294   -0.00126   1e+36   1e+36   99.6348   0.0289   1.0000e-12   6.7756e+00   1.4759e-11   21.026644   156.767   1e+36   45   35.7921   35.7866   24.7476   24.7437   1530.57   1530.57   0.0000e+00
   17311   201.268921   127.000   126.186   22.1879   22.1864   5.120996   5.120131   2.0328   -0.00002   1e+36   1e+36   99.6455   0.0290   1.0000e-12   6.7756e+00   1.4759e-11   23.007433   157.979   1e+36   48   35.7846   35.7790   24.7683   24.7645   1530.34   1530.33   0.0000e+00
   17362   201.268936   128.000   127.179   22.1041   22.1040   5.110718   5.110044   2.0444   0.00212   1e+36   1e+36   99.6472   0.0250   1.0000e-12   6.7756e+00   1.4759e-11   20.177250   159.622   1e+36   56   35.7725   35.7672   24.7828   24.7788   1530.13   1530.12   0.0000e+00
   17419   201.268967   129.000   128.172   22.0281   22.0290   5.101760   5.101165   2.0549   0.00566   1e+36   1e+36   99.6440   0.0251   1.0000e-12   6.7756e+00   1.4759e-11   21.784384   160.331   1e+36   54   35.7643   35.7588   24.7980   24.7936   1529.94   1529.93   0.0000e+00
   17465   201.268982   130.000   129.166   21.9657   21.9643   5.095173   5.094198   2.0545   0.00500   1e+36   1e+36   99.6468   0.0275   1.0000e-12   6.7756e+00   1.4759e-11   19.065294   160.757   1e+36   41   35.7635   35.7570   24.8150   24.8104   1529.79   1529.78   0.0000e+00
   17505   201.269012   131.000   130.159   21.9113   21.9112   5.088125   5.087348   2.0633   -0.00116   1e+36   1e+36   99.6470   0.0287   1.0000e-12   6.7756e+00   1.4759e-11   21.638180   162.170   1e+36   41   35.7524   35.7464   24.8219   24.8173   1529.65   1529.64   0.0000e+00
   17552   201.269028   132.000   131.152   21.9013   21.9018   5.086936   5.086252   2.0699   0.00462   1e+36   1e+36   99.6517   0.0313   1.0000e-12   6.7756e+00   1.4759e-11   22.285406   162.369   1e+36   51   35.7509   35.7452   24.8236   24.8191   1529.64   1529.63   0.0000e+00
   17602   201.269058   133.000   132.145   21.8940   21.8945   5.086315   5.085634   2.0694   0.00345   1e+36   1e+36   99.6529   0.0226   1.0000e-12   6.7756e+00   1.4759e-11   21.236822   162.005   1e+36   49   35.7517   35.7460   24.8263   24.8218   1529.64   1529.63   0.0000e+00
   17654   201.269073   134.000   133.139   21.8849   21.8850   5.085581   5.084880   2.0673   -0.00064   1e+36   1e+36   99.6583   0.0225   1.0000e-12   6.7756e+00   1.4759e-11   19.398987   162.012   1e+36   54   35.7532   35.7475   24.8300   24.8257   1529.63   1529.63   0.0000e+00
   17708   201.269104   135.000   134.132   21.8610   21.8615   5.082932   5.082273   2.0675   -0.00055   1e+36   1e+36   99.6566   0.0172   1.0000e-12   6.7756e+00   1.4759e-11   18.690546   162.221   1e+36   55   35.7516   35.7460   24.8355   24.8312   1529.58   1529.58   0.0000e+00
   17762   201.269135   136.000   135.125   21.8460   21.8461   5.081440   5.080735   2.0684   0.00011   1e+36   1e+36   99.6569   0.0206   1.0000e-12   6.7756e+00   1.4759e-11   17.704342   162.297   1e+36   49   35.7519   35.7462   24.8400   24.8357   1529.56   1529.55   0.0000e+00
   17801   201.269150   137.000   136.118   21.8394   21.8397   5.080945   5.080252   2.0680   0.00044   1e+36   1e+36   99.6626   0.0225   1.0000e-12   6.7756e+00   1.4759e-11   18.960464   162.157   1e+36   31   35.7531   35.7474   24.8428   24.8384   1529.56   1529.56   0.0000e+00
   17829   201.269165   138.000   137.111   21.8365   21.8366   5.080760   5.080062   2.0651   0.00002   1e+36   1e+36   99.6535   0.0310   1.0000e-12   6.7756e+00   1.4759e-11   16.974583   161.664   1e+36   28   35.7537   35.7481   24.8442   24.8398   1529.57   1529.57   0.0000e+00
   17859   201.269180   139.000   138.105   21.8262   21.8259   5.079918   5.079180   2.0618   -0.00041   1e+36   1e+36   99.6553   0.0267   1.0000e-12   6.7756e+00   1.4759e-11   18.854294   161.446   1e+36   31   35.7552   35.7496   24.8482   24.8441   1529.56   1529.56   0.0000e+00
   17899   201.269196   140.000   139.098   21.8026   21.8023   5.077991   5.077275   2.0596   -0.00243   1e+36   1e+36   99.6597   0.0202   1.0000e-12   6.7756e+00   1.4759e-11   17.484503   161.485   1e+36   53   35.7591   35.7537   24.8579   24.8538   1529.52   1529.51   0.0000e+00
   17966   201.269226   141.000   140.091   21.7867   21.7884   5.076440   5.075918   2.0572   -0.00091   1e+36   1e+36   99.6626   0.0237   1.0000e-12   6.7756e+00   1.4759e-11   19.560804   161.235   1e+36   55   35.7597   35.7541   24.8628   24.8581   1529.50   1529.50   0.0000e+00
   18012   201.269257   142.000   141.084   21.7730   21.7726   5.075121   5.074365   2.0551   -0.00118   1e+36   1e+36   99.6721   0.0264   1.0000e-12   6.7756e+00   1.4759e-11   20.137186   161.250   1e+36   41   35.7602   35.7545   24.8671   24.8628   1529.48   1529.47   0.0000e+00
   18051   201.269272   143.000   142.078   21.7572   21.7566   5.073768   5.072973   2.0560   -0.00106   1e+36   1e+36   99.6691   0.0250   1.0000e-12   6.7756e+00   1.4759e-11   20.278439   161.265   1e+36   37   35.7622   35.7564   24.8730   24.8688   1529.46   1529.45   0.0000e+00
   18086   201.269287   144.000   143.071   21.7248   21.7236   5.070455   5.069543   2.0542   0.00024   1e+36   1e+36   99.6674   0.0222   1.0000e-12   6.7756e+00   1.4759e-11   19.362389   161.415   1e+36   32   35.7625   35.7563   24.8824   24.8779   1529.39   1529.38   0.0000e+00
   18117   201.269302   145.000   144.064   21.6824   21.6803   5.065729   5.064752   2.0583   -0.00050   1e+36   1e+36   99.6674   0.0245   1.0000e-12   6.7756e+00   1.4759e-11   20.613609   162.427   1e+36   32   35.7598   35.7538   24.8922   24.8882   1529.29   1529.28   0.0000e+00
   18151   201.269318   146.000   145.057   21.6529   21.6532   5.062707   5.061979   2.0626   -0.00012   1e+36   1e+36   99.6663   0.0207   1.0000e-12   6.7756e+00   1.4759e-11   20.138395   162.639   1e+36   35   35.7599   35.7539   24.9005   24.8958   1529.23   1529.22   0.0000e+00
   18188   201.269333   147.000   146.050   21.6441   21.6444   5.061769   5.061076   2.0633   0.00411   1e+36   1e+36   99.6651   0.0215   1.0000e-12   6.7756e+00   1.4759e-11   17.185949   162.427   1e+36   38   35.7595   35.7537   24.9027   24.8981   1529.22   1529.22   0.0000e+00
   18225   201.269348   148.000   147.044   21.6394   21.6391   5.061402   5.060616   2.0617   0.00143   1e+36   1e+36   99.6563   0.0185   1.0000e-12   6.7756e+00   1.4759e-11   19.380884   162.509   1e+36   36   35.7600   35.7541   24.9044   24.9000   1529.23   1529.22   0.0000e+00
   18260   201.269379   149.000   148.037   21.6186   21.6184   5.059007   5.058246   2.0645   -0.00105   1e+36   1e+36   99.6610   0.0208   1.0000e-12   6.7756e+00   1.4759e-11   21.231365   163.039   1e+36   34   35.7580   35.7521   24.9087   24.9043   1529.18   1529.18   0.0000e+00
   18297   201.269394   150.000   149.030   21.5986   21.5986   5.056668   5.055919   2.0668   0.00068   1e+36   1e+36   99.6566   0.0278   1.0000e-12   6.7756e+00   1.4759e-11   20.600996   161.006   1e+36   42   35.7556   35.7496   24.9125   24.9080   1529.15   1529.14   0.0000e+00
   18342   201.269409   151.000   150.023   21.5703   21.5706   5.053273   5.052563   1.9878   0.00193   1e+36   1e+36   99.6409   0.0265   1.0000e-12   6.7756e+00   1.4759e-11   19.089558   150.831   1e+36   38   35.7518   35.7458   24.9175   24.9129   1529.08   1529.08   0.0000e+00
   18366   201.269424   152.000   151.016   21.5419   21.5421   5.049827   5.049089   1.9879   -0.00433   1e+36   1e+36   99.6561   0.0176   1.0000e-12   6.7756e+00   1.4759e-11   19.728956   156.225   1e+36   18   35.7476   35.7415   24.9222   24.9176   1529.02   1529.01   0.0000e+00
   18382   201.269424   153.000   152.009   21.5266   21.5262   5.047987   5.047174   1.9956   -0.04024   1e+36   1e+36   99.6585   0.0144   1.0000e-12   6.7756e+00   1.4759e-11   17.911135   159.407   1e+36   16   35.7454   35.7392   24.9249   24.9203   1528.99   1528.99   0.0000e+00
   18398   201.269440   154.000   153.003   21.5130   21.5121   5.046387   5.045517   2.0236   -0.05192   1e+36   1e+36   99.6600   0.0188   1.0000e-12   6.7756e+00   1.4759e-11   19.238111   165.702   1e+36   16   35.7435   35.7373   24.9273   24.9228   1528.97   1528.96   0.0000e+00
   18414   201.269440   155.000   153.996   21.4983   21.4979   5.044695   5.043883   2.0686   -0.02154   1e+36   1e+36   99.6480   0.0211   1.0000e-12   6.7756e+00   1.4759e-11   18.410177   169.407   1e+36   15   35.7420   35.7358   24.9302   24.9256   1528.95   1528.94   0.0000e+00
   18429   201.269455   156.000   154.989   21.4820   21.4812   5.042760   5.041895   2.0829   -0.00029   1e+36   1e+36   99.6495   0.0181   1.0000e-12   6.7756e+00   1.4759e-11   19.131105   167.455   1e+36   16   35.7397   35.7335   24.9330   24.9286   1528.92   1528.91   0.0000e+00
   18445   201.269455   157.000   155.982   21.4623   21.4596   5.040337   5.039186   2.0869   0.01443   1e+36   1e+36   99.6539   0.0188   1.0000e-12   6.7756e+00   1.4759e-11   19.316198   166.419   1e+36   15   35.7364   35.7295   24.9360   24.9315   1528.88   1528.87   0.0000e+00
   18461   201.269470   158.000   156.975   21.3918   21.3891   5.032215   5.031053   2.0899   0.04032   1e+36   1e+36   99.6449   0.0238   1.0000e-12   6.7756e+00   1.4759e-11   17.099070   166.090   1e+36   19   35.7300   35.7229   24.9507   24.9460   1528.70   1528.69   0.0000e+00
   18483   201.269485   159.000   157.968   21.3450   21.3454   5.027048   5.026285   2.0795   0.04656   1e+36   1e+36   99.6394   0.0179   1.0000e-12   6.7756e+00   1.4759e-11   20.798471   163.635   1e+36   24   35.7273   35.7209   24.9616   24.9566   1528.59   1528.59   0.0000e+00
   18508   201.269485   160.000   158.961   21.3250   21.3253   5.024750   5.023991   2.0734   0.00962   1e+36   1e+36   99.6502   0.0181   1.0000e-12   6.7756e+00   1.4759e-11   23.409098   165.972   1e+36   23   35.7252   35.7189   24.9655   24.9606   1528.55   1528.55   0.0000e+00
   18529   201.269501   161.000   159.955   21.3006   21.3000   5.022122   5.021229   2.0832   0.00076   1e+36   1e+36   99.6534   0.0273   1.0000e-12   6.7756e+00   1.4759e-11   20.175707   165.946   1e+36   21   35.7242   35.7175   24.9715   24.9666   1528.50   1528.49   0.0000e+00
   18549   201.269516   162.000   160.948   21.2655   21.2660   5.018507   5.017719   2.0789   -0.01478   1e+36   1e+36   99.6639   0.0246   1.0000e-12   6.7756e+00   1.4759e-11   19.504898   165.169   1e+36   19   35.7242   35.7174   24.9812   24.9759   1528.43   1528.42   0.0000e+00
   18570   201.269516   163.000   161.941   21.2419   21.2419   5.016067   5.015260   2.0774   -0.00067   1e+36   1e+36   99.6611   0.0254   1.0000e-12   6.7756e+00   1.4759e-11   15.975254   165.568   1e+36   23   35.7240   35.7175   24.9876   24.9826   1528.38   1528.37   0.0000e+00
   18595   201.269531   164.000   162.934   21.2232   21.2226   5.014177   5.013312   2.0792   0.00450   1e+36   1e+36   99.6714   0.0292   1.0000e-12   6.7756e+00   1.4759e-11   17.524961   166.041   1e+36   28   35.7241   35.7177   24.9929   24.9881   1528.35   1528.34   0.0000e+00
   18626   201.269547   165.000   163.927   21.1969   21.1965   5.011459   5.010592   2.0814   -0.00255   1e+36   1e+36   99.6368   0.0271   1.0000e-12   6.7756e+00   1.4759e-11   16.918516   166.278   1e+36   33   35.7239   35.7173   25.0000   24.9950   1528.29   1528.28   0.0000e+00
   18657   201.269562   166.000   164.920   21.1848   21.1849   5.010162   5.009398   2.0827   0.00153   1e+36   1e+36   99.6577   0.0216   1.0000e-12   6.7756e+00   1.4759e-11   16.116526   166.554   1e+36   30   35.7232   35.7170   25.0028   24.9981   1528.28   1528.27   0.0000e+00
   18689   201.269577   167.000   165.913   21.1672   21.1666   5.008253   5.007369   2.0845   0.00139   1e+36   1e+36   99.6718   0.0091   1.0000e-12   6.7756e+00   1.4759e-11   17.633108   166.663   1e+36   34   35.7223   35.7157   25.0070   25.0021   1528.24   1528.24   0.0000e+00
   18724   201.269592   168.000   166.906   21.1372   21.1369   5.004912   5.004071   2.0844   0.00143   1e+36   1e+36   99.6744   0.0199   1.0000e-12   6.7756e+00   1.4759e-11   17.488916   166.786   1e+36   34   35.7202   35.7137   25.0137   25.0088   1528.18   1528.17   0.0000e+00
   18754   201.269608   169.000   167.899   21.0987   21.0979   5.000710   4.999793   2.0870   0.00084   1e+36   1e+36   99.6742   0.0189   1.0000e-12   6.7756e+00   1.4759e-11   15.128563   167.397   1e+36   27   35.7182   35.7115   25.0227   25.0179   1528.09   1528.08   0.0000e+00
   18780   201.269623   170.000   168.892   21.0649   21.0652   4.997234   4.996440   2.0882   -0.00017   1e+36   1e+36   99.6674   0.0196   1.0000e-12   6.7756e+00   1.4759e-11   16.878473   167.539   1e+36   24   35.7182   35.7116   25.0320   25.0269   1528.02   1528.01   0.0000e+00
   18804   201.269638   171.000   169.885   21.0254   21.0259   4.993017   4.992230   2.0907   0.00135   1e+36   1e+36   99.6639   0.0246   1.0000e-12   6.7756e+00   1.4759e-11   19.442356   168.096   1e+36   25   35.7170   35.7103   25.0419   25.0367   1527.92   1527.92   0.0000e+00
