data/CTD/csp/csp00101.cnv
* Sea-Bird SBE 9 Data File:
* FileName = C:\SEASOFT\CASSIOPEE\data\csp00101.hex
* Software Version Seasave V 7.23.1
* Temperature SN = 1327
* Conductivity SN = 1075
* Number of Bytes Per Scan = 40
* Number of Voltage Words = 5
* Number of Scans Averaged by the Deck Unit = 1
* NMEA Latitude = 19 58.55 S
* NMEA Longitude = 168 00.45 E
* NMEA UTC (Time) = Jul 20 2015 06:15:13
* NMEA baud rate = 4800
** Cruise : CASSIOPEE
** Station : 00101
** Type: PHY
** Bottom Depth: 4937
** Operator:  JG-GE-ESL
** Comments:
# nquan = 25                                
# nvalues = 2010                        
# units = specified
# name 0 = scan: Scan Count
# name 1 = timeJ: Julian Days
# name 2 = prDM: Pressure, Digiquartz [db]
# name 3 = depSM: Depth [salt water, m]
# name 4 = t090C: Temperature [ITS-90, deg C]
# name 5 = t190C: Temperature, 2 [ITS-90, deg C]
# name 6 = c0S/m: Conductivity [S/m]
# name 7 = c1S/m: Conductivity, 2 [S/m]
# name 8 = sbeox0V: Oxygen raw, SBE 43 [V]
# name 9 = sbeox0dOV/dT: Oxygen, SBE 43 [dov/dt]
# name 10 = CStarTr0: Beam Transmission, WET Labs C-Star [%]
# name 11 = flC: Fluorescence, Chelsea Aqua 3 Chl Con [ug/l]
# name 12 = par: PAR/Irradiance, Biospherical/Licor
# name 13 = spar: SPAR/Surface Irradiance
# name 14 = cpar: CPAR/Corrected Irradiance [%]
# name 15 = upoly0: Upoly 0, UVP5
# name 16 = sbeox0Mm/Kg: Oxygen, SBE 43 [umol/kg], WS = 2
# name 17 = nbin: number of scans per bin
# name 18 = sal00: Salinity, Practical [PSU]
# name 19 = sal11: Salinity, Practical, 2 [PSU]
# name 20 = sigma-é00: Density [sigma-theta, kg/m^3]
# name 21 = sigma-é11: Density, 2 [sigma-theta, kg/m^3]
# name 22 = svCM: Sound Velocity [Chen-Millero, m/s]
# name 23 = svCM1: Sound Velocity, 2 [Chen-Millero, m/s]
# name 24 = flag: flag
# span 0 =       -593,     111220       
# span 1 = 201.260284, 201.314194       
# span 2 =      3.000,   1008.000       
# span 3 =      2.982,    999.419       
# span 4 =     4.3158,    23.6139       
# span 5 =     4.3160,    23.6135       
# span 6 =   3.282809,   5.250117       
# span 7 =   3.282105,   5.249608       
# span 8 =    -0.0488,     2.5421       
# span 9 =   -0.63765,    0.96436       
# span 10 =    92.6342,   100.1837      
# span 11 =    -0.0085,     0.2555      
# span 12 = -3.423e-05, 5.1155e+00      
# span 13 = -6.182e-02, 1.9048e+01      
# span 14 = -8.145e+02, 1.0196e+05      
# span 15 =  0.6131805,  147.58040      
# span 16 =   -439.943,    470.697      
# span 17 =         10,         72      
# span 18 =    34.3977,    35.7928      
# span 19 =    34.3888,    35.7886      
# span 20 =    24.1425,    27.3335      
# span 21 =    24.1400,    27.3267      
# span 22 =    1483.59,    1533.01      
# span 23 =    1483.59,    1533.02      
# span 24 = 0.0000e+00, 0.0000e+00      
# interval = decibars: 1                
# start_time = Jul 20 2015 06:15:13 [System UTC, header]
# bad_flag = -9.990e-29
*END*
[from data line 1742]
   96036   201.306885   270.000   268.176   17.8237   17.8523   4.638244   4.641237   1.8789   0.00045   1e+36   1e+36   96.0087   0.0118   1.0000e-12   1.6939e+00   5.9036e-11   3.1361556   156.499   1e+36   34   35.4650   35.4659   25.6831   25.6768   1520.29   1520.37   0.0000e+00
   96066   201.306900   269.000   267.184   17.8719   17.8654   4.643493   4.642437   1.8785   -0.00104   1e+36   1e+36   95.9978   0.0182   1.0000e-12   1.6939e+00   5.9036e-11   3.1186528   156.118   1e+36   27   35.4686   35.4651   25.6740   25.6729   1520.42   1520.40   0.0000e+00
   96092   201.306900   268.000   266.191   17.8655   17.8707   4.642731   4.642991   1.8788   0.00113   1e+36   1e+36   95.9849   0.0214   1.0000e-12   1.6939e+00   5.9036e-11   3.1454468   156.350   1e+36   26   35.4679   35.4656   25.6750   25.6720   1520.38   1520.39   0.0000e+00
   96118   201.306915   267.000   265.198   17.8552   17.8767   4.641559   4.643576   1.8804   0.00009   1e+36   1e+36   95.9697   0.0162   1.0000e-12   1.6939e+00   5.9036e-11   3.1131577   156.682   1e+36   26   35.4672   35.4659   25.6770   25.6707   1520.33   1520.40   0.0000e+00
   96146   201.306931   266.000   264.206   17.8862   17.8827   4.645158   4.644310   1.8828   0.00004   1e+36   1e+36   95.9649   0.0149   1.0000e-12   1.6939e+00   5.9036e-11   3.1415863   156.740   1e+36   30   35.4715   35.4673   25.6726   25.6702   1520.41   1520.40   0.0000e+00
   96181   201.306946   265.000   263.213   17.9015   17.9245   4.646839   4.648977   1.8835   0.00154   1e+36   1e+36   95.9384   0.0122   1.0000e-12   1.6939e+00   5.9036e-11   3.1343327   156.708   1e+36   39   35.4730   35.4713   25.6700   25.6630   1520.44   1520.51   0.0000e+00
   96218   201.306961   264.000   262.220   17.9407   17.9563   4.651359   4.652581   1.8851   0.00118   1e+36   1e+36   95.9393   0.0100   1.0000e-12   1.6939e+00   5.9036e-11   3.1211071   157.613   1e+36   35   35.4781   35.4750   25.6642   25.6579   1520.55   1520.59   0.0000e+00
   96252   201.306992   263.000   261.228   17.9977   17.9960   4.657703   4.657204   1.9344   0.00093   1e+36   1e+36   95.9190   0.0073   1.0000e-12   1.6939e+00   5.9036e-11   3.1300020   168.895   1e+36   33   35.4832   35.4804   25.6540   25.6523   1520.70   1520.69   0.0000e+00
   96283   201.307007   262.000   260.235   18.0066   18.0044   4.658731   4.658237   1.9725   0.00163   1e+36   1e+36   95.9078   0.0130   1.0000e-12   1.6939e+00   5.9036e-11   3.1186552   166.728   1e+36   29   35.4846   35.4823   25.6528   25.6516   1520.71   1520.71   0.0000e+00
   96311   201.307007   261.000   259.243   18.0601   18.0529   4.664941   4.663726   1.9726   0.04615   1e+36   1e+36   95.8898   0.0133   1.0000e-12   1.6939e+00   5.9036e-11   3.1088943   166.222   1e+36   26   35.4916   35.4875   25.6450   25.6436   1520.86   1520.84   0.0000e+00
   96336   201.307022   260.000   258.250   18.1048   18.0956   4.669866   4.668609   1.9749   0.03705   1e+36   1e+36   95.8863   0.0168   1.0000e-12   1.6939e+00   5.9036e-11   3.1121027   164.095   1e+36   24   35.4953   35.4926   25.6367   25.6369   1520.98   1520.95   0.0000e+00
   96361   201.307037   259.000   257.257   18.1504   18.1395   4.675065   4.673438   1.9297   0.00041   1e+36   1e+36   95.8691   0.0164   1.0000e-12   1.6939e+00   5.9036e-11   3.1186490   151.857   1e+36   26   35.5005   35.4961   25.6293   25.6287   1521.10   1521.06   0.0000e+00
   96388   201.307053   258.000   256.265   18.1760   18.1799   4.677629   4.677936   1.8935   0.00148   1e+36   1e+36   95.8638   0.0177   1.0000e-12   1.6939e+00   5.9036e-11   3.1241825   155.650   1e+36   28   35.5005   35.4998   25.6230   25.6214   1521.16   1521.17   0.0000e+00
   96417   201.307068   257.000   255.272   18.2169   18.2135   4.682411   4.681601   1.8950   -0.03443   1e+36   1e+36   95.8580   0.0178   1.0000e-12   1.6939e+00   5.9036e-11   3.1244690   156.880   1e+36   30   35.5062   35.5023   25.6171   25.6149   1521.27   1521.25   0.0000e+00
   96451   201.307083   256.000   254.279   18.2498   18.2374   4.685833   4.684277   1.8962   -0.02341   1e+36   1e+36   95.8401   0.0124   1.0000e-12   1.6939e+00   5.9036e-11   3.1163423   158.810   1e+36   38   35.5072   35.5047   25.6097   25.6109   1521.35   1521.31   0.0000e+00
   96493   201.307098   255.000   253.287   18.2215   18.2434   4.682916   4.684885   1.9479   0.00096   1e+36   1e+36   95.8235   0.0176   1.0000e-12   1.6939e+00   5.9036e-11   3.1265330   165.592   1e+36   45   35.5073   35.5051   25.6168   25.6096   1521.25   1521.31   0.0000e+00
   96531   201.307114   254.000   252.294   18.3229   18.3137   4.694548   4.692837   1.9215   0.02039   1e+36   1e+36   95.8050   0.0172   1.0000e-12   1.6939e+00   5.9036e-11   3.1339869   152.890   1e+36   30   35.5188   35.5123   25.6002   25.5976   1521.54   1521.51   0.0000e+00
   96558   201.307129   253.000   251.301   18.4686   18.4342   4.710511   4.706332   1.9030   0.03062   1e+36   1e+36   95.7977   0.0162   1.0000e-12   1.6939e+00   5.9036e-11   3.1349480   156.907   1e+36   25   35.5287   35.5230   25.5714   25.5756   1521.96   1521.85   0.0000e+00
   96583   201.307144   252.000   250.309   18.4746   18.4723   4.711010   4.710431   1.9038   -0.01449   1e+36   1e+36   95.7824   0.0165   1.0000e-12   1.6939e+00   5.9036e-11   3.1303868   156.838   1e+36   26   35.5281   35.5252   25.5694   25.5677   1521.96   1521.95   0.0000e+00
   96614   201.307159   251.000   249.316   18.4658   18.4901   4.710202   4.711905   1.9275   -0.02219   1e+36   1e+36   95.7772   0.0177   1.0000e-12   1.6939e+00   5.9036e-11   3.1432493   166.686   1e+36   36   35.5292   35.5227   25.5724   25.5613   1521.91   1521.98   0.0000e+00
   96652   201.307175   250.000   248.323   18.4714   18.5532   4.710833   4.719413   1.9907   0.00117   1e+36   1e+36   95.7541   0.0193   1.0000e-12   1.6939e+00   5.9036e-11   3.1196861   168.219   1e+36   37   35.5301   35.5321   25.5716   25.5526   1521.92   1522.15   0.0000e+00
   96684   201.307190   249.000   247.331   18.6112   18.5616   4.726275   4.720303   1.9883   0.04414   1e+36   1e+36   95.7371   0.0165   1.0000e-12   1.6939e+00   5.9036e-11   3.1408341   163.388   1e+36   27   35.5405   35.5329   25.5444   25.5510   1522.31   1522.16   0.0000e+00
   96708   201.307205   248.000   246.338   18.6165   18.6327   4.727141   4.728617   1.9495   0.03798   1e+36   1e+36   95.7259   0.0189   1.0000e-12   1.6939e+00   5.9036e-11   3.1406860   153.800   1e+36   23   35.5436   35.5421   25.5454   25.5401   1522.31   1522.36   0.0000e+00
   96730   201.307220   247.000   245.345   18.6880   18.6501   4.735044   4.730399   1.9088   0.00034   1e+36   1e+36   95.7155   0.0179   1.0000e-12   1.6939e+00   5.9036e-11   3.1030247   155.276   1e+36   21   35.5491   35.5426   25.5315   25.5361   1522.51   1522.39   0.0000e+00
   96752   201.307220   246.000   244.352   18.7275   18.7262   4.739530   4.739196   1.9415   -0.01051   1e+36   1e+36   95.7042   0.0141   1.0000e-12   1.6939e+00   5.9036e-11   3.0860589   164.132   1e+36   24   35.5533   35.5516   25.5247   25.5237   1522.61   1522.60   0.0000e+00
   96780   201.307236   245.000   243.360   18.7422   18.7543   4.740675   4.742112   1.9634   -0.04258   1e+36   1e+36   95.6944   0.0104   1.0000e-12   1.6939e+00   5.9036e-11   3.1140985   168.223   1e+36   33   35.5507   35.5523   25.5189   25.5171   1522.63   1522.67   0.0000e+00
   96821   201.307266   244.000   242.367   18.7860   18.8141   4.745847   4.748839   2.0006   0.01933   1e+36   1e+36   95.6768   0.0084   1.0000e-12   1.6939e+00   5.9036e-11   3.1305318   166.573   1e+36   46   35.5568   35.5579   25.5125   25.5062   1522.75   1522.83   0.0000e+00
   96861   201.307281   243.000   241.374   18.8190   18.8407   4.749984   4.751965   1.9668   0.03264   1e+36   1e+36   95.6415   0.0111   1.0000e-12   1.6939e+00   5.9036e-11   3.1084480   156.299   1e+36   33   35.5637   35.5617   25.5093   25.5023   1522.83   1522.89   0.0000e+00
   96890   201.307297   242.000   240.382   18.8679   18.8650   4.755949   4.755067   1.9591   0.00145   1e+36   1e+36   95.6408   0.0124   1.0000e-12   1.6939e+00   5.9036e-11   3.1269503   163.495   1e+36   27   35.5721   35.5672   25.5033   25.5003   1522.97   1522.95   0.0000e+00
   96921   201.307312   241.000   239.389   18.8799   18.9043   4.757603   4.759589   1.9359   -0.03129   1e+36   1e+36   95.6268   0.0157   1.0000e-12   1.6939e+00   5.9036e-11   3.1252377   157.718   1e+36   38   35.5761   35.5718   25.5032   25.4938   1522.99   1523.05   0.0000e+00
   96967   201.307327   240.000   238.396   18.8477   18.9250   4.753233   4.762735   1.9777   0.00021   1e+36   1e+36   95.6120   0.0192   1.0000e-12   1.6939e+00   5.9036e-11   3.1393352   167.055   1e+36   46   35.5674   35.5808   25.5047   25.4953   1522.87   1523.11   0.0000e+00
   97001   201.307343   239.000   237.403   18.9559   18.9856   4.767204   4.770120   1.9729   -0.00624   1e+36   1e+36   95.5944   0.0191   1.0000e-12   1.6939e+00   5.9036e-11   3.1328127   161.114   1e+36   24   35.5921   35.5910   25.4961   25.4876   1523.19   1523.27   0.0000e+00
   97022   201.307358   238.000   236.411   19.0700   19.0722   4.781498   4.781702   1.9687   0.03682   1e+36   1e+36   95.5763   0.0161   1.0000e-12   1.6939e+00   5.9036e-11   3.0890889   162.242   1e+36   19   35.6143   35.6141   25.4838   25.4831   1523.52   1523.53   0.0000e+00
   97040   201.307358   237.000   235.418   19.1231   19.1468   4.787733   4.790043   1.9786   0.01775   1e+36   1e+36   95.5656   0.0197   1.0000e-12   1.6939e+00   5.9036e-11   3.1303763   164.957   1e+36   20   35.6212   35.6203   25.4755   25.4686   1523.66   1523.73   0.0000e+00
   97061   201.307373   236.000   234.425   19.1429   19.1579   4.789656   4.791127   1.9903   -0.00451   1e+36   1e+36   95.5612   0.0248   1.0000e-12   1.6939e+00   5.9036e-11   3.1136405   165.753   1e+36   21   35.6207   35.6202   25.4699   25.4657   1523.70   1523.75   0.0000e+00
   97086   201.307388   235.000   233.432   19.1503   19.1787   4.790610   4.793463   1.9990   -0.00495   1e+36   1e+36   95.5451   0.0207   1.0000e-12   1.6939e+00   5.9036e-11   3.1273737   166.017   1e+36   30   35.6227   35.6222   25.4695   25.4619   1523.71   1523.79   0.0000e+00
   97122   201.307404   234.000   232.439   19.1924   19.2008   4.795278   4.795816   2.0085   0.01206   1e+36   1e+36   95.5227   0.0173   1.0000e-12   1.6939e+00   5.9036e-11   3.1204844   166.664   1e+36   43   35.6260   35.6233   25.4612   25.4570   1523.82   1523.84   0.0000e+00
   97165   201.307419   233.000   231.447   19.2042   19.2123   4.796788   4.797346   2.0200   0.00663   1e+36   1e+36   95.4749   0.0161   1.0000e-12   1.6939e+00   5.9036e-11   3.1238844   168.720   1e+36   39   35.6288   35.6266   25.4603   25.4565   1523.84   1523.86   0.0000e+00
   97200   201.307434   232.000   230.454   19.2375   19.2327   4.800371   4.799675   2.0359   0.00517   1e+36   1e+36   95.4891   0.0237   1.0000e-12   1.6939e+00   5.9036e-11   3.1218305   169.327   1e+36   32   35.6306   35.6289   25.4530   25.4529   1523.92   1523.90   0.0000e+00
   97232   201.307465   231.000   229.461   19.2845   19.2496   4.805416   4.801289   2.0358   0.01029   1e+36   1e+36   95.4717   0.0227   1.0000e-12   1.6939e+00   5.9036e-11   3.1220613   168.675   1e+36   34   35.6327   35.6283   25.4425   25.4481   1524.03   1523.93   0.0000e+00
   97270   201.307480   230.000   228.468   19.2582   19.2486   4.802421   4.800661   2.0428   0.00544   1e+36   1e+36   95.4416   0.0225   1.0000e-12   1.6939e+00   5.9036e-11   3.1105130   170.542   1e+36   40   35.6307   35.6242   25.4477   25.4452   1523.94   1523.91   0.0000e+00
   97307   201.307495   229.000   227.476   19.3327   19.3132   4.810743   4.807945   2.0835   0.00174   1e+36   1e+36   95.4206   0.0284   1.0000e-12   1.6939e+00   5.9036e-11   3.1468747   179.792   1e+36   34   35.6366   35.6300   25.4329   25.4329   1524.14   1524.08   0.0000e+00
   97337   201.307510   228.000   226.483   19.4469   19.3794   4.823113   4.815804   2.1159   0.00469   1e+36   1e+36   95.4124   0.0209   1.0000e-12   1.6939e+00   5.9036e-11   3.1050332   177.297   1e+36   26   35.6422   35.6391   25.4076   25.4227   1524.45   1524.26   0.0000e+00
   97361   201.307526   227.000   225.490   19.4926   19.4240   4.827987   4.820606   2.1154   0.02676   1e+36   1e+36   95.3916   0.0219   1.0000e-12   1.6939e+00   5.9036e-11   3.1017756   176.094   1e+36   22   35.6440   35.6413   25.3971   25.4128   1524.57   1524.37   0.0000e+00
   97381   201.307526   226.000   224.497   19.4924   19.5367   4.827945   4.832191   2.1141   0.04435   1e+36   1e+36   95.3735   0.0234   1.0000e-12   1.6939e+00   5.9036e-11   3.1284523   168.724   1e+36   20   35.6442   35.6416   25.3972   25.3837   1524.55   1524.67   0.0000e+00
   97402   201.307541   225.000   223.504   19.5342   19.5720   4.832265   4.835792   2.0294   0.01164   1e+36   1e+36   95.3638   0.0249   1.0000e-12   1.6939e+00   5.9036e-11   3.1138053   159.512   1e+36   22   35.6447   35.6418   25.3867   25.3746   1524.65   1524.75   0.0000e+00
   97429   201.307556   224.000   222.512   19.5049   19.5645   4.828988   4.834709   2.0248   -0.00468   1e+36   1e+36   95.3520   0.0188   1.0000e-12   1.6939e+00   5.9036e-11   3.1239853   165.818   1e+36   35   35.6429   35.6395   25.3929   25.3748   1524.55   1524.71   0.0000e+00
   97472   201.307571   223.000   221.519   19.5757   19.5929   4.836422   4.837957   2.0227   -0.04781   1e+36   1e+36   95.3295   0.0122   1.0000e-12   1.6939e+00   5.9036e-11   3.1247549   165.878   1e+36   43   35.6445   35.6426   25.3757   25.3697   1524.73   1524.78   0.0000e+00
   97506   201.307587   222.000   220.526   19.6338   19.6182   4.842757   4.840792   2.0209   -0.00032   1e+36   1e+36   95.3187   0.0133   1.0000e-12   1.6939e+00   5.9036e-11   3.1136556   165.184   1e+36   29   35.6478   35.6448   25.3630   25.3648   1524.88   1524.83   0.0000e+00
   97536   201.307602   221.000   219.533   19.6796   19.6620   4.847553   4.845367   2.0176   -0.00057   1e+36   1e+36   95.3008   0.0175   1.0000e-12   1.6939e+00   5.9036e-11   3.1278932   164.631   1e+36   31   35.6488   35.6457   25.3517   25.3540   1524.99   1524.94   0.0000e+00
   97570   201.307617   220.000   218.540   19.6640   19.6725   4.845690   4.846441   2.0138   -0.00209   1e+36   1e+36   95.2800   0.0172   1.0000e-12   1.6939e+00   5.9036e-11   3.1375797   164.486   1e+36   37   35.6471   35.6460   25.3545   25.3514   1524.93   1524.95   0.0000e+00
   97604   201.307632   219.000   217.547   19.6774   19.7138   4.847196   4.850811   2.0127   -0.00279   1e+36   1e+36   95.2621   0.0164   1.0000e-12   1.6939e+00   5.9036e-11   3.1374533   164.156   1e+36   30   35.6485   35.6473   25.3520   25.3416   1524.95   1525.05   0.0000e+00
   97633   201.307648   218.000   216.555   19.7383   19.7221   4.853548   4.851505   2.0089   -0.00201   1e+36   1e+36   95.2448   0.0162   1.0000e-12   1.6939e+00   5.9036e-11   3.1265240   164.090   1e+36   29   35.6495   35.6464   25.3367   25.3387   1525.11   1525.06   0.0000e+00
   97662   201.307663   217.000   215.562   19.7304   19.7560   4.852638   4.855050   2.0419   -0.00119   1e+36   1e+36   95.2364   0.0237   1.0000e-12   1.6939e+00   5.9036e-11   3.1290350   174.642   1e+36   31   35.6491   35.6472   25.3385   25.3303   1525.07   1525.14   0.0000e+00
   97693   201.307678   216.000   214.569   19.7726   19.7881   4.857078   4.858457   2.0873   -0.00310   1e+36   1e+36   95.2207   0.0164   1.0000e-12   1.6939e+00   5.9036e-11   3.1541231   173.348   1e+36   28   35.6502   35.6483   25.3282   25.3227   1525.17   1525.21   0.0000e+00
