data/CTD/csp/csp00101.cnv
* Sea-Bird SBE 9 Data File:
* FileName = C:\SEASOFT\CASSIOPEE\data\csp00101.hex
* Software Version Seasave V 7.23.1
* Temperature SN = 1327
* Conductivity SN = 1075
* Number of Bytes Per Scan = 40
* Number of Voltage Words = 5
* Number of Scans Averaged by the Deck Unit = 1
* NMEA Latitude = 19 58.55 S
* NMEA Longitude = 168 00.45 E
* NMEA UTC (Time) = Jul 20 2015 06:15:13
* NMEA baud rate = 4800
** Cruise : CASSIOPEE
** Station : 00101
** Type: PHY
** Bottom Depth: 4937
** Operator:  JG-GE-ESL
** Comments:
# nquan = 25                                
# nvalues = 2010                        
# units = specified
# name 0 = scan: Scan Count
# name 1 = timeJ: Julian Days
# name 2 = prDM: Pressure, Digiquartz [db]
# name 3 = depSM: Depth [salt water, m]
# name 4 = t090C: Temperature [ITS-90, deg C]
# name 5 = t190C: Temperature, 2 [ITS-90, deg C]
# name 6 = c0S/m: Conductivity [S/m]
# name 7 = c1S/m: Conductivity, 2 [S/m]
# name 8 = sbeox0V: Oxygen raw, SBE 43 [V]
# name 9 = sbeox0dOV/dT: Oxygen, SBE 43 [dov/dt]
# name 10 = CStarTr0: Beam Transmission, WET Labs C-Star [%]
# name 11 = flC: Fluorescence, Chelsea Aqua 3 Chl Con [ug/l]
# name 12 = par: PAR/Irradiance, Biospherical/Licor
# name 13 = spar: SPAR/Surface Irradiance
# name 14 = cpar: CPAR/Corrected Irradiance [%]
# name 15 = upoly0: Upoly 0, UVP5
# name 16 = sbeox0Mm/Kg: Oxygen, SBE 43 [umol/kg], WS = 2
# name 17 = nbin: number of scans per bin
# name 18 = sal00: Salinity, Practical [PSU]
# name 19 = sal11: Salinity, Practical, 2 [PSU]
# name 20 = sigma-é00: Density [sigma-theta, kg/m^3]
# name 21 = sigma-é11: Density, 2 [sigma-theta, kg/m^3]
# name 22 = svCM: Sound Velocity [Chen-Millero, m/s]
# name 23 = svCM1: Sound Velocity, 2 [Chen-Millero, m/s]
# name 24 = flag: flag
# span 0 =       -593,     111220       
# span 1 = 201.260284, 201.314194       
# span 2 =      3.000,   1008.000       
# span 3 =      2.982,    999.419       
# span 4 =     4.3158,    23.6139       
# span 5 =     4.3160,    23.6135       
# span 6 =   3.282809,   5.250117       
# span 7 =   3.282105,   5.249608       
# span 8 =    -0.0488,     2.5421       
# span 9 =   -0.63765,    0.96436       
# span 10 =    92.6342,   100.1837      
# span 11 =    -0.0085,     0.2555      
# span 12 = -3.423e-05, 5.1155e+00      
# span 13 = -6.182e-02, 1.9048e+01      
# span 14 = -8.145e+02, 1.0196e+05      
# span 15 =  0.6131805,  147.58040      
# span 16 =   -439.943,    470.697      
# span 17 =         10,         72      
# span 18 =    34.3977,    35.7928      
# span 19 =    34.3888,    35.7886      
# span 20 =    24.1425,    27.3335      
# span 21 =    24.1400,    27.3267      
# span 22 =    1483.59,    1533.01      
# span 23 =    1483.59,    1533.02      
# span 24 = 0.0000e+00, 0.0000e+00      
# interval = decibars: 1                
# start_time = Jul 20 2015 06:15:13 [System UTC, header]
# bad_flag = -9.990e-29
*END*
[from data line 1854]
   99441   201.308517   158.000   156.975   21.4477   21.4606   5.039141   5.040478   2.0974   -0.00141   1e+36   1e+36   94.4316   0.0205   1.0000e-12   1.6939e+00   5.9036e-11   3.1233318   166.238   1e+36   30   35.7387   35.7386   24.9418   24.9382   1528.86   1528.89   0.0000e+00
   99468   201.308533   157.000   155.982   21.4948   21.4898   5.044698   5.043766   2.0902   -0.00323   1e+36   1e+36   94.4505   0.0216   1.0000e-12   1.6939e+00   5.9036e-11   3.1070619   165.366   1e+36   25   35.7441   35.7409   24.9329   24.9318   1528.98   1528.96   0.0000e+00
   99494   201.308548   156.000   154.989   21.5000   21.4992   5.045324   5.044922   2.0859   -0.00304   1e+36   1e+36   94.4387   0.0268   1.0000e-12   1.6939e+00   5.9036e-11   3.1385050   165.138   1e+36   30   35.7452   35.7427   24.9322   24.9305   1528.97   1528.97   0.0000e+00
   99536   201.308563   155.000   153.996   21.4940   21.5054   5.044492   5.045574   2.0838   -0.00482   1e+36   1e+36   94.4206   0.0220   1.0000e-12   1.6939e+00   5.9036e-11   3.1293397   165.136   1e+36   58   35.7439   35.7430   24.9328   24.9290   1528.94   1528.97   0.0000e+00
   99593   201.308594   154.000   153.003   21.4965   21.5276   5.044884   5.048254   2.0825   -0.00061   1e+36   1e+36   94.3992   0.0221   1.0000e-12   1.6939e+00   5.9036e-11   3.1219406   165.119   1e+36   44   35.7453   35.7463   24.9332   24.9253   1528.93   1529.01   0.0000e+00
   99629   201.308609   153.000   152.009   21.5599   21.5534   5.052300   5.051465   2.0781   -0.00167   1e+36   1e+36   94.3896   0.0327   1.0000e-12   1.6939e+00   5.9036e-11   3.1119683   163.838   1e+36   34   35.7520   35.7507   24.9207   24.9215   1529.09   1529.07   0.0000e+00
   99666   201.308624   152.000   151.016   21.6032   21.6036   5.057448   5.057036   2.0697   -0.00047   1e+36   1e+36   94.3732   0.0320   1.0000e-12   1.6939e+00   5.9036e-11   3.1138546   162.800   1e+36   40   35.7573   35.7537   24.9126   24.9098   1529.19   1529.19   0.0000e+00
   99712   201.308655   151.000   150.023   21.5949   21.6309   5.055826   5.059651   2.0677   -0.00519   1e+36   1e+36   94.3308   0.0255   1.0000e-12   1.6939e+00   5.9036e-11   3.1294670   163.515   1e+36   52   35.7517   35.7522   24.9106   24.9010   1529.15   1529.24   0.0000e+00
   99785   201.308685   150.000   149.030   21.6271   21.7062   5.059166   5.068347   2.0663   -0.00262   1e+36   1e+36   94.1469   0.0244   1.0000e-12   1.6939e+00   5.9036e-11   3.1176312   162.885   1e+36   34   35.7518   35.7591   24.9017   24.8853   1529.22   1529.43   0.0000e+00
   99866   201.308731   149.000   148.037   21.6931   21.7294   5.066739   5.070664   2.0570   -0.00544   1e+36   1e+36   94.1485   0.0268   1.0000e-12   1.6939e+00   5.9036e-11   3.1263642   162.052   1e+36   52   35.7575   35.7586   24.8877   24.8784   1529.38   1529.48   0.0000e+00
   99931   201.308762   148.000   147.044   21.6430   21.7095   5.060681   5.068489   2.0636   0.00063   1e+36   1e+36   94.2734   0.0282   1.0000e-12   1.6939e+00   5.9036e-11   3.1219211   162.560   1e+36   51   35.7514   35.7582   24.8969   24.8835   1529.23   1529.41   0.0000e+00
   99984   201.308777   147.000   146.050   21.7278   21.7369   5.070603   5.071373   2.0577   0.00226   1e+36   1e+36   94.2546   0.0254   1.0000e-12   1.6939e+00   5.9036e-11   3.1013296   161.286   1e+36   46   35.7601   35.7587   24.8798   24.8762   1529.44   1529.46   0.0000e+00
   100085   201.308838   146.000   145.057   21.6817   21.7147   5.065105   5.068223   2.0641   0.00042   1e+36   1e+36   94.2131   0.0242   1.0000e-12   1.6939e+00   5.9036e-11   3.1249645   162.434   1e+36   41   35.7551   35.7525   24.8888   24.8777   1529.30   1529.38   0.0000e+00
   100146   201.308868   145.000   144.064   21.7645   21.8106   5.074033   5.078138   2.0628   0.00655   1e+36   1e+36   94.1916   0.0270   1.0000e-12   1.6939e+00   5.9036e-11   3.1298871   161.812   1e+36   39   35.7576   35.7519   24.8676   24.8504   1529.50   1529.62   0.0000e+00
   100188   201.308884   144.000   143.071   21.7914   21.7833   5.076822   5.075331   2.0610   -0.00138   1e+36   1e+36   94.1882   0.0308   1.0000e-12   1.6939e+00   5.9036e-11   3.1060283   161.807   1e+36   37   35.7578   35.7526   24.8602   24.8585   1529.56   1529.53   0.0000e+00
   100281   201.308929   143.000   142.078   21.8337   21.8485   5.080786   5.081879   2.0630   -0.00063   1e+36   1e+36   94.1518   0.0314   1.0000e-12   1.6939e+00   5.9036e-11   3.1386383   162.007   1e+36   49   35.7545   35.7508   24.8458   24.8389   1529.65   1529.68   0.0000e+00
   100338   201.308960   142.000   141.084   21.8497   21.8569   5.082215   5.082438   2.0644   0.00116   1e+36   1e+36   94.1341   0.0287   1.0000e-12   1.6939e+00   5.9036e-11   3.1455584   162.055   1e+36   59   35.7529   35.7487   24.8401   24.8349   1529.67   1529.69   0.0000e+00
   100412   201.308990   141.000   140.091   21.8551   21.8537   5.082801   5.082423   2.0627   0.00038   1e+36   1e+36   94.1053   0.0284   1.0000e-12   1.6939e+00   5.9036e-11   3.1587183   161.708   1e+36   65   35.7534   35.7515   24.8389   24.8379   1529.67   1529.66   0.0000e+00
   100474   201.309021   140.000   139.098   21.8723   21.8685   5.084534   5.083920   2.0627   -0.00108   1e+36   1e+36   94.0818   0.0271   1.0000e-12   1.6939e+00   5.9036e-11   3.0885136   161.699   1e+36   55   35.7532   35.7515   24.8339   24.8336   1529.70   1529.69   0.0000e+00
   100546   201.309052   139.000   138.105   21.8787   21.8960   5.086012   5.087290   2.0591   0.00008   1e+36   1e+36   94.0647   0.0260   1.0000e-12   1.6939e+00   5.9036e-11   3.1317298   161.100   1e+36   39   35.7600   35.7558   24.8372   24.8292   1529.71   1529.75   0.0000e+00
   100644   201.309097   138.000   137.112   21.9596   22.0074   5.095619   5.100795   2.0486   -0.00303   1e+36   1e+36   94.0432   0.0295   1.0000e-12   1.6939e+00   5.9036e-11   3.0937834   159.601   1e+36   51   35.7693   35.7706   24.8215   24.8091   1529.91   1530.04   0.0000e+00
   100688   201.309128   137.000   136.118   22.0072   21.9806   5.100962   5.097646   2.0448   -0.00242   1e+36   1e+36   94.0227   0.0285   1.0000e-12   1.6939e+00   5.9036e-11   3.1347601   158.971   1e+36   48   35.7724   35.7683   24.8105   24.8149   1530.02   1529.95   0.0000e+00
   100755   201.309158   136.000   135.125   22.0155   22.0395   5.101913   5.104403   2.0413   -0.00252   1e+36   1e+36   94.0116   0.0307   1.0000e-12   1.6939e+00   5.9036e-11   3.1280739   159.020   1e+36   51   35.7735   35.7733   24.8090   24.8020   1530.03   1530.09   0.0000e+00
   100828   201.309189   135.000   134.132   22.1142   22.1157   5.113616   5.112841   2.0376   0.00148   1e+36   1e+36   93.9896   0.0291   1.0000e-12   1.6939e+00   5.9036e-11   3.1161461   157.956   1e+36   65   35.7846   35.7772   24.7895   24.7835   1530.28   1530.28   0.0000e+00
   100891   201.309219   134.000   133.139   22.1280   22.0950   5.114783   5.110586   2.0348   -0.00306   1e+36   1e+36   93.9769   0.0315   1.0000e-12   1.6939e+00   5.9036e-11   3.1216335   157.912   1e+36   60   35.7827   35.7769   24.7842   24.7890   1530.30   1530.21   0.0000e+00
   100960   201.309250   133.000   132.145   22.1721   22.2070   5.119505   5.123372   2.0332   -0.00034   1e+36   1e+36   93.9386   0.0296   1.0000e-12   1.6939e+00   5.9036e-11   3.1179349   157.584   1e+36   57   35.7838   35.7854   24.7725   24.7639   1530.40   1530.49   0.0000e+00
   101041   201.309296   132.000   131.152   22.2141   22.2498   5.124049   5.127882   2.0313   -0.00151   1e+36   1e+36   93.9341   0.0309   1.0000e-12   1.6939e+00   5.9036e-11   3.1187711   157.164   1e+36   47   35.7853   35.7859   24.7617   24.7521   1530.49   1530.59   0.0000e+00
   101114   201.309326   131.000   130.159   22.2741   22.3249   5.130852   5.136067   2.0308   0.00118   1e+36   1e+36   93.9096   0.0252   1.0000e-12   1.6939e+00   5.9036e-11   3.1183050   157.111   1e+36   45   35.7896   35.7886   24.7480   24.7328   1530.64   1530.77   0.0000e+00
   101169   201.309357   130.000   129.166   22.2911   22.2886   5.132563   5.131842   2.0295   -0.00041   1e+36   1e+36   93.8954   0.0283   1.0000e-12   1.6939e+00   5.9036e-11   3.1252825   156.828   1e+36   51   35.7894   35.7857   24.7429   24.7408   1530.66   1530.65   0.0000e+00
   101244   201.309387   129.000   128.172   22.3079   22.4107   5.134634   5.144558   2.0335   -0.00005   1e+36   1e+36   93.8782   0.0282   1.0000e-12   1.6939e+00   5.9036e-11   3.1198776   157.319   1e+36   53   35.7921   35.7853   24.7402   24.7059   1530.69   1530.95   0.0000e+00
   101290   201.309418   128.000   127.179   22.3878   22.3919   5.142708   5.142719   2.0338   0.00154   1e+36   1e+36   93.8630   0.0295   1.0000e-12   1.6939e+00   5.9036e-11   3.1132247   157.022   1e+36   49   35.7900   35.7867   24.7158   24.7122   1530.88   1530.89   0.0000e+00
   101385   201.309464   127.000   126.186   22.4329   22.4833   5.146757   5.151556   2.0432   0.00013   1e+36   1e+36   93.8395   0.0336   1.0000e-12   1.6939e+00   5.9036e-11   3.1021495   158.717   1e+36   40   35.7849   35.7811   24.6991   24.6818   1530.98   1531.10   0.0000e+00
   101444   201.309494   126.000   125.192   22.5832   22.6220   5.161253   5.164545   2.0560   0.00458   1e+36   1e+36   93.8125   0.0450   1.0000e-12   1.6939e+00   5.9036e-11   3.1311100   159.056   1e+36   48   35.7752   35.7691   24.6488   24.6332   1531.34   1531.43   0.0000e+00
   101536   201.309540   125.000   124.199   22.5890   22.6441   5.161586   5.166162   2.0635   0.00138   1e+36   1e+36   93.7842   0.0517   1.0000e-12   1.6939e+00   5.9036e-11   3.1314175   159.952   1e+36   35   35.7733   35.7639   24.6457   24.6228   1531.33   1531.47   0.0000e+00
   101582   201.309555   124.000   123.206   22.6327   22.6751   5.165313   5.168610   2.0717   0.00221   1e+36   1e+36   93.7520   0.0511   1.0000e-12   1.6939e+00   5.9036e-11   3.1064868   161.054   1e+36   35   35.7670   35.7579   24.6284   24.6094   1531.42   1531.52   0.0000e+00
   101624   201.309570   123.000   122.213   22.6729   22.6833   5.168199   5.168928   2.0838   0.00462   1e+36   1e+36   93.7313   0.0507   1.0000e-12   1.6939e+00   5.9036e-11   3.1182640   161.678   1e+36   54   35.7569   35.7541   24.6092   24.6040   1531.50   1531.52   0.0000e+00
   101737   201.309631   122.000   121.219   22.6820   22.6975   5.168690   5.169241   2.0959   0.00221   1e+36   1e+36   93.7060   0.0532   1.0000e-12   1.6939e+00   5.9036e-11   3.1181538   163.397   1e+36   29   35.7536   35.7453   24.6040   24.5932   1531.50   1531.53   0.0000e+00
   101805   201.309662   121.000   120.226   22.7065   22.7041   5.168775   5.168472   2.1142   0.00291   1e+36   1e+36   93.6933   0.0528   1.0000e-12   1.6939e+00   5.9036e-11   3.1026216   165.010   1e+36   43   35.7346   35.7342   24.5824   24.5829   1531.53   1531.52   0.0000e+00
   101849   201.309677   120.000   119.233   22.7048   22.7013   5.168639   5.168371   2.1203   0.00875   1e+36   1e+36   93.6671   0.0584   1.0000e-12   1.6939e+00   5.9036e-11   3.0863123   165.117   1e+36   52   35.7353   35.7360   24.5834   24.5850   1531.51   1531.50   0.0000e+00
   101921   201.309723   119.000   118.239   22.7001   22.7083   5.168361   5.168255   2.1205   0.00171   1e+36   1e+36   93.6518   0.0544   1.0000e-12   1.6939e+00   5.9036e-11   3.0954993   164.981   1e+36   45   35.7373   35.7297   24.5862   24.5781   1531.48   1531.49   0.0000e+00
   101969   201.309738   118.000   117.246   22.7082   22.7098   5.168169   5.167984   2.1265   -0.00046   1e+36   1e+36   93.6391   0.0516   1.0000e-12   1.6939e+00   5.9036e-11   3.1043077   165.966   1e+36   44   35.7295   35.7268   24.5780   24.5754   1531.48   1531.48   0.0000e+00
   102112   201.309814   117.000   116.253   22.7092   22.7198   5.168137   5.168251   2.1422   0.00569   1e+36   1e+36   93.5844   0.0450   1.0000e-12   1.6939e+00   5.9036e-11   3.0939560   167.274   1e+36   37   35.7288   35.7210   24.5770   24.5681   1531.46   1531.48   0.0000e+00
   102141   201.309830   116.000   115.259   22.7304   22.7405   5.169024   5.169195   2.1516   0.00179   1e+36   1e+36   93.5807   0.0536   1.0000e-12   1.6939e+00   5.9036e-11   3.1157227   168.998   1e+36   35   35.7187   35.7118   24.5632   24.5551   1531.49   1531.51   0.0000e+00
   102185   201.309845   115.000   114.266   22.7466   22.7565   5.170049   5.170590   2.1617   0.00442   1e+36   1e+36   93.5684   0.0513   1.0000e-12   1.6939e+00   5.9036e-11   3.1160302   169.168   1e+36   56   35.7137   35.7099   24.5548   24.5490   1531.51   1531.53   0.0000e+00
   102260   201.309875   114.000   113.273   22.7536   22.8027   5.171067   5.174539   2.1672   0.00088   1e+36   1e+36   93.5481   0.0446   1.0000e-12   1.6939e+00   5.9036e-11   3.1192009   169.732   1e+36   40   35.7163   35.7032   24.5547   24.5306   1531.51   1531.62   0.0000e+00
   102357   201.309921   113.000   112.279   22.8358   22.8302   5.177960   5.177325   2.1813   0.00163   1e+36   1e+36   93.5277   0.0489   1.0000e-12   1.6939e+00   5.9036e-11   3.0793538   171.278   1e+36   59   35.7031   35.7028   24.5210   24.5224   1531.69   1531.68   0.0000e+00
   102489   201.309998   112.000   111.286   22.9225   22.9452   5.186061   5.188138   2.2026   0.00086   1e+36   1e+36   93.4982   0.0496   1.0000e-12   1.6939e+00   5.9036e-11   3.1202424   172.891   1e+36   52   35.6957   35.6933   24.4903   24.4820   1531.89   1531.94   0.0000e+00
   102626   201.310059   111.000   110.293   22.9833   22.9987   5.191918   5.193036   2.2201   0.00426   1e+36   1e+36   93.4594   0.0672   1.0000e-12   1.6939e+00   5.9036e-11   3.1041720   174.290   1e+36   23   35.6918   35.6880   24.4698   24.4624   1532.02   1532.06   0.0000e+00
   102732   201.310104   110.000   109.299   22.9979   23.0265   5.192999   5.195552   2.2270   0.00257   1e+36   1e+36   93.4293   0.0765   1.0000e-12   1.6939e+00   5.9036e-11   3.0915048   174.310   1e+36   48   35.6887   35.6852   24.4632   24.4522   1532.04   1532.11   0.0000e+00
   102882   201.310181   109.000   108.306   23.0083   23.0363   5.193986   5.196566   2.2340   0.00234   1e+36   1e+36   93.3964   0.0650   1.0000e-12   1.6939e+00   5.9036e-11   3.1367898   175.580   1e+36   35   35.6882   35.6854   24.4597   24.4496   1532.05   1532.11   0.0000e+00
   103009   201.310242   108.000   107.312   23.0295   23.0336   5.196083   5.196135   2.2397   0.00146   1e+36   1e+36   93.3590   0.0587   1.0000e-12   1.6939e+00   5.9036e-11   3.1120977   176.242   1e+36   37   35.6876   35.6847   24.4531   24.4497   1532.08   1532.09   0.0000e+00
   103851   201.310654   107.000   106.319   23.0873   23.0870   5.202142   5.201854   2.2528   -0.00088   1e+36   1e+36   93.2461   0.0718   1.0000e-12   1.6939e+00   5.9036e-11   3.0957820   177.152   1e+36   61   35.6877   35.6858   24.4364   24.4350   1532.21   1532.21   0.0000e+00
   104641   201.311035   106.000   105.326   23.1308   23.1312   5.206926   5.206676   2.2681   0.00051   1e+36   1e+36   93.1746   0.0911   1.0000e-12   1.6939e+00   5.9036e-11   3.0865252   178.834   1e+36   36   35.6897   35.6874   24.4252   24.4234   1532.31   1532.31   0.0000e+00
   104705   201.311066   105.000   104.332   23.1579   23.1432   5.209869   5.208029   2.2739   0.00376   1e+36   1e+36   93.1349   0.1002   1.0000e-12   1.6939e+00   5.9036e-11   3.0702167   178.800   1e+36   36   35.6908   35.6885   24.4181   24.4207   1532.36   1532.32   0.0000e+00
   104816   201.311111   104.000   103.339   23.2162   23.2087   5.216463   5.215158   2.2881   0.00078   1e+36   1e+36   93.1622   0.1146   1.0000e-12   1.6939e+00   5.9036e-11   3.0965285   181.063   1e+36   53   35.6947   35.6907   24.4041   24.4033   1532.50   1532.47   0.0000e+00
